1 0.2515625 0.5166666666666667 0.03515625 0.11666666666666667
1 0.8078125 0.5583333333333333 0.03046875 0.1
1 0.73125 0.6694444444444444 0.03984375 0.15416666666666667
1 0.640625 0.6527777777777778 0.0375 0.1375
1 0.62265625 0.5791666666666667 0.0328125 0.14166666666666666
1 0.5890625 0.49444444444444446 0.03359375 0.09583333333333334
1 0.56875 0.5916666666666667 0.04375 0.09861111111111111
1 0.50625 0.6222222222222222 0.034375 0.12083333333333333
1 0.5109375 0.5027777777777778 0.03359375 0.09861111111111111
1 0.48125 0.5263888888888889 0.021875 0.11944444444444445
1 0.4578125 0.525 0.02578125 0.15138888888888888
0 0.4234375 0.5444444444444444 0.0375 0.2388888888888889
0 0.359375 0.45416666666666666 0.03046875 0.18611111111111112
0 0.77265625 0.5569444444444445 0.0390625 0.20833333333333334