1 0.2296875 0.3902777777777778 0.01796875 0.04722222222222222
1 0.19609375 0.43194444444444446 0.0234375 0.06388888888888888
1 0.1484375 0.4166666666666667 0.01953125 0.07083333333333333
1 0.12890625 0.41388888888888886 0.0171875 0.05416666666666667
1 0.096875 0.45 0.01953125 0.05
1 0.7109375 0.4027777777777778 0.01640625 0.05555555555555555
1 0.721875 0.4625 0.01796875 0.06388888888888888
1 0.69296875 0.5194444444444445 0.0453125 0.09305555555555556
1 0.5359375 0.7472222222222222 0.06796875 0.10416666666666667
1 0.5578125 0.9 0.05390625 0.1111111111111111
1 0.50625 0.9583333333333334 0.06640625 0.08194444444444444
1 0.603125 0.9708333333333333 0.05078125 0.058333333333333334
0 0.7140625 0.9194444444444444 0.103125 0.16111111111111112
0 0.7515625 0.5388888888888889 0.03828125 0.1375
0 0.7515625 0.4444444444444444 0.02578125 0.15
0 0.065625 0.44166666666666665 0.03359375 0.1111111111111111