1 0.0640625 0.6263888888888889 0.05390625 0.11388888888888889
1 0.01875 0.5888888888888889 0.03203125 0.11805555555555555
1 0.778125 0.7444444444444445 0.04921875 0.15
1 0.3328125 0.44722222222222224 0.02578125 0.08333333333333333
1 0.81875 0.5388888888888889 0.034375 0.10972222222222222
1 0.73203125 0.5055555555555555 0.0328125 0.07361111111111111
1 0.6359375 0.6583333333333333 0.06328125 0.15416666666666667
1 0.6703125 0.475 0.02265625 0.09027777777777778
1 0.671875 0.42777777777777776 0.02109375 0.05138888888888889
1 0.60859375 0.5 0.0234375 0.09305555555555556
1 0.5625 0.4638888888888889 0.02421875 0.09027777777777778
1 0.53515625 0.4666666666666667 0.0265625 0.09305555555555556
1 0.5046875 0.49166666666666664 0.02421875 0.10416666666666667
1 0.4796875 0.4847222222222222 0.025 0.058333333333333334
1 0.4546875 0.44166666666666665 0.01875 0.0763888888888889
1 0.45625 0.5013888888888889 0.02578125 0.075
0 0.590625 0.43333333333333335 0.028125 0.1625
0 0.7609375 0.48055555555555557 0.03515625 0.15694444444444444