1 0.57890625 0.9472222222222222 0.0734375 0.10555555555555556
1 0.80078125 0.6166666666666667 0.0515625 0.06111111111111111
1 0.7484375 0.5416666666666666 0.04140625 0.07361111111111111
1 0.71796875 0.4666666666666667 0.0171875 0.0875
1 0.6921875 0.49166666666666664 0.01875 0.06527777777777778
1 0.6734375 0.46944444444444444 0.021875 0.09444444444444444
1 0.43125 0.5541666666666667 0.0375 0.10277777777777777
1 0.334375 0.5597222222222222 0.028125 0.11388888888888889
1 0.30546875 0.4152777777777778 0.0234375 0.06944444444444445
1 0.1328125 0.46944444444444444 0.034375 0.07083333333333333
1 0.06875 0.4361111111111111 0.028125 0.06805555555555555
0 0.16875 0.4638888888888889 0.04921875 0.18888888888888888
0 0.5203125 0.4388888888888889 0.025 0.18472222222222223