1 0.09765625 0.4527777777777778 0.0359375 0.08472222222222223
1 0.06328125 0.9388888888888889 0.0890625 0.12222222222222222
1 0.3328125 0.8388888888888889 0.059375 0.18472222222222223
1 0.35703125 0.6069444444444444 0.0515625 0.1361111111111111
1 0.65 0.3958333333333333 0.01875 0.05277777777777778
1 0.57578125 0.3875 0.0140625 0.04722222222222222
1 0.4875 0.43333333333333335 0.02890625 0.05694444444444444
1 0.4671875 0.43333333333333335 0.02109375 0.07222222222222222
1 0.58828125 0.5361111111111111 0.0296875 0.12083333333333333
1 0.71875 0.5708333333333333 0.03203125 0.08055555555555556
1 0.628125 0.5 0.03828125 0.0875
1 0.653125 0.6666666666666666 0.03984375 0.11805555555555555
1 0.684375 0.95 0.06796875 0.1
1 0.5328125 0.9041666666666667 0.06171875 0.19166666666666668
1 0.4453125 0.9444444444444444 0.05546875 0.1111111111111111
1 0.47265625 0.7319444444444444 0.0515625 0.125
1 0.4015625 0.7333333333333333 0.04765625 0.20694444444444443
0 0.190625 0.6694444444444444 0.06484375 0.3236111111111111
0 0.2703125 0.7166666666666667 0.08984375 0.2986111111111111
0 0.0515625 0.41944444444444445 0.02578125 0.11805555555555555