1 0.78828125 0.5472222222222223 0.0390625 0.10972222222222222
1 0.503125 0.4305555555555556 0.025 0.09027777777777778
1 0.48359375 0.4013888888888889 0.0140625 0.06944444444444445
1 0.4671875 0.3972222222222222 0.01796875 0.07083333333333333
1 0.26328125 0.41944444444444445 0.0234375 0.08472222222222223
1 0.1921875 0.5194444444444445 0.028125 0.1375
1 0.1765625 0.49722222222222223 0.025 0.08888888888888889
1 0.159375 0.5694444444444444 0.03671875 0.10555555555555556
1 0.13984375 0.5194444444444445 0.0234375 0.07222222222222222
1 0.0828125 0.6069444444444444 0.04765625 0.11944444444444445
1 0.0578125 0.6472222222222223 0.05390625 0.1375
1 0.015625 0.6013888888888889 0.03125 0.1638888888888889
0 0.3421875 0.3972222222222222 0.03359375 0.12083333333333333
0 0.5953125 0.4375 0.03828125 0.1361111111111111