1 0.28515625 0.38055555555555554 0.0203125 0.06805555555555555
1 0.234375 0.38055555555555554 0.01484375 0.05555555555555555
1 0.221875 0.38333333333333336 0.015625 0.05555555555555555
1 0.14765625 0.41388888888888886 0.0234375 0.06805555555555555
1 0.13203125 0.42777777777777776 0.0234375 0.06111111111111111
1 0.08828125 0.4388888888888889 0.0296875 0.07222222222222222
1 0.46875 0.5027777777777778 0.021875 0.10416666666666667
1 0.5078125 0.5541666666666667 0.03125 0.09722222222222222
1 0.65625 0.5291666666666667 0.01953125 0.10833333333333334
1 0.7046875 0.4083333333333333 0.02109375 0.043055555555555555
1 0.75703125 0.4444444444444444 0.0296875 0.05694444444444444
1 0.53515625 0.7388888888888889 0.0609375 0.1125
1 0.49453125 0.9555555555555556 0.0640625 0.08888888888888889
0 0.6125 0.9194444444444444 0.12734375 0.16111111111111112
0 0.709375 0.5277777777777778 0.034375 0.19305555555555556
0 0.7734375 0.4888888888888889 0.04375 0.1763888888888889
0 0.1875 0.3861111111111111 0.02421875 0.10694444444444444