1 0.915625 0.8333333333333334 0.0875 0.18194444444444444
1 0.678125 0.5277777777777778 0.04609375 0.10138888888888889
1 0.68359375 0.44722222222222224 0.0296875 0.0763888888888889
1 0.57421875 0.48055555555555557 0.0265625 0.11666666666666667
1 0.48203125 0.6708333333333333 0.0453125 0.14166666666666666
1 0.4359375 0.8888888888888888 0.06875 0.10972222222222222
1 0.4265625 0.8333333333333334 0.05859375 0.1625
1 0.41171875 0.7666666666666667 0.0453125 0.1
1 0.340625 0.4083333333333333 0.02421875 0.0375
1 0.221875 0.48333333333333334 0.02734375 0.08194444444444444
1 0.0625 0.6013888888888889 0.040625 0.11944444444444445
1 0.01875 0.6 0.03515625 0.12361111111111112
0 0.5984375 0.4486111111111111 0.034375 0.16944444444444445
0 0.534375 0.6472222222222223 0.06328125 0.3
0 0.52734375 0.5236111111111111 0.0484375 0.20833333333333334