1 0.84375 0.6527777777777778 0.03828125 0.1111111111111111
1 0.68046875 0.4444444444444444 0.0296875 0.07361111111111111
1 0.51328125 0.7416666666666667 0.0328125 0.18194444444444444
1 0.4640625 0.4888888888888889 0.03359375 0.06111111111111111
1 0.478125 0.8138888888888889 0.04375 0.18333333333333332
1 0.453125 0.7055555555555556 0.04609375 0.1388888888888889
1 0.440625 0.8833333333333333 0.06171875 0.12638888888888888
1 0.4234375 0.8402777777777778 0.05625 0.1527777777777778
1 0.40859375 0.7916666666666666 0.0453125 0.1736111111111111
1 0.38125 0.4166666666666667 0.025 0.08194444444444444
1 0.359375 0.4888888888888889 0.03359375 0.0763888888888889
1 0.340625 0.4097222222222222 0.02890625 0.030555555555555555
1 0.2921875 0.5 0.028125 0.09583333333333334
1 0.3203125 0.6791666666666667 0.05859375 0.15833333333333333
1 0.0515625 0.7583333333333333 0.07109375 0.2013888888888889
1 0.9203125 0.7777777777777778 0.034375 0.09027777777777778
0 0.0765625 0.6472222222222223 0.084375 0.2722222222222222
0 0.24609375 0.6138888888888889 0.0515625 0.2722222222222222
0 0.23671875 0.46111111111111114 0.0421875 0.1625