1 0.74375 0.4583333333333333 0.015625 0.07222222222222222
1 0.5984375 0.4791666666666667 0.01953125 0.09722222222222222
1 0.7421875 0.5569444444444445 0.02578125 0.10833333333333334
1 0.72265625 0.5027777777777778 0.0203125 0.04861111111111111
1 0.69375 0.5277777777777778 0.02265625 0.07916666666666666
1 0.55625 0.9597222222222223 0.05546875 0.08055555555555556
1 0.4984375 0.9541666666666667 0.06875 0.09166666666666666
1 0.5984375 0.7569444444444444 0.04921875 0.11388888888888889
1 0.53671875 0.7430555555555556 0.0578125 0.1361111111111111
1 0.415625 0.49027777777777776 0.034375 0.10277777777777777
1 0.3546875 0.5097222222222222 0.03515625 0.11944444444444445
1 0.3421875 0.45 0.02421875 0.08333333333333333
1 0.275 0.49166666666666664 0.02421875 0.08194444444444444
1 0.2234375 0.38472222222222224 0.0125 0.06388888888888888
1 0.2078125 0.39444444444444443 0.01953125 0.059722222222222225
1 0.153125 0.4111111111111111 0.02578125 0.06805555555555555
1 0.0796875 0.4388888888888889 0.021875 0.07916666666666666
1 0.759375 0.4444444444444444 0.02109375 0.043055555555555555
0 0.66875 0.4166666666666667 0.02578125 0.12361111111111112
0 0.4484375 0.5027777777777778 0.03828125 0.1986111111111111
0 0.1109375 0.4111111111111111 0.02265625 0.10694444444444444