1 0.1234375 0.48055555555555557 0.03359375 0.09861111111111111
1 0.06875 0.44166666666666665 0.03671875 0.0763888888888889
1 0.9 0.9416666666666667 0.04453125 0.1125
1 0.821875 0.8611111111111112 0.06015625 0.07916666666666666
1 0.8859375 0.6833333333333333 0.05078125 0.1375
1 0.81171875 0.5972222222222222 0.0421875 0.12777777777777777
1 0.71484375 0.46805555555555556 0.0234375 0.075
1 0.703125 0.5 0.02109375 0.06111111111111111
1 0.6875 0.4861111111111111 0.02734375 0.06111111111111111
1 0.540625 0.48333333333333334 0.034375 0.08333333333333333
1 0.309375 0.4166666666666667 0.02109375 0.06666666666666667
0 0.8234375 0.9333333333333333 0.11484375 0.13333333333333333
0 0.2765625 0.4027777777777778 0.0375 0.09027777777777778