1 0.4328125 0.6083333333333333 0.03984375 0.12222222222222222
1 0.590625 0.45555555555555555 0.025 0.10555555555555556
1 0.7875 0.5041666666666667 0.028125 0.08055555555555556
1 0.9296875 0.6555555555555556 0.06015625 0.1388888888888889
1 0.9421875 0.5138888888888888 0.03359375 0.08888888888888889
1 0.909375 0.5166666666666667 0.02890625 0.10555555555555556
1 0.8609375 0.4875 0.01953125 0.10277777777777777
1 0.8453125 0.49444444444444446 0.02421875 0.08194444444444444
1 0.84375 0.4527777777777778 0.01875 0.07083333333333333
1 0.80625 0.4263888888888889 0.01875 0.075
0 0.8984375 0.4486111111111111 0.040625 0.175
0 0.840625 0.43333333333333335 0.04453125 0.09861111111111111