1 0.134375 0.5694444444444444 0.04140625 0.07361111111111111
1 0.240625 0.6555555555555556 0.03984375 0.10416666666666667
1 0.24375 0.8 0.05703125 0.17222222222222222
1 0.9796875 0.6986111111111111 0.03828125 0.18055555555555555
1 0.93125 0.7055555555555556 0.046875 0.1736111111111111
1 0.825 0.49444444444444446 0.02578125 0.0763888888888889
1 0.815625 0.44166666666666665 0.01953125 0.0875
1 0.56875 0.41944444444444445 0.03046875 0.07361111111111111
1 0.5484375 0.42777777777777776 0.02421875 0.0625
1 0.31875 0.4888888888888889 0.02265625 0.10972222222222222
0 0.9 0.49444444444444446 0.065625 0.12916666666666668