1 0.2765625 0.44166666666666665 0.028125 0.04861111111111111
1 0.571875 0.475 0.02734375 0.05416666666666667
1 0.96796875 0.525 0.0328125 0.09583333333333334
1 0.9015625 0.49722222222222223 0.034375 0.07777777777777778
1 0.8671875 0.47638888888888886 0.03046875 0.08055555555555556
1 0.8515625 0.45416666666666666 0.025 0.08611111111111111
1 0.84375 0.4375 0.02578125 0.075
1 0.825 0.49722222222222223 0.02890625 0.09027777777777778
1 0.75078125 0.49722222222222223 0.0296875 0.07777777777777778
1 0.71796875 0.4722222222222222 0.0328125 0.10555555555555556
1 0.70625 0.425 0.02578125 0.06666666666666667
0 0.81328125 0.41944444444444445 0.0265625 0.14305555555555555
0 0.840625 0.41388888888888886 0.04375 0.12222222222222222