1 0.6 0.475 0.025 0.08194444444444444
1 0.44296875 0.38055555555555554 0.0109375 0.05
1 0.43125 0.3972222222222222 0.01875 0.03333333333333333
1 0.409375 0.3875 0.01171875 0.05277777777777778
1 0.3984375 0.36666666666666664 0.01015625 0.04027777777777778
1 0.796875 0.6611111111111111 0.03046875 0.0763888888888889
1 0.7203125 0.6138888888888889 0.040625 0.06111111111111111
1 0.725 0.6694444444444444 0.03515625 0.06805555555555555
1 0.76875 0.775 0.06328125 0.09861111111111111
1 0.6171875 0.9 0.09375 0.2
0 0.4140625 0.3638888888888889 0.01875 0.1125
0 0.8484375 0.7111111111111111 0.04765625 0.14444444444444443