1 0.12890625 0.5638888888888889 0.0453125 0.13194444444444445
1 0.246875 0.5208333333333334 0.03671875 0.09722222222222222
1 0.56875 0.44722222222222224 0.02734375 0.0875
1 0.5875 0.4722222222222222 0.01875 0.08472222222222223
1 0.64453125 0.5166666666666667 0.0296875 0.1111111111111111
1 0.87578125 0.9 0.0734375 0.1986111111111111
1 0.90390625 0.6888888888888889 0.0484375 0.14583333333333334
1 0.9015625 0.475 0.02578125 0.08472222222222223
1 0.88125 0.4652777777777778 0.03125 0.075
1 0.8421875 0.44166666666666665 0.02421875 0.06527777777777778
0 0.875 0.6472222222222223 0.06171875 0.2652777777777778
0 0.278125 0.39305555555555555 0.03984375 0.14722222222222223