1 0.846875 0.7194444444444444 0.06875 0.15
1 0.7890625 0.4888888888888889 0.03046875 0.1
1 0.70625 0.4722222222222222 0.02578125 0.10138888888888889
1 0.653125 0.47638888888888886 0.02109375 0.075
1 0.57578125 0.48194444444444445 0.0296875 0.075
1 0.56875 0.42777777777777776 0.02265625 0.06666666666666667
1 0.5359375 0.5236111111111111 0.03046875 0.10277777777777777
1 0.5015625 0.9111111111111111 0.08203125 0.09861111111111111
1 0.4875 0.8 0.10078125 0.19305555555555556
1 0.4890625 0.44166666666666665 0.02421875 0.08333333333333333
1 0.4421875 0.425 0.01640625 0.07083333333333333
1 0.421875 0.3972222222222222 0.01953125 0.043055555555555555
1 0.36015625 0.4527777777777778 0.0171875 0.07777777777777778
1 0.3421875 0.4513888888888889 0.021875 0.06388888888888888
1 0.24609375 0.5472222222222223 0.0265625 0.07222222222222222
1 0.1984375 0.5527777777777778 0.02109375 0.0625
1 0.1875 0.5861111111111111 0.03984375 0.07361111111111111
0 0.740625 0.45 0.03671875 0.1486111111111111
0 0.1234375 0.5694444444444444 0.0625 0.23194444444444445