1 0.2359375 0.4222222222222222 0.02890625 0.06111111111111111
1 0.85 0.9097222222222222 0.07265625 0.18055555555555555
1 0.8015625 0.8666666666666667 0.08671875 0.16666666666666666
1 0.9171875 0.5416666666666666 0.03671875 0.10972222222222222
1 0.8609375 0.4583333333333333 0.02421875 0.08472222222222223
1 0.81875 0.4888888888888889 0.02578125 0.07222222222222222
1 0.84140625 0.45555555555555555 0.0234375 0.0763888888888889
1 0.58671875 0.425 0.0265625 0.07361111111111111
1 0.5515625 0.44722222222222224 0.01796875 0.06527777777777778
0 0.7765625 0.49027777777777776 0.04765625 0.14722222222222223
0 0.82109375 0.4236111111111111 0.0328125 0.14722222222222223