1 0.125 0.5722222222222222 0.04453125 0.11805555555555555
1 0.2109375 0.7555555555555555 0.06953125 0.17916666666666667
1 0.22265625 0.5416666666666666 0.0421875 0.10555555555555556
1 0.303125 0.4708333333333333 0.02265625 0.09166666666666666
1 0.3125 0.4222222222222222 0.01640625 0.06527777777777778
1 0.2953125 0.4083333333333333 0.01328125 0.06527777777777778
1 0.284375 0.41944444444444445 0.01484375 0.08194444444444444
1 0.559375 0.4027777777777778 0.021875 0.043055555555555555
1 0.96796875 0.7125 0.0453125 0.125
1 0.9796875 0.8666666666666667 0.03828125 0.18472222222222223
0 0.6875 0.5041666666666667 0.025 0.19722222222222222
0 0.70546875 0.46805555555555556 0.0296875 0.18611111111111112