1 0.73125 0.6416666666666667 0.04296875 0.09861111111111111
1 0.6734375 0.4888888888888889 0.03125 0.08888888888888889
1 0.615625 0.5444444444444444 0.04609375 0.15138888888888888
1 0.54296875 0.5444444444444444 0.0328125 0.09444444444444444
1 0.55 0.5916666666666667 0.028125 0.13333333333333333
1 0.51640625 0.6666666666666666 0.0359375 0.17083333333333334
1 0.490625 0.5222222222222223 0.03671875 0.09444444444444444
1 0.4703125 0.5444444444444444 0.03359375 0.1375
1 0.43125 0.49583333333333335 0.02890625 0.06944444444444445
1 0.4109375 0.4722222222222222 0.02421875 0.059722222222222225
0 0.365625 0.5111111111111111 0.046875 0.23472222222222222