1 0.2515625 0.5083333333333333 0.03125 0.10694444444444444
1 0.603125 0.5388888888888889 0.028125 0.11666666666666667
1 0.7953125 0.5638888888888889 0.03984375 0.09027777777777778
1 0.5390625 0.44722222222222224 0.021875 0.0625
1 0.5328125 0.5333333333333333 0.03359375 0.12222222222222222
1 0.5 0.6083333333333333 0.03828125 0.12638888888888888
1 0.49375 0.5333333333333333 0.02890625 0.05
1 0.51015625 0.5027777777777778 0.0234375 0.07916666666666666
1 0.4890625 0.46805555555555556 0.01875 0.08611111111111111
1 0.47265625 0.46805555555555556 0.0203125 0.08611111111111111
0 0.415625 0.5430555555555555 0.04296875 0.2361111111111111
0 0.4453125 0.4486111111111111 0.03046875 0.19722222222222222
0 0.8875 0.575 0.04296875 0.19444444444444445