1 0.8125 0.6930555555555555 0.04296875 0.1527777777777778
1 0.678125 0.6527777777777778 0.08359375 0.15138888888888888
1 0.62421875 0.4583333333333333 0.0265625 0.0763888888888889
1 0.48984375 0.5972222222222222 0.0390625 0.0875
1 0.48125 0.475 0.01484375 0.10416666666666667
1 0.4609375 0.46111111111111114 0.015625 0.044444444444444446
1 0.4640625 0.5111111111111111 0.025 0.08194444444444444
1 0.434375 0.5472222222222223 0.02734375 0.12361111111111112
1 0.390625 0.41388888888888886 0.01953125 0.0625
1 0.2375 0.4666666666666667 0.025 0.06666666666666667
0 0.3625 0.5083333333333333 0.03671875 0.1986111111111111
0 0.2125 0.46805555555555556 0.02421875 0.11388888888888889