1 0.09375 0.5805555555555556 0.03515625 0.1125
1 0.0515625 0.55 0.03984375 0.10694444444444444
1 0.1375 0.5055555555555555 0.03125 0.1
1 0.17109375 0.4875 0.0296875 0.09722222222222222
1 0.27109375 0.4875 0.0359375 0.10277777777777777
1 0.5265625 0.4 0.01328125 0.07361111111111111
1 0.6875 0.4583333333333333 0.02890625 0.0763888888888889
1 0.6609375 0.39166666666666666 0.01640625 0.04861111111111111
1 0.56875 0.3611111111111111 0.0125 0.03888888888888889
1 0.553125 0.3486111111111111 0.01171875 0.041666666666666664
1 0.5375 0.34444444444444444 0.01640625 0.05138888888888889
0 0.60234375 0.375 0.0265625 0.12361111111111112