1 0.26328125 0.36666666666666664 0.0171875 0.05138888888888889
1 0.234375 0.3819444444444444 0.01640625 0.058333333333333334
1 0.221875 0.37916666666666665 0.01171875 0.04722222222222222
1 0.2140625 0.39166666666666666 0.01328125 0.04861111111111111
1 0.20703125 0.39305555555555555 0.0109375 0.05277777777777778
1 0.165625 0.41388888888888886 0.015625 0.0625
1 0.15546875 0.4027777777777778 0.0140625 0.043055555555555555
1 0.0859375 0.4444444444444444 0.03125 0.07222222222222222
1 0.059375 0.44722222222222224 0.025 0.06666666666666667
1 0.20859375 0.5125 0.0328125 0.08611111111111111
1 0.7484375 0.4027777777777778 0.01328125 0.05555555555555555
1 0.7328125 0.4083333333333333 0.01484375 0.05416666666666667
1 0.71015625 0.4708333333333333 0.0203125 0.08611111111111111
1 0.64375 0.49444444444444446 0.02890625 0.09305555555555556
1 0.5140625 0.5138888888888888 0.03125 0.11805555555555555
1 0.6015625 0.7458333333333333 0.05234375 0.15833333333333333
1 0.5390625 0.7388888888888889 0.06015625 0.12638888888888888
1 0.57578125 0.9611111111111111 0.0765625 0.0763888888888889
1 0.50234375 0.9611111111111111 0.0640625 0.0763888888888889
0 0.76875 0.4666666666666667 0.03515625 0.14583333333333334
0 0.8375 0.8805555555555555 0.08515625 0.2375
0 0.1015625 0.4166666666666667 0.03203125 0.11527777777777778
0 0.134375 0.40555555555555556 0.02890625 0.10694444444444444