1 0.27265625 0.425 0.0234375 0.0625
1 0.934375 0.8777777777777778 0.1125 0.19027777777777777
1 0.9265625 0.49722222222222223 0.03359375 0.03888888888888889
1 0.9171875 0.5805555555555556 0.04140625 0.11666666666666667
1 0.8921875 0.5305555555555556 0.04609375 0.1125
1 0.85703125 0.5055555555555555 0.0265625 0.08333333333333333
1 0.84375 0.4583333333333333 0.03125 0.05555555555555555
1 0.8296875 0.5208333333333334 0.03046875 0.08055555555555556
1 0.8046875 0.5 0.03046875 0.09583333333333334
1 0.78046875 0.4888888888888889 0.0296875 0.08888888888888889
1 0.575 0.4 0.01953125 0.05138888888888889
1 0.5515625 0.42916666666666664 0.028125 0.06388888888888888
0 0.70546875 0.4597222222222222 0.0328125 0.15833333333333333