1 0.65 0.39444444444444443 0.02109375 0.06111111111111111
1 0.575 0.375 0.0125 0.05138888888888889
1 0.5640625 0.38055555555555554 0.01171875 0.04027777777777778
1 0.0375 0.9277777777777778 0.075 0.14444444444444443
1 0.17734375 0.8722222222222222 0.0734375 0.22083333333333333
1 0.2828125 0.8555555555555555 0.0625 0.24305555555555555
1 0.68828125 0.9527777777777777 0.0765625 0.09444444444444444
1 0.4515625 0.9444444444444444 0.06875 0.1111111111111111
1 0.478125 0.7305555555555555 0.05078125 0.12083333333333333
1 0.653125 0.6861111111111111 0.0625 0.10694444444444444
1 0.5203125 0.8263888888888888 0.06171875 0.15833333333333333
1 0.7171875 0.5722222222222222 0.02890625 0.07361111111111111
1 0.671875 0.5138888888888888 0.02734375 0.11527777777777778
1 0.559375 0.46111111111111114 0.03203125 0.10694444444444444
1 0.5140625 0.43194444444444446 0.03046875 0.075
0 0.6171875 0.5388888888888889 0.04140625 0.18472222222222223
0 0.5234375 0.7305555555555555 0.06484375 0.14305555555555555
0 0.0484375 0.4222222222222222 0.03046875 0.11527777777777778