1 0.93828125 0.9138888888888889 0.1234375 0.17222222222222222
1 0.809375 0.5583333333333333 0.046875 0.1
1 0.603125 0.6513888888888889 0.04609375 0.125
1 0.6359375 0.5555555555555556 0.034375 0.0763888888888889
1 0.60546875 0.5388888888888889 0.0328125 0.1125
1 0.5578125 0.5805555555555556 0.034375 0.09583333333333334
1 0.5453125 0.5388888888888889 0.03125 0.09861111111111111
1 0.5078125 0.625 0.03125 0.11666666666666667
1 0.4796875 0.5291666666666667 0.02421875 0.10833333333333334
1 0.490625 0.49166666666666664 0.02421875 0.11527777777777778
1 0.253125 0.5166666666666667 0.03359375 0.10972222222222222
0 0.425 0.5222222222222223 0.04296875 0.21805555555555556
0 0.359375 0.44722222222222224 0.03671875 0.19583333333333333