1 0.97734375 0.8055555555555556 0.0453125 0.16666666666666666
1 0.9453125 0.7541666666666667 0.07109375 0.14166666666666666
1 0.625 0.7125 0.06640625 0.18055555555555555
1 0.4859375 0.8527777777777777 0.06640625 0.2152777777777778
1 0.521875 0.6083333333333333 0.03125 0.13333333333333333
1 0.6125 0.46111111111111114 0.02578125 0.0763888888888889
1 0.5328125 0.44583333333333336 0.02734375 0.09166666666666666
1 0.4796875 0.48055555555555557 0.03984375 0.06111111111111111
1 0.4375 0.4 0.01953125 0.07083333333333333
1 0.43671875 0.5444444444444444 0.0390625 0.09861111111111111
0 0.36328125 0.5069444444444444 0.0390625 0.20277777777777778
0 0.2796875 0.6583333333333333 0.084375 0.31666666666666665