1 0.0828125 0.6319444444444444 0.05390625 0.10833333333333334
1 0.0375 0.6555555555555556 0.05234375 0.12361111111111112
1 0.1375 0.8472222222222222 0.08203125 0.19444444444444445
1 0.4453125 0.5861111111111111 0.03828125 0.09305555555555556
1 0.259375 0.4986111111111111 0.04296875 0.125
1 0.82890625 0.6777777777777778 0.0515625 0.12916666666666668
1 0.5515625 0.44166666666666665 0.01875 0.09305555555555556
1 0.5421875 0.39444444444444443 0.01640625 0.04583333333333333
1 0.95703125 0.5638888888888889 0.0359375 0.09444444444444444
1 0.8375 0.4361111111111111 0.025 0.07361111111111111
1 0.88046875 0.46944444444444444 0.0234375 0.07916666666666666
0 0.8515625 0.49722222222222223 0.04375 0.18333333333333332
0 0.9359375 0.4777777777777778 0.04453125 0.16111111111111112