1 0.12734375 0.48194444444444445 0.0234375 0.09166666666666666
1 0.06953125 0.4444444444444444 0.0296875 0.06666666666666667
1 0.30703125 0.4041666666666667 0.0203125 0.058333333333333334
1 0.8859375 0.6861111111111111 0.05234375 0.13194444444444445
1 0.8109375 0.7055555555555556 0.05234375 0.1763888888888889
1 0.76171875 0.525 0.0328125 0.09861111111111111
1 0.68515625 0.475 0.0234375 0.07083333333333333
1 0.70546875 0.5013888888888889 0.0265625 0.058333333333333334
1 0.6265625 0.5041666666666667 0.028125 0.09166666666666666
0 0.83671875 0.9055555555555556 0.1234375 0.18888888888888888
0 0.2828125 0.4041666666666667 0.040625 0.11388888888888889