1 0.66171875 0.4388888888888889 0.0234375 0.07083333333333333
1 0.153125 0.4125 0.02265625 0.06944444444444445
1 0.79375 0.8388888888888889 0.06328125 0.1
1 0.67890625 0.9027777777777778 0.0578125 0.1375
1 0.5046875 0.9583333333333334 0.06796875 0.08333333333333333
1 0.43125 0.6861111111111111 0.04140625 0.15138888888888888
1 0.58125 0.7861111111111111 0.03203125 0.1875
1 0.5359375 0.7472222222222222 0.059375 0.14583333333333334
1 0.6421875 0.5666666666666667 0.02421875 0.08888888888888889
1 0.7328125 0.5666666666666667 0.034375 0.10972222222222222
1 0.709375 0.5625 0.03203125 0.10833333333333334
1 0.690625 0.5277777777777778 0.03828125 0.07916666666666666
0 0.5796875 0.5277777777777778 0.034375 0.2222222222222222
0 0.64140625 0.75 0.0671875 0.3055555555555556
0 0.1171875 0.4083333333333333 0.02578125 0.1111111111111111
0 0.7421875 0.5194444444444445 0.04375 0.12638888888888888