1 0.11953125 0.5305555555555556 0.0296875 0.10138888888888889
1 0.08203125 0.5305555555555556 0.0359375 0.10138888888888889
1 0.0265625 0.5694444444444444 0.04375 0.10416666666666667
1 0.046875 0.5222222222222223 0.03203125 0.10972222222222222
1 0.8296875 0.9430555555555555 0.06953125 0.11388888888888889
1 0.0625 0.8583333333333333 0.084375 0.16666666666666666
1 0.35703125 0.4111111111111111 0.0203125 0.0625
1 0.546875 0.4027777777777778 0.01640625 0.0763888888888889
1 0.48359375 0.39166666666666666 0.0203125 0.05694444444444444
1 0.84375 0.5638888888888889 0.03984375 0.1111111111111111
1 0.825 0.5444444444444444 0.04140625 0.11666666666666667
1 0.7609375 0.5291666666666667 0.02421875 0.09722222222222222
0 0.78203125 0.5111111111111111 0.0328125 0.19027777777777777