1 0.76875 0.4625 0.02578125 0.06388888888888888
1 0.7671875 0.4263888888888889 0.021875 0.03611111111111111
1 0.7484375 0.45555555555555555 0.02109375 0.06805555555555555
1 0.7421875 0.5513888888888889 0.021875 0.09166666666666666
1 0.7203125 0.5069444444444444 0.02265625 0.041666666666666664
1 0.69375 0.5347222222222222 0.02734375 0.08611111111111111
1 0.52578125 0.5027777777777778 0.0296875 0.1111111111111111
1 0.5984375 0.7583333333333333 0.046875 0.1111111111111111
1 0.534375 0.7416666666666667 0.06015625 0.13472222222222222
1 0.56484375 0.9527777777777777 0.0609375 0.09444444444444444
1 0.503125 0.9444444444444444 0.06875 0.1111111111111111
1 0.321875 0.4888888888888889 0.02109375 0.10972222222222222
1 0.334375 0.45555555555555555 0.01796875 0.1111111111111111
1 0.265625 0.4152777777777778 0.025 0.08611111111111111
1 0.221875 0.39444444444444443 0.01015625 0.06527777777777778
1 0.2109375 0.39166666666666666 0.01328125 0.059722222222222225
1 0.15 0.4083333333333333 0.01640625 0.0625
1 0.20859375 0.46944444444444444 0.0265625 0.07916666666666666
1 0.078125 0.4388888888888889 0.01875 0.08194444444444444
1 0.0609375 0.44722222222222224 0.01953125 0.07222222222222222
0 0.4296875 0.48333333333333334 0.03828125 0.18888888888888888
0 0.7234375 0.4375 0.025 0.1527777777777778