1 0.290625 0.6472222222222223 0.053125 0.15555555555555556
1 0.171875 0.49444444444444446 0.04140625 0.09444444444444444
1 0.1828125 0.6236111111111111 0.03828125 0.125
1 0.4234375 0.6375 0.03984375 0.14166666666666666
1 0.89140625 0.7444444444444445 0.0546875 0.12638888888888888
1 0.7515625 0.5694444444444444 0.04609375 0.12638888888888888
1 0.6953125 0.5055555555555555 0.028125 0.07777777777777778
1 0.6625 0.5055555555555555 0.03828125 0.06666666666666667
1 0.634375 0.4583333333333333 0.03203125 0.07916666666666666
0 0.2578125 0.48055555555555557 0.059375 0.18194444444444444
0 0.80859375 0.5541666666666667 0.0546875 0.19722222222222222
0 0.725 0.4513888888888889 0.02890625 0.18055555555555555