1 0.346875 0.5069444444444444 0.03671875 0.11944444444444445
1 0.2625 0.36527777777777776 0.01953125 0.06388888888888888
1 0.23359375 0.37916666666666665 0.0109375 0.06388888888888888
1 0.221875 0.37222222222222223 0.009375 0.03333333333333333
1 0.2125 0.37777777777777777 0.0125 0.0375
1 0.2046875 0.39444444444444443 0.01640625 0.05
1 0.225 0.4166666666666667 0.01953125 0.08472222222222223
1 0.1625 0.4083333333333333 0.02265625 0.059722222222222225
1 0.13984375 0.4125 0.0203125 0.06388888888888888
1 0.0796875 0.4388888888888889 0.02265625 0.07361111111111111
1 0.1140625 0.5097222222222222 0.04140625 0.09722222222222222
1 0.7484375 0.3972222222222222 0.009375 0.04583333333333333
1 0.73984375 0.40555555555555556 0.0140625 0.05416666666666667
1 0.7109375 0.4722222222222222 0.01953125 0.08472222222222223
1 0.6453125 0.4736111111111111 0.025 0.08055555555555556
1 0.6109375 0.7527777777777778 0.04453125 0.17916666666666667
1 0.5390625 0.7416666666666667 0.06640625 0.11666666666666667
1 0.5796875 0.9611111111111111 0.05390625 0.0763888888888889
1 0.5046875 0.9583333333333334 0.07421875 0.08333333333333333
0 0.8390625 0.8875 0.09375 0.225
0 0.76796875 0.45555555555555555 0.0359375 0.15138888888888888
0 0.10078125 0.4263888888888889 0.0328125 0.10833333333333334
0 0.18671875 0.3888888888888889 0.0203125 0.10138888888888889