1 0.2453125 0.4222222222222222 0.03046875 0.0625
1 0.8484375 0.9083333333333333 0.08046875 0.18333333333333332
1 0.86484375 0.49722222222222223 0.0265625 0.09861111111111111
1 0.8421875 0.44583333333333336 0.01953125 0.06388888888888888
1 0.83203125 0.45 0.0203125 0.0625
1 0.821875 0.5041666666666667 0.028125 0.06944444444444445
1 0.8015625 0.475 0.01796875 0.07916666666666666
1 0.715625 0.5138888888888888 0.03515625 0.1111111111111111
1 0.584375 0.4236111111111111 0.01875 0.058333333333333334
1 0.5515625 0.4305555555555556 0.02265625 0.07222222222222222
0 0.7671875 0.4777777777777778 0.02109375 0.1875
0 0.9015625 0.5222222222222223 0.0625 0.2013888888888889
0 0.3421875 0.9138888888888889 0.10078125 0.16805555555555557