1 0.26484375 0.3638888888888889 0.0109375 0.05138888888888889
1 0.290625 0.4263888888888889 0.015625 0.075
1 0.225 0.37777777777777777 0.01171875 0.04861111111111111
1 0.2171875 0.3972222222222222 0.01796875 0.06111111111111111
1 0.146875 0.4166666666666667 0.02421875 0.07361111111111111
1 0.09609375 0.45 0.0203125 0.04583333333333333
1 0.73984375 0.4097222222222222 0.0140625 0.05277777777777778
1 0.7296875 0.4375 0.01328125 0.058333333333333334
1 0.6828125 0.5263888888888889 0.02734375 0.11388888888888889
1 0.6484375 0.5666666666666667 0.03828125 0.09305555555555556
1 0.528125 0.7416666666666667 0.075 0.10972222222222222
1 0.55234375 0.8986111111111111 0.0578125 0.10277777777777777
1 0.4953125 0.9527777777777777 0.059375 0.09444444444444444
0 0.6890625 0.8916666666666667 0.11640625 0.21666666666666667
0 0.71015625 0.5347222222222222 0.0328125 0.175
0 0.7625 0.4652777777777778 0.03203125 0.15833333333333333
0 0.2421875 0.3611111111111111 0.01796875 0.08333333333333333