1 0.76953125 0.5083333333333333 0.0265625 0.08472222222222223
1 0.70625 0.4875 0.03984375 0.10833333333333334
1 0.6375 0.5666666666666667 0.040625 0.08194444444444444
1 0.50625 0.5638888888888889 0.02578125 0.1388888888888889
1 0.4828125 0.5444444444444444 0.025 0.07916666666666666
1 0.4796875 0.49166666666666664 0.025 0.07777777777777778
1 0.4453125 0.4638888888888889 0.02421875 0.08194444444444444
1 0.4109375 0.5305555555555556 0.02578125 0.12083333333333333
1 0.39375 0.5611111111111111 0.02890625 0.14027777777777778
1 0.365625 0.5916666666666667 0.03515625 0.14444444444444443
1 0.2515625 0.4583333333333333 0.021875 0.07361111111111111
0 0.325 0.5111111111111111 0.04296875 0.19583333333333333
0 0.5703125 0.4152777777777778 0.04140625 0.1361111111111111