1 0.14921875 0.44027777777777777 0.0359375 0.08055555555555556
1 0.11796875 0.8736111111111111 0.0796875 0.16944444444444445
1 0.02890625 0.9194444444444444 0.0578125 0.16111111111111112
1 0.428125 0.9333333333333333 0.05859375 0.12916666666666668
1 0.56875 0.8722222222222222 0.046875 0.14305555555555555
1 0.503125 0.7069444444444445 0.0375 0.1361111111111111
1 0.6734375 0.9430555555555555 0.0625 0.11388888888888889
1 0.65 0.7055555555555556 0.040625 0.1388888888888889
1 0.6328125 0.3888888888888889 0.01484375 0.05555555555555555
1 0.615625 0.37916666666666665 0.01640625 0.05277777777777778
1 0.490625 0.48194444444444445 0.02734375 0.09166666666666666
1 0.675 0.5138888888888888 0.01640625 0.07361111111111111
1 0.6421875 0.45555555555555555 0.03046875 0.03194444444444444
1 0.65390625 0.5138888888888888 0.0234375 0.10416666666666667
1 0.61328125 0.44722222222222224 0.0140625 0.043055555555555555
1 0.596875 0.4847222222222222 0.01875 0.10277777777777777
1 0.6046875 0.5222222222222223 0.03828125 0.10138888888888889
0 0.534375 0.675 0.06796875 0.21805555555555556
0 0.1109375 0.44305555555555554 0.03671875 0.14166666666666666
0 0.2140625 0.4083333333333333 0.03046875 0.1125