1 0.26875 0.3611111111111111 0.01875 0.0625
1 0.225 0.38333333333333336 0.01171875 0.059722222222222225
1 0.2125 0.3972222222222222 0.02109375 0.04861111111111111
1 0.178125 0.3972222222222222 0.01484375 0.04583333333333333
1 0.178125 0.43472222222222223 0.01796875 0.075
1 0.146875 0.4125 0.021875 0.06944444444444445
1 0.0875 0.43333333333333335 0.01875 0.06805555555555555
1 0.06484375 0.44722222222222224 0.0203125 0.07916666666666666
1 0.7484375 0.4027777777777778 0.0125 0.05138888888888889
1 0.73046875 0.425 0.0140625 0.0625
1 0.6875 0.425 0.02265625 0.05694444444444444
1 0.66875 0.49722222222222223 0.02421875 0.10694444444444444
1 0.73125 0.5944444444444444 0.02890625 0.10138888888888889
1 0.5359375 0.7361111111111112 0.06171875 0.1111111111111111
1 0.55703125 0.8777777777777778 0.0515625 0.08194444444444444
1 0.5703125 0.9527777777777777 0.05625 0.09444444444444444
1 0.490625 0.9527777777777777 0.05625 0.09444444444444444
0 0.73203125 0.875 0.0796875 0.25
0 0.76875 0.45416666666666666 0.028125 0.1527777777777778
0 0.128125 0.4486111111111111 0.03828125 0.13055555555555556
0 0.09921875 0.42083333333333334 0.0296875 0.10277777777777777