1 0.4375 0.38055555555555554 0.01015625 0.04027777777777778
1 0.3984375 0.37222222222222223 0.01328125 0.04861111111111111
1 0.5828125 0.4638888888888889 0.03046875 0.059722222222222225
1 0.625 0.5125 0.02734375 0.04722222222222222
1 0.528125 0.9361111111111111 0.078125 0.12777777777777777
1 0.79140625 0.6666666666666666 0.0328125 0.08194444444444444
1 0.759375 0.7694444444444445 0.053125 0.08888888888888889
1 0.73359375 0.6722222222222223 0.0453125 0.07777777777777778
1 0.721875 0.6166666666666667 0.03515625 0.05416666666666667
0 0.84375 0.7111111111111111 0.04921875 0.15555555555555556
0 0.4265625 0.3486111111111111 0.01796875 0.09166666666666666