1 0.56015625 0.9375 0.0546875 0.125
1 0.4984375 0.9486111111111111 0.06640625 0.10277777777777777
1 0.18046875 0.4083333333333333 0.0203125 0.07777777777777778
1 0.1703125 0.4375 0.02109375 0.08055555555555556
1 0.1453125 0.425 0.02890625 0.08194444444444444
1 0.5390625 0.75 0.05546875 0.12916666666666668
1 0.6890625 0.775 0.05234375 0.16805555555555557
1 0.7359375 0.5277777777777778 0.02265625 0.08194444444444444
1 0.71328125 0.5819444444444445 0.0359375 0.10277777777777777
1 0.684375 0.5444444444444444 0.03046875 0.10555555555555556
1 0.6671875 0.5055555555555555 0.02265625 0.08472222222222223
1 0.6296875 0.45416666666666666 0.02421875 0.06388888888888888
1 0.696875 0.4527777777777778 0.01796875 0.07222222222222222
0 0.5390625 0.5930555555555556 0.05078125 0.225