1 0.26484375 0.41388888888888886 0.0234375 0.08472222222222223
1 0.2515625 0.45694444444444443 0.025 0.09166666666666666
1 0.14765625 0.475 0.0203125 0.08194444444444444
1 0.6484375 0.38055555555555554 0.0125 0.043055555555555555
1 0.6125 0.38055555555555554 0.01640625 0.059722222222222225
1 0.603125 0.3541666666666667 0.00625 0.05277777777777778
1 0.59609375 0.35 0.0109375 0.034722222222222224
1 0.5859375 0.3763888888888889 0.0125 0.05277777777777778
1 0.5765625 0.35833333333333334 0.015625 0.044444444444444446
1 0.559375 0.3597222222222222 0.01953125 0.05277777777777778
0 0.8234375 0.5583333333333333 0.04609375 0.17916666666666667