1 0.0828125 0.5888888888888889 0.04921875 0.08333333333333333
1 0.0578125 0.6097222222222223 0.04921875 0.125
1 0.015625 0.6166666666666667 0.03046875 0.1486111111111111
1 0.28046875 0.5361111111111111 0.0328125 0.09861111111111111
1 0.440625 0.875 0.05 0.1388888888888889
1 0.43125 0.8444444444444444 0.0625 0.15
1 0.4125 0.8138888888888889 0.04375 0.16111111111111112
1 0.690625 0.5194444444444445 0.03515625 0.09583333333333334
1 0.6765625 0.44027777777777777 0.02421875 0.06944444444444445
1 0.5328125 0.4888888888888889 0.025 0.06527777777777778
1 0.525 0.5625 0.02734375 0.10277777777777777
0 0.55234375 0.46111111111111114 0.0390625 0.16666666666666666
0 0.7703125 0.5472222222222223 0.059375 0.17916666666666667
0 0.73671875 0.4777777777777778 0.0328125 0.16805555555555557
0 0.3890625 0.4 0.04375 0.11805555555555555