1 0.93828125 0.6055555555555555 0.0390625 0.11805555555555555
1 0.9015625 0.5875 0.04140625 0.125
1 0.7625 0.5166666666666667 0.03203125 0.10555555555555556
1 0.65 0.6361111111111111 0.05390625 0.15694444444444444
1 0.57734375 0.425 0.0203125 0.07222222222222222
1 0.534375 0.4222222222222222 0.015625 0.07083333333333333
1 0.49375 0.4013888888888889 0.01796875 0.058333333333333334
1 0.48203125 0.4305555555555556 0.0171875 0.043055555555555555
1 0.41796875 0.4625 0.0328125 0.09722222222222222
0 0.35703125 0.5666666666666667 0.0609375 0.23472222222222222
0 0.7015625 0.4930555555555556 0.04375 0.15833333333333333