1 0.2578125 0.5194444444444445 0.03671875 0.13472222222222222
1 0.7734375 0.7819444444444444 0.07265625 0.14722222222222223
1 0.73515625 0.5805555555555556 0.0328125 0.12916666666666668
1 0.71640625 0.5583333333333333 0.0296875 0.1375
1 0.68984375 0.4888888888888889 0.0328125 0.08888888888888889
1 0.546875 0.5861111111111111 0.02890625 0.13194444444444445
1 0.51171875 0.5361111111111111 0.0296875 0.09861111111111111
1 0.4953125 0.5958333333333333 0.04296875 0.09722222222222222
1 0.4375 0.48194444444444445 0.01875 0.125
0 0.396875 0.5263888888888889 0.03515625 0.2361111111111111
0 0.85390625 0.6930555555555555 0.0828125 0.2916666666666667