1 0.34375 0.8611111111111112 0.046875 0.1125
1 0.896875 0.49722222222222223 0.02890625 0.06527777777777778
1 0.58046875 0.3638888888888889 0.0109375 0.05416666666666667
1 0.571875 0.3541666666666667 0.01328125 0.05277777777777778
1 0.596875 0.3680555555555556 0.01328125 0.05277777777777778
1 0.40546875 0.7 0.0453125 0.16805555555555557
1 0.2765625 0.6166666666666667 0.03671875 0.13194444444444445
1 0.22890625 0.6722222222222223 0.0453125 0.15416666666666667
1 0.2359375 0.5138888888888888 0.028125 0.0763888888888889
1 0.21875 0.5527777777777778 0.015625 0.06527777777777778
1 0.2515625 0.5972222222222222 0.03046875 0.14027777777777778
1 0.83046875 0.4486111111111111 0.0234375 0.06944444444444445
0 0.1953125 0.5861111111111111 0.06171875 0.23333333333333334