1 0.753125 0.5597222222222222 0.04453125 0.10833333333333334
1 0.6859375 0.5125 0.025 0.11388888888888889
1 0.565625 0.6125 0.03828125 0.14166666666666666
1 0.5484375 0.5138888888888888 0.03515625 0.05416666666666667
1 0.53671875 0.5944444444444444 0.0296875 0.13194444444444445
1 0.51015625 0.5541666666666667 0.0265625 0.14166666666666666
1 0.4921875 0.45555555555555555 0.02734375 0.10416666666666667
1 0.459375 0.5958333333333333 0.04453125 0.09722222222222222
1 0.4390625 0.48333333333333334 0.02890625 0.05555555555555555
1 0.365625 0.5875 0.03671875 0.1361111111111111
1 0.334375 0.6027777777777777 0.03671875 0.09444444444444444
1 0.25 0.5166666666666667 0.04375 0.12638888888888888
1 0.34765625 0.4861111111111111 0.0171875 0.09861111111111111
0 0.3234375 0.4861111111111111 0.03671875 0.22083333333333333
0 0.4 0.5402777777777777 0.034375 0.26944444444444443
0 0.55078125 0.45555555555555555 0.0390625 0.1736111111111111