1 0.15546875 0.4111111111111111 0.0234375 0.06666666666666667
1 0.4 0.6694444444444444 0.03671875 0.13472222222222222
1 0.53671875 0.7472222222222222 0.0609375 0.11805555555555555
1 0.5 0.9541666666666667 0.0625 0.09166666666666666
1 0.6515625 0.9 0.0625 0.1736111111111111
1 0.79296875 0.5930555555555556 0.0390625 0.10277777777777777
1 0.728125 0.44027777777777777 0.01796875 0.041666666666666664
1 0.696875 0.4222222222222222 0.02421875 0.06111111111111111
1 0.5515625 0.45694444444444443 0.028125 0.06944444444444445
1 0.6546875 0.5152777777777777 0.02578125 0.06944444444444445
1 0.56484375 0.5111111111111111 0.0359375 0.10694444444444444
1 0.7421875 0.5444444444444444 0.02421875 0.10416666666666667
1 0.71875 0.5625 0.028125 0.10833333333333334
1 0.696875 0.5305555555555556 0.02265625 0.08194444444444444
1 0.678125 0.5138888888888888 0.025 0.09583333333333334
0 0.5921875 0.4222222222222222 0.028125 0.1486111111111111
0 0.740625 0.5180555555555556 0.03984375 0.13055555555555556
0 0.128125 0.4027777777777778 0.02421875 0.09861111111111111
0 0.6671875 0.725 0.06953125 0.2791666666666667