1 0.690625 0.7472222222222222 0.05703125 0.14305555555555555
1 0.77890625 0.55 0.0359375 0.1
1 0.7484375 0.5055555555555555 0.03046875 0.09444444444444444
1 0.671875 0.4666666666666667 0.02265625 0.08888888888888889
1 0.64921875 0.4652777777777778 0.0234375 0.08611111111111111
1 0.57421875 0.4166666666666667 0.0296875 0.09027777777777778
1 0.5453125 0.44722222222222224 0.01875 0.09861111111111111
1 0.5265625 0.42777777777777776 0.01484375 0.08194444444444444
1 0.4953125 0.44166666666666665 0.01640625 0.07777777777777778
0 0.45859375 0.3972222222222222 0.0296875 0.1375
0 0.5140625 0.41388888888888886 0.01484375 0.08888888888888889