1 0.25234375 0.9541666666666667 0.0640625 0.09166666666666666
1 0.2625 0.4597222222222222 0.03046875 0.075
1 0.31875 0.39166666666666666 0.015625 0.05555555555555555
1 0.30625 0.3972222222222222 0.009375 0.05
1 0.29140625 0.3861111111111111 0.0140625 0.06805555555555555
1 0.6765625 0.5930555555555556 0.03125 0.10277777777777777
1 0.61640625 0.6166666666666667 0.0296875 0.1125
1 0.5796875 0.5916666666666667 0.02890625 0.1111111111111111
1 0.64375 0.7625 0.053125 0.10277777777777777
0 0.81953125 0.7055555555555556 0.0546875 0.29305555555555557
0 0.27109375 0.37222222222222223 0.0203125 0.12777777777777777