1 0.7484375 0.46944444444444444 0.01796875 0.08333333333333333
1 0.7375 0.45 0.01953125 0.07361111111111111
1 0.7265625 0.5361111111111111 0.03046875 0.08333333333333333
1 0.6984375 0.4888888888888889 0.02578125 0.09027777777777778
1 0.6203125 0.5472222222222223 0.03125 0.11805555555555555
1 0.625 0.7319444444444444 0.05546875 0.14166666666666666
1 0.54453125 0.7916666666666666 0.0421875 0.18194444444444444
1 0.496875 0.8902777777777777 0.0625 0.10277777777777777
1 0.49375 0.8361111111111111 0.04921875 0.12638888888888888
1 0.48671875 0.75 0.0390625 0.07916666666666666
1 0.4671875 0.4527777777777778 0.021875 0.08888888888888889
1 0.42109375 0.4361111111111111 0.0234375 0.0875
1 0.35078125 0.425 0.0203125 0.08472222222222223
1 0.25859375 0.5361111111111111 0.0359375 0.09861111111111111
1 0.1921875 0.5666666666666667 0.02734375 0.06805555555555555
0 0.4359375 0.5902777777777778 0.05546875 0.2916666666666667
0 0.4875 0.4263888888888889 0.03203125 0.14722222222222223
0 0.775 0.46111111111111114 0.03203125 0.13472222222222222