1 0.03828125 0.6388888888888888 0.0609375 0.12916666666666668
1 0.59296875 0.37083333333333335 0.0171875 0.04722222222222222
1 0.5734375 0.4 0.01796875 0.06666666666666667
1 0.5515625 0.4222222222222222 0.021875 0.07361111111111111
1 0.5515625 0.375 0.01640625 0.03333333333333333
1 0.48828125 0.3861111111111111 0.0140625 0.043055555555555555
1 0.2953125 0.4361111111111111 0.025 0.09027777777777778
1 0.278125 0.4486111111111111 0.021875 0.05277777777777778
1 0.2828125 0.39166666666666666 0.021875 0.05694444444444444
1 0.428125 0.46944444444444444 0.03359375 0.06527777777777778
0 0.240625 0.42777777777777776 0.02734375 0.1597222222222222
0 0.7125 0.5222222222222223 0.04140625 0.18194444444444444
0 0.5125 0.36944444444444446 0.02421875 0.09444444444444444