1 0.70703125 0.4722222222222222 0.0171875 0.07083333333333333
1 0.690625 0.4847222222222222 0.01875 0.08611111111111111
1 0.6453125 0.5166666666666667 0.02890625 0.12777777777777777
1 0.578125 0.4847222222222222 0.03203125 0.075
1 0.4828125 0.7916666666666666 0.059375 0.15416666666666667
1 0.45546875 0.7708333333333334 0.0453125 0.11388888888888889
1 0.459375 0.4486111111111111 0.021875 0.10277777777777777
1 0.346875 0.4638888888888889 0.025 0.07916666666666666
1 0.2546875 0.5361111111111111 0.03828125 0.08194444444444444
1 0.1890625 0.5652777777777778 0.03125 0.075
0 0.77578125 0.4513888888888889 0.0328125 0.14166666666666666
0 0.4859375 0.4166666666666667 0.0375 0.15138888888888888
0 0.434375 0.4638888888888889 0.040625 0.16805555555555557
0 0.378125 0.44166666666666665 0.046875 0.12638888888888888