1 0.340625 0.8694444444444445 0.04765625 0.1125
1 0.40625 0.7055555555555556 0.04921875 0.16111111111111112
1 0.2734375 0.5930555555555556 0.03125 0.125
1 0.24375 0.5958333333333333 0.0375 0.1361111111111111
1 0.209375 0.6638888888888889 0.04921875 0.1625
1 0.234375 0.5 0.02734375 0.06111111111111111
1 0.1578125 0.5583333333333333 0.02265625 0.07777777777777778
1 0.8921875 0.4888888888888889 0.028125 0.07222222222222222
1 0.84921875 0.4527777777777778 0.0203125 0.06666666666666667
1 0.56875 0.3527777777777778 0.01640625 0.05416666666666667
1 0.5625 0.37777777777777777 0.01953125 0.06111111111111111
0 0.1859375 0.5722222222222222 0.04296875 0.22916666666666666