1 0.159375 0.5722222222222222 0.06015625 0.08333333333333333
1 0.6234375 0.7777777777777778 0.05 0.16111111111111112
1 0.2890625 0.475 0.028125 0.1
1 0.840625 0.6055555555555555 0.05625 0.12777777777777777
1 0.784375 0.5527777777777778 0.04296875 0.11666666666666667
1 0.63828125 0.49027777777777776 0.0265625 0.08611111111111111
1 0.53125 0.4791666666666667 0.028125 0.10833333333333334
1 0.4734375 0.5805555555555556 0.02890625 0.11666666666666667
1 0.4125 0.41388888888888886 0.02109375 0.07916666666666666
1 0.40625 0.5083333333333333 0.02265625 0.10972222222222222
1 0.37109375 0.4111111111111111 0.0265625 0.05694444444444444
1 0.3765625 0.475 0.02890625 0.09027777777777778
1 0.3140625 0.40555555555555556 0.021875 0.05416666666666667
1 0.221875 0.4388888888888889 0.02265625 0.07361111111111111
1 0.2265625 0.48333333333333334 0.03359375 0.07361111111111111
1 0.465625 0.4625 0.015625 0.08055555555555556
0 0.44921875 0.48055555555555557 0.0390625 0.18194444444444444
0 0.69375 0.5166666666666667 0.05859375 0.20972222222222223
0 0.615625 0.425 0.04140625 0.16111111111111112
0 0.66328125 0.42777777777777776 0.0359375 0.15138888888888888