1 0.2640625 0.3638888888888889 0.01484375 0.05
1 0.2359375 0.37777777777777777 0.01640625 0.05
1 0.22421875 0.37916666666666665 0.0140625 0.058333333333333334
1 0.215625 0.39166666666666666 0.015625 0.05694444444444444
1 0.20234375 0.3972222222222222 0.0140625 0.05416666666666667
1 0.1453125 0.41944444444444445 0.025 0.06666666666666667
1 0.09375 0.4527777777777778 0.02421875 0.04583333333333333
1 0.74140625 0.4013888888888889 0.0109375 0.030555555555555555
1 0.74375 0.4388888888888889 0.01875 0.06111111111111111
1 0.7078125 0.41805555555555557 0.01953125 0.030555555555555555
1 0.7015625 0.4638888888888889 0.01953125 0.07361111111111111
1 0.6296875 0.5166666666666667 0.01953125 0.11527777777777778
1 0.65390625 0.5694444444444444 0.0328125 0.09583333333333334
1 0.5328125 0.7416666666666667 0.065625 0.11666666666666667
1 0.55 0.8736111111111111 0.05390625 0.06388888888888888
1 0.4921875 0.9444444444444444 0.0625 0.1111111111111111
1 0.5625 0.9458333333333333 0.05859375 0.10833333333333334
0 0.33515625 0.5138888888888888 0.0453125 0.18888888888888888
0 0.10859375 0.41388888888888886 0.0328125 0.10972222222222222
0 0.765625 0.4583333333333333 0.028125 0.1486111111111111
0 0.64453125 0.8583333333333333 0.0703125 0.2791666666666667