1 0.571875 0.3527777777777778 0.01953125 0.059722222222222225
1 0.5484375 0.3458333333333333 0.021875 0.06388888888888888
1 0.5 0.34444444444444444 0.021875 0.05694444444444444
1 0.196875 0.4444444444444444 0.03046875 0.0763888888888889
1 0.234375 0.8194444444444444 0.05390625 0.2125
1 0.4046875 0.9333333333333333 0.08359375 0.12916666666666668
1 0.615625 0.9055555555555556 0.065625 0.12916666666666668
1 0.5328125 0.8569444444444444 0.05390625 0.13055555555555556
1 0.6328125 0.5111111111111111 0.028125 0.0763888888888889
1 0.5953125 0.4888888888888889 0.03828125 0.11527777777777778
1 0.540625 0.4597222222222222 0.01953125 0.10833333333333334
1 0.5515625 0.49444444444444446 0.02578125 0.10416666666666667
0 0.565625 0.7194444444444444 0.06328125 0.21805555555555556
0 0.0671875 0.42777777777777776 0.03984375 0.10555555555555556
0 0.1 0.4083333333333333 0.0375 0.10416666666666667
0 0.59765625 0.3458333333333333 0.0203125 0.125