1 0.2625 0.36666666666666664 0.01484375 0.06527777777777778
1 0.2328125 0.38055555555555554 0.01015625 0.059722222222222225
1 0.22265625 0.39166666666666666 0.0140625 0.04861111111111111
1 0.2109375 0.39305555555555555 0.015625 0.05277777777777778
1 0.1578125 0.4111111111111111 0.01875 0.06805555555555555
1 0.1390625 0.42083333333333334 0.02109375 0.06944444444444445
1 0.6015625 0.7763888888888889 0.04921875 0.09166666666666666
1 0.5359375 0.7527777777777778 0.05546875 0.11805555555555555
1 0.5890625 0.9416666666666667 0.04921875 0.11666666666666667
1 0.4953125 0.9486111111111111 0.06640625 0.10277777777777777
1 0.728125 0.41388888888888886 0.01875 0.05138888888888889
1 0.6765625 0.4527777777777778 0.01796875 0.07361111111111111
1 0.7390625 0.47638888888888886 0.02265625 0.075
1 0.70390625 0.5652777777777778 0.0296875 0.11388888888888889
1 0.6890625 0.525 0.02109375 0.0763888888888889
0 0.8375 0.8819444444444444 0.0875 0.2361111111111111
0 0.078125 0.4444444444444444 0.03125 0.12638888888888888
0 0.1078125 0.44166666666666665 0.03203125 0.05416666666666667
0 0.771875 0.4777777777777778 0.03203125 0.16527777777777777