1 0.2421875 0.5111111111111111 0.03515625 0.10555555555555556
1 0.2953125 0.5861111111111111 0.03515625 0.12638888888888888
1 0.9359375 0.6222222222222222 0.05703125 0.12638888888888888
1 0.40703125 0.6055555555555555 0.0359375 0.09305555555555556
1 0.4671875 0.4722222222222222 0.028125 0.11666666666666667
1 0.43671875 0.5152777777777777 0.0296875 0.08055555555555556
1 0.6234375 0.5791666666666667 0.0375 0.09722222222222222
1 0.5859375 0.5958333333333333 0.04453125 0.11944444444444445
1 0.5765625 0.5638888888888889 0.03359375 0.14305555555555555
1 0.53671875 0.5958333333333333 0.0359375 0.1361111111111111
1 0.68359375 0.5152777777777777 0.0265625 0.08055555555555556
0 0.27421875 0.5222222222222223 0.0578125 0.23333333333333334
0 0.39375 0.5347222222222222 0.05078125 0.24722222222222223
0 0.6625 0.5194444444444445 0.04921875 0.19027777777777777