1 0.2625 0.4388888888888889 0.02421875 0.0763888888888889
1 0.1390625 0.4861111111111111 0.03671875 0.07916666666666666
1 0.4203125 0.8388888888888889 0.065625 0.1875
1 0.7796875 0.6055555555555555 0.03125 0.09444444444444444
1 0.7453125 0.5486111111111112 0.03515625 0.06388888888888888
1 0.7296875 0.625 0.03515625 0.09027777777777778
1 0.71953125 0.4722222222222222 0.0203125 0.0875
1 0.703125 0.4777777777777778 0.01796875 0.08472222222222223
1 0.69296875 0.44166666666666665 0.0203125 0.044444444444444446
1 0.690625 0.4861111111111111 0.01875 0.05694444444444444
1 0.6734375 0.4875 0.02421875 0.06388888888888888
0 0.1 0.46944444444444444 0.0375 0.1486111111111111