1 0.6640625 0.36944444444444446 0.01640625 0.0375
1 0.6625 0.41388888888888886 0.021875 0.0625
1 0.640625 0.35555555555555557 0.01484375 0.05555555555555555
1 0.61640625 0.4166666666666667 0.0140625 0.05555555555555555
1 0.678125 0.9444444444444444 0.05703125 0.10416666666666667
1 0.65234375 0.7861111111111111 0.0578125 0.08472222222222223
1 0.646875 0.8777777777777778 0.053125 0.09444444444444444
1 0.4375 0.9222222222222223 0.07578125 0.13472222222222222
1 0.3390625 0.5333333333333333 0.03125 0.10138888888888889
1 0.14921875 0.49027777777777776 0.0234375 0.075
0 0.58359375 0.9319444444444445 0.0859375 0.1361111111111111
0 0.05625 0.5611111111111111 0.065625 0.2722222222222222
0 0.1578125 0.6055555555555555 0.06328125 0.20972222222222223
0 0.29609375 0.5541666666666667 0.0671875 0.18611111111111112
0 0.678125 0.3638888888888889 0.021875 0.0875