1 0.896875 0.9444444444444444 0.05625 0.1111111111111111
1 0.8234375 0.8666666666666667 0.06953125 0.06527777777777778
1 0.884375 0.6861111111111111 0.04609375 0.13333333333333333
1 0.809375 0.5541666666666667 0.034375 0.11388888888888889
1 0.7828125 0.5888888888888889 0.053125 0.09583333333333334
1 0.71875 0.4722222222222222 0.021875 0.09444444444444444
1 0.7046875 0.4986111111111111 0.02734375 0.058333333333333334
1 0.68203125 0.4888888888888889 0.0234375 0.06666666666666667
1 0.671875 0.4666666666666667 0.02109375 0.09305555555555556
1 0.38046875 0.46944444444444444 0.0234375 0.09305555555555556
1 0.3265625 0.40555555555555556 0.02109375 0.06805555555555555
1 0.125 0.4777777777777778 0.03359375 0.08194444444444444
1 0.0421875 0.5027777777777778 0.025 0.06111111111111111
0 0.33828125 0.39444444444444443 0.0328125 0.14027777777777778
0 0.825 0.9333333333333333 0.10625 0.13333333333333333