1 0.540625 0.9277777777777778 0.06875 0.14305555555555555
1 0.5890625 0.5888888888888889 0.02890625 0.13194444444444445
1 0.4546875 0.5444444444444444 0.03125 0.1
1 0.596875 0.43333333333333335 0.021875 0.06527777777777778
1 0.5640625 0.3861111111111111 0.01484375 0.0625
1 0.5578125 0.38333333333333336 0.015625 0.06111111111111111
1 0.428125 0.46111111111111114 0.02890625 0.06111111111111111
1 0.4859375 0.375 0.0125 0.03888888888888889
1 0.2640625 0.4375 0.01796875 0.08611111111111111
1 0.16875 0.4791666666666667 0.02890625 0.09722222222222222
0 0.234375 0.4388888888888889 0.0375 0.15555555555555556