1 0.04453125 0.625 0.0578125 0.14444444444444443
1 0.4359375 0.8472222222222222 0.053125 0.14027777777777778
1 0.428125 0.8388888888888889 0.08984375 0.18333333333333332
1 0.409375 0.7833333333333333 0.04296875 0.14444444444444443
1 0.915625 0.7666666666666667 0.06328125 0.16666666666666666
1 0.378125 0.5416666666666666 0.03203125 0.10555555555555556
1 0.528125 0.4861111111111111 0.03515625 0.07361111111111111
1 0.6046875 0.5347222222222222 0.034375 0.10833333333333334
1 0.69765625 0.5194444444444445 0.0296875 0.08888888888888889
1 0.646875 0.4486111111111111 0.02109375 0.075
0 0.7171875 0.4583333333333333 0.02734375 0.16527777777777777
0 0.66953125 0.5291666666666667 0.0453125 0.20277777777777778
0 0.4203125 0.4166666666666667 0.03125 0.09305555555555556
0 0.6625 0.46944444444444444 0.04765625 0.1763888888888889