1 0.3078125 0.7930555555555555 0.04765625 0.125
1 0.27109375 0.7763888888888889 0.0359375 0.125
1 0.8125 0.4722222222222222 0.02265625 0.05138888888888889
1 0.54609375 0.36666666666666664 0.0140625 0.05694444444444444
1 0.5171875 0.3611111111111111 0.01171875 0.05138888888888889
1 0.20234375 0.4666666666666667 0.0296875 0.059722222222222225
1 0.2125 0.5736111111111111 0.03828125 0.125
1 0.209375 0.6333333333333333 0.03515625 0.14583333333333334
1 0.1921875 0.5972222222222222 0.01875 0.0875
1 0.16875 0.5680555555555555 0.025 0.10833333333333334
1 0.3296875 0.48055555555555557 0.03359375 0.07222222222222222
1 0.7171875 0.4152777777777778 0.01796875 0.05277777777777778
0 0.13828125 0.5652777777777778 0.0640625 0.225
0 0.68046875 0.4027777777777778 0.0203125 0.11805555555555555