1 0.84609375 0.5652777777777778 0.0421875 0.11944444444444445
1 0.821875 0.5472222222222223 0.03515625 0.11527777777777778
1 0.4890625 0.39444444444444443 0.02109375 0.07222222222222222
1 0.375 0.6388888888888888 0.04140625 0.14027777777777778
1 0.3328125 0.4305555555555556 0.025 0.0875
1 0.11875 0.5277777777777778 0.028125 0.10555555555555556
1 0.125 0.4861111111111111 0.02578125 0.10138888888888889
1 0.046875 0.5194444444444445 0.03515625 0.10416666666666667
1 0.0171875 0.5430555555555555 0.034375 0.10833333333333334
1 0.121875 0.9388888888888889 0.1125 0.12222222222222222
0 0.76875 0.5027777777777778 0.04140625 0.16527777777777777