1 0.9453125 0.5458333333333333 0.03984375 0.09722222222222222
1 0.6203125 0.4583333333333333 0.021875 0.10555555555555556
1 0.84375 0.5833333333333334 0.04140625 0.12222222222222222
1 0.965625 0.8861111111111111 0.06640625 0.19027777777777777
1 0.95546875 0.7694444444444445 0.0859375 0.15416666666666667
1 0.8078125 0.7611111111111111 0.0625 0.1486111111111111
1 0.753125 0.6805555555555556 0.040625 0.13472222222222222
1 0.7046875 0.7166666666666667 0.053125 0.14444444444444443
1 0.5265625 0.6875 0.04375 0.1361111111111111
1 0.49375 0.7416666666666667 0.059375 0.18888888888888888
1 0.4359375 0.8611111111111112 0.065625 0.1736111111111111
0 0.3203125 0.6416666666666667 0.07890625 0.30694444444444446