1 0.3625 0.6083333333333333 0.04765625 0.12638888888888888
1 0.53359375 0.43472222222222223 0.0203125 0.06944444444444445
1 0.6234375 0.5083333333333333 0.02421875 0.05555555555555555
1 0.425 0.38055555555555554 0.0125 0.05416666666666667
1 0.3984375 0.36944444444444446 0.0125 0.04583333333333333
1 0.7203125 0.6083333333333333 0.03046875 0.05138888888888889
1 0.7953125 0.6583333333333333 0.0375 0.07361111111111111
1 0.7265625 0.6694444444444444 0.03671875 0.07361111111111111
1 0.759375 0.7652777777777777 0.053125 0.09166666666666666
1 0.525 0.9361111111111111 0.075 0.12777777777777777
0 0.84765625 0.7111111111111111 0.0421875 0.15138888888888888