1 0.2625 0.42777777777777776 0.02734375 0.06111111111111111
1 0.1640625 0.48194444444444445 0.02890625 0.075
1 0.6546875 0.6680555555555555 0.04296875 0.14166666666666666
1 0.7546875 0.5222222222222223 0.03125 0.08472222222222223
1 0.97265625 0.7194444444444444 0.0546875 0.1625
1 0.8953125 0.5 0.03203125 0.09861111111111111
1 0.8671875 0.5277777777777778 0.03125 0.09305555555555556
1 0.8015625 0.44583333333333336 0.02109375 0.06388888888888888
1 0.5796875 0.40555555555555556 0.025 0.05694444444444444
1 0.5578125 0.4361111111111111 0.01875 0.09305555555555556
0 0.82109375 0.4083333333333333 0.0296875 0.15
0 0.8703125 0.45 0.04140625 0.1375