1 0.153125 0.4152777777777778 0.02578125 0.06944444444444445
1 0.3453125 0.45555555555555555 0.01640625 0.06666666666666667
1 0.33515625 0.5111111111111111 0.0234375 0.10138888888888889
1 0.3953125 0.6666666666666666 0.05390625 0.11527777777777778
1 0.53984375 0.7444444444444445 0.0609375 0.12916666666666668
1 0.503125 0.9555555555555556 0.06953125 0.08888888888888889
1 0.6171875 0.925 0.05625 0.14583333333333334
1 0.7859375 0.575 0.03359375 0.10416666666666667
1 0.7421875 0.5430555555555555 0.02890625 0.09166666666666666
1 0.7171875 0.5611111111111111 0.02421875 0.10972222222222222
1 0.696875 0.5277777777777778 0.01953125 0.059722222222222225
1 0.66875 0.4777777777777778 0.02578125 0.07222222222222222
1 0.67421875 0.5416666666666666 0.0296875 0.10416666666666667
1 0.62734375 0.5069444444444444 0.0296875 0.09722222222222222
1 0.6921875 0.41944444444444445 0.02421875 0.044444444444444446
1 0.625 0.41805555555555557 0.021875 0.06944444444444445
1 0.653125 0.40555555555555556 0.01171875 0.05694444444444444
1 0.7296875 0.9708333333333333 0.046875 0.058333333333333334
0 0.67109375 0.7388888888888889 0.0609375 0.28888888888888886
0 0.12890625 0.4 0.0265625 0.10138888888888889
0 0.7421875 0.5138888888888888 0.05234375 0.14305555555555555