1 0.021875 0.6722222222222223 0.04375 0.1388888888888889
1 0.26640625 0.9 0.0796875 0.1986111111111111
1 0.1890625 0.5361111111111111 0.03046875 0.1125
1 0.8875 0.7472222222222222 0.04921875 0.13333333333333333
1 0.81953125 0.5361111111111111 0.0390625 0.10416666666666667
1 0.6796875 0.4861111111111111 0.02265625 0.08472222222222223
1 0.7171875 0.4527777777777778 0.021875 0.05
1 0.6453125 0.5 0.02734375 0.08194444444444444
1 0.653125 0.45 0.021875 0.06111111111111111
0 0.87578125 0.5416666666666666 0.0515625 0.21666666666666667
0 0.8390625 0.44583333333333336 0.03125 0.1527777777777778
0 0.1421875 0.5611111111111111 0.07578125 0.23333333333333334