1 0.671875 0.5958333333333333 0.025 0.10833333333333334
1 0.61875 0.6375 0.034375 0.08611111111111111
1 0.5640625 0.6527777777777778 0.0375 0.14027777777777778
1 0.6421875 0.7625 0.05 0.09722222222222222
1 0.2828125 0.8694444444444445 0.06875 0.14305555555555555
1 0.25625 0.45555555555555555 0.025 0.059722222222222225
1 0.29296875 0.3888888888888889 0.0078125 0.04861111111111111
1 0.28125 0.3888888888888889 0.0125 0.05138888888888889
1 0.3 0.38055555555555554 0.009375 0.06111111111111111
0 0.71171875 0.7388888888888889 0.0765625 0.3111111111111111
0 0.265625 0.36944444444444446 0.02578125 0.08888888888888889