1 0.375 0.5083333333333333 0.02734375 0.09027777777777778
1 0.4546875 0.5305555555555556 0.03828125 0.12777777777777777
1 0.2171875 0.40555555555555556 0.01875 0.08194444444444444
1 0.20078125 0.41388888888888886 0.0171875 0.07083333333333333
1 0.153125 0.41388888888888886 0.01953125 0.06805555555555555
1 0.078125 0.4361111111111111 0.02421875 0.08472222222222223
1 0.53203125 0.49444444444444446 0.0328125 0.10138888888888889
1 0.53515625 0.75 0.0609375 0.13194444444444445
1 0.59375 0.7527777777777778 0.05078125 0.10694444444444444
1 0.56015625 0.9569444444444445 0.0765625 0.08611111111111111
1 0.4984375 0.9416666666666667 0.06640625 0.11666666666666667
1 0.7359375 0.5444444444444444 0.03671875 0.09861111111111111
1 0.69375 0.5361111111111111 0.025 0.0875
1 0.7390625 0.4486111111111111 0.01328125 0.05277777777777778
1 0.7140625 0.4361111111111111 0.02109375 0.07361111111111111
1 0.60078125 0.4527777777777778 0.0234375 0.08888888888888889
0 0.4953125 0.525 0.03203125 0.20972222222222223
0 0.125 0.4083333333333333 0.028125 0.12638888888888888
0 0.6546875 0.4444444444444444 0.03046875 0.08472222222222223