1 0.6875 0.5333333333333333 0.03828125 0.08194444444444444
1 0.68125 0.5111111111111111 0.02890625 0.09861111111111111
1 0.7046875 0.5638888888888889 0.0375 0.10694444444444444
1 0.72734375 0.5708333333333333 0.0328125 0.11944444444444445
1 0.659375 0.43333333333333335 0.028125 0.0625
1 0.6515625 0.5555555555555556 0.02890625 0.07361111111111111
1 0.6765625 0.9 0.05546875 0.14444444444444443
1 0.778125 0.6888888888888889 0.04609375 0.13194444444444445
1 0.5828125 0.75 0.04140625 0.16111111111111112
1 0.53515625 0.7444444444444445 0.0609375 0.13472222222222222
1 0.5015625 0.9527777777777777 0.06875 0.09444444444444444
1 0.4328125 0.6833333333333333 0.04765625 0.14027777777777778
1 0.1546875 0.41388888888888886 0.02265625 0.07083333333333333
0 0.6328125 0.7388888888888889 0.05703125 0.31527777777777777
0 0.121875 0.4013888888888889 0.02265625 0.10277777777777777
0 0.5859375 0.5333333333333333 0.028125 0.2222222222222222