1 0.1390625 0.5638888888888889 0.05390625 0.13472222222222222
1 0.3046875 0.42083333333333334 0.025 0.075
1 0.3734375 0.41388888888888886 0.025 0.08888888888888889
1 0.8578125 0.9208333333333333 0.08046875 0.15833333333333333
1 0.88125 0.6805555555555556 0.04765625 0.14027777777777778
1 0.69296875 0.6013888888888889 0.0390625 0.1361111111111111
1 0.89296875 0.4652777777777778 0.0203125 0.08611111111111111
1 0.8421875 0.475 0.025 0.08472222222222223
1 0.6265625 0.5013888888888889 0.02578125 0.11944444444444445
1 0.5453125 0.44722222222222224 0.02265625 0.06111111111111111
0 0.56796875 0.41944444444444445 0.0359375 0.14444444444444443
0 0.609375 0.4722222222222222 0.03515625 0.16666666666666666