1 0.78046875 0.5333333333333333 0.0515625 0.12083333333333333
1 0.69609375 0.4861111111111111 0.0296875 0.08194444444444444
1 0.59140625 0.4097222222222222 0.0234375 0.09166666666666666
1 0.53828125 0.4361111111111111 0.0234375 0.07777777777777778
1 0.621875 0.5486111111111112 0.03515625 0.1361111111111111
1 0.5703125 0.4583333333333333 0.02734375 0.09583333333333334
1 0.5875 0.5444444444444444 0.025 0.09027777777777778
1 0.5828125 0.6472222222222223 0.0375 0.12777777777777777
1 0.571875 0.525 0.02109375 0.09305555555555556
1 0.546875 0.5611111111111111 0.03046875 0.14027777777777778
1 0.5125 0.5138888888888888 0.03125 0.12777777777777777
1 0.4625 0.4861111111111111 0.03359375 0.07777777777777778
1 0.45625 0.575 0.02890625 0.14583333333333334
0 0.4015625 0.5555555555555556 0.04375 0.25416666666666665
0 0.89375 0.6222222222222222 0.06484375 0.22916666666666666