1 0.578125 0.9333333333333333 0.046875 0.13333333333333333
1 0.1609375 0.5111111111111111 0.03359375 0.09305555555555556
1 0.3125 0.44166666666666665 0.025 0.07361111111111111
1 0.40078125 0.46111111111111114 0.0296875 0.09305555555555556
1 0.46875 0.4222222222222222 0.01640625 0.0625
1 0.9671875 0.6569444444444444 0.053125 0.11944444444444445
1 0.8203125 0.5708333333333333 0.04609375 0.11944444444444445
1 0.625 0.4305555555555556 0.01953125 0.0875
1 0.6078125 0.43194444444444446 0.01796875 0.075
1 0.59453125 0.4111111111111111 0.0140625 0.05138888888888889
1 0.5421875 0.4166666666666667 0.0125 0.05555555555555555
1 0.53046875 0.41388888888888886 0.0140625 0.03888888888888889
0 0.5125 0.4513888888888889 0.02109375 0.14722222222222223
0 0.11953125 0.4222222222222222 0.0265625 0.12777777777777777