1 0.87578125 0.5916666666666667 0.0359375 0.11527777777777778
1 0.8859375 0.6277777777777778 0.04453125 0.13472222222222222
1 0.821875 0.5527777777777778 0.03828125 0.10972222222222222
1 0.7375 0.5069444444444444 0.03359375 0.11944444444444445
1 0.54375 0.3972222222222222 0.01953125 0.08888888888888889
1 0.4765625 0.4111111111111111 0.01484375 0.06805555555555555
1 0.4640625 0.3902777777777778 0.01640625 0.075
1 0.48125 0.6180555555555556 0.03984375 0.1361111111111111
1 0.4328125 0.4736111111111111 0.02421875 0.075
1 0.15078125 0.5847222222222223 0.0328125 0.10833333333333334
1 0.06875 0.5388888888888889 0.03203125 0.09583333333333334
1 0.0953125 0.4527777777777778 0.02734375 0.07222222222222222
0 0.046875 0.4444444444444444 0.03671875 0.12222222222222222