1 0.46875 0.8805555555555555 0.05859375 0.2111111111111111
1 0.8265625 0.5791666666666667 0.04140625 0.08611111111111111
1 0.79375 0.6527777777777778 0.05390625 0.15138888888888888
1 0.7375 0.6930555555555555 0.04921875 0.18055555555555555
1 0.6765625 0.6513888888888889 0.03984375 0.14722222222222223
1 0.678125 0.5472222222222223 0.03046875 0.08194444444444444
1 0.70625 0.4597222222222222 0.01953125 0.09166666666666666
1 0.68984375 0.45555555555555555 0.0203125 0.0763888888888889
1 0.6703125 0.45694444444444443 0.02734375 0.08611111111111111
1 0.61875 0.45694444444444443 0.03046875 0.06944444444444445
1 0.528125 0.49166666666666664 0.025 0.06527777777777778
1 0.4265625 0.43472222222222223 0.025 0.04722222222222222
1 0.3359375 0.5680555555555555 0.0375 0.10277777777777777
1 0.053125 0.6027777777777777 0.02890625 0.1125
0 0.1171875 0.6472222222222223 0.09609375 0.29583333333333334