1 0.196875 0.4666666666666667 0.02265625 0.09444444444444444
1 0.0703125 0.4708333333333333 0.03359375 0.08055555555555556
1 0.2140625 0.5722222222222222 0.04609375 0.08194444444444444
1 0.17109375 0.5527777777777778 0.0359375 0.10972222222222222
1 0.1578125 0.6388888888888888 0.03828125 0.1375
1 0.12421875 0.6055555555555555 0.0390625 0.1375
1 0.065625 0.6388888888888888 0.06640625 0.12222222222222222
1 0.05703125 0.5625 0.0296875 0.06944444444444445
1 0.0421875 0.5916666666666667 0.03203125 0.08888888888888889
1 0.5578125 0.4083333333333333 0.01796875 0.07777777777777778
1 0.47421875 0.3902777777777778 0.0171875 0.06944444444444445
1 0.446875 0.4 0.02578125 0.06666666666666667
1 0.6046875 0.43333333333333335 0.02421875 0.07916666666666666
1 0.67421875 0.4861111111111111 0.0328125 0.1
1 0.7078125 0.48055555555555557 0.02421875 0.09444444444444444
1 0.93359375 0.6791666666666667 0.0703125 0.18055555555555555
1 0.92109375 0.6555555555555556 0.0578125 0.16805555555555557
1 0.89375 0.6388888888888888 0.059375 0.17083333333333334
1 0.890625 0.5972222222222222 0.04296875 0.1486111111111111
1 0.83671875 0.5972222222222222 0.0421875 0.1763888888888889
1 0.7703125 0.5777777777777777 0.04609375 0.17777777777777778
1 0.75625 0.5277777777777778 0.03671875 0.12083333333333333
1 0.7296875 0.5458333333333333 0.03515625 0.125
0 0.109375 0.43194444444444446 0.04375 0.14166666666666666
0 0.4953125 0.37777777777777777 0.025 0.09583333333333334
0 0.73671875 0.49583333333333335 0.0234375 0.16944444444444445