1 0.953125 0.6833333333333333 0.06328125 0.17777777777777778
1 0.9328125 0.6722222222222223 0.06171875 0.17916666666666667
1 0.9125 0.6555555555555556 0.05859375 0.19583333333333333
1 0.8953125 0.6083333333333333 0.03359375 0.14444444444444443
1 0.86171875 0.6541666666666667 0.0484375 0.18055555555555555
1 0.60234375 0.5305555555555556 0.0453125 0.15555555555555556
1 0.5859375 0.48055555555555557 0.02421875 0.1111111111111111
1 0.6046875 0.4305555555555556 0.01796875 0.08472222222222223
1 0.515625 0.4444444444444444 0.02109375 0.09027777777777778
1 0.48515625 0.3888888888888889 0.0171875 0.07222222222222222
1 0.2015625 0.4652777777777778 0.03359375 0.10833333333333334
1 0.51953125 0.38472222222222224 0.0171875 0.04722222222222222
1 0.16328125 0.5527777777777778 0.0359375 0.10694444444444444
1 0.125 0.5791666666666667 0.046875 0.11388888888888889
1 0.0984375 0.6 0.05078125 0.13472222222222222
1 0.1265625 0.4708333333333333 0.03203125 0.08055555555555556
1 0.08671875 0.4666666666666667 0.0328125 0.07222222222222222
1 0.0640625 0.5111111111111111 0.02890625 0.08333333333333333
1 0.053125 0.5361111111111111 0.03828125 0.07083333333333333
1 0.01875 0.5930555555555556 0.0375 0.10833333333333334
0 0.7140625 0.475 0.02578125 0.15694444444444444
0 0.1421875 0.4152777777777778 0.03828125 0.10833333333333334