1 0.159375 0.48333333333333334 0.03359375 0.07777777777777778
1 0.2515625 0.5041666666666667 0.03828125 0.09722222222222222
1 0.2875 0.5361111111111111 0.03125 0.12361111111111112
1 0.4796875 0.6638888888888889 0.0375 0.1388888888888889
1 0.6703125 0.6194444444444445 0.03515625 0.13472222222222222
1 0.61875 0.6388888888888888 0.02734375 0.12916666666666668
1 0.6734375 0.4666666666666667 0.028125 0.07777777777777778
1 0.596875 0.35833333333333334 0.01015625 0.059722222222222225
1 0.58359375 0.3527777777777778 0.0109375 0.05694444444444444
1 0.575 0.3527777777777778 0.01171875 0.05416666666666667
1 0.56875 0.3472222222222222 0.009375 0.05138888888888889
1 0.5578125 0.3472222222222222 0.01171875 0.05416666666666667
1 0.5328125 0.3416666666666667 0.01640625 0.04861111111111111
1 0.5171875 0.39166666666666666 0.0125 0.07222222222222222
1 0.3484375 0.5111111111111111 0.02265625 0.08333333333333333
0 0.603125 0.5666666666666667 0.03984375 0.23333333333333334
0 0.6921875 0.45694444444444443 0.04921875 0.1361111111111111