1 0.0421875 0.8305555555555556 0.07421875 0.16111111111111112
1 0.4421875 0.6305555555555555 0.040625 0.12222222222222222
1 0.565625 0.44166666666666665 0.01875 0.09583333333333334
1 0.925 0.55 0.04609375 0.12638888888888888
1 0.88046875 0.5083333333333333 0.0328125 0.08888888888888889
1 0.8640625 0.48333333333333334 0.02578125 0.09861111111111111
1 0.8359375 0.4861111111111111 0.03125 0.0875
1 0.80703125 0.42083333333333334 0.0203125 0.075
1 0.8015625 0.5055555555555555 0.03515625 0.06805555555555555
0 0.5875 0.43333333333333335 0.03203125 0.16666666666666666
0 0.8421875 0.425 0.04296875 0.1125
0 0.9140625 0.475 0.05 0.1486111111111111