1 0.19375 0.5708333333333333 0.02734375 0.06944444444444445
1 0.5015625 0.8680555555555556 0.06640625 0.15833333333333333
1 0.4921875 0.8277777777777777 0.0625 0.12777777777777777
1 0.50546875 0.7666666666666667 0.0765625 0.06527777777777778
1 0.7828125 0.4888888888888889 0.01640625 0.07777777777777778
1 0.7421875 0.4722222222222222 0.01875 0.07777777777777778
1 0.684375 0.5111111111111111 0.02421875 0.07361111111111111
1 0.68125 0.4736111111111111 0.025 0.075
1 0.60546875 0.5361111111111111 0.0296875 0.09861111111111111
1 0.45390625 0.45555555555555555 0.0296875 0.08194444444444444
1 0.4421875 0.48333333333333334 0.03125 0.04583333333333333
1 0.39140625 0.49027777777777776 0.0265625 0.10833333333333334
1 0.3453125 0.47638888888888886 0.02890625 0.08055555555555556
1 0.42421875 0.4388888888888889 0.0203125 0.0763888888888889
1 0.346875 0.4166666666666667 0.01875 0.05138888888888889
0 0.4609375 0.41388888888888886 0.03984375 0.1486111111111111
0 0.365625 0.4444444444444444 0.03984375 0.12083333333333333
0 0.80234375 0.48055555555555557 0.0484375 0.1486111111111111