1 0.04609375 0.6 0.0578125 0.12361111111111112
1 0.1421875 0.4861111111111111 0.03359375 0.06805555555555555
1 0.0609375 0.49444444444444446 0.03125 0.08333333333333333
1 0.33828125 0.4583333333333333 0.0265625 0.10138888888888889
1 0.909375 0.9444444444444444 0.06015625 0.10694444444444444
1 0.840625 0.6472222222222223 0.040625 0.12916666666666668
1 0.825 0.5847222222222223 0.03203125 0.11388888888888889
1 0.7859375 0.5875 0.03828125 0.13055555555555556
1 0.76640625 0.5638888888888889 0.0421875 0.10138888888888889
1 0.7375 0.5222222222222223 0.03515625 0.10694444444444444
1 0.7046875 0.49027777777777776 0.02265625 0.06944444444444445
1 0.68359375 0.4847222222222222 0.0203125 0.06388888888888888
0 0.2734375 0.4527777777777778 0.0375 0.19027777777777777
0 0.834375 0.8555555555555555 0.13125 0.28888888888888886
0 0.084375 0.49166666666666664 0.05703125 0.1486111111111111