1 0.19375 0.9444444444444444 0.08046875 0.10972222222222222
1 0.0640625 0.6222222222222222 0.05078125 0.14305555555555555
1 0.25 0.525 0.03046875 0.08333333333333333
1 0.640625 0.7027777777777777 0.053125 0.1736111111111111
1 0.34375 0.39444444444444443 0.02421875 0.06111111111111111
1 0.5296875 0.4888888888888889 0.028125 0.07361111111111111
1 0.4828125 0.5777777777777777 0.053125 0.15138888888888888
1 0.8203125 0.6375 0.04375 0.10833333333333334
1 0.80390625 0.5583333333333333 0.0296875 0.07222222222222222
1 0.73671875 0.5708333333333333 0.0421875 0.13055555555555556
1 0.7078125 0.4583333333333333 0.01796875 0.07777777777777778
1 0.69140625 0.4736111111111111 0.0234375 0.09166666666666666
1 0.6421875 0.5277777777777778 0.03671875 0.11666666666666667
1 0.65 0.4652777777777778 0.028125 0.03611111111111111
0 0.6921875 0.41944444444444445 0.03515625 0.08194444444444444