1 0.0484375 0.6416666666666667 0.05859375 0.1486111111111111
1 0.009375 0.6166666666666667 0.01875 0.1388888888888889
1 0.484375 0.7444444444444445 0.04765625 0.18333333333333332
1 0.4171875 0.8055555555555556 0.04921875 0.16527777777777777
1 0.4359375 0.8805555555555555 0.06953125 0.15416666666666667
1 0.92421875 0.7666666666666667 0.0578125 0.16666666666666666
1 0.828125 0.5638888888888889 0.02578125 0.09027777777777778
1 0.425 0.5694444444444444 0.03984375 0.12361111111111112
1 0.425 0.4375 0.02109375 0.05277777777777778
1 0.5328125 0.4888888888888889 0.03125 0.0625
1 0.690625 0.5208333333333334 0.02890625 0.075
1 0.65625 0.5083333333333333 0.03125 0.0875
1 0.6171875 0.4722222222222222 0.03125 0.1
0 0.4484375 0.4361111111111111 0.03515625 0.15694444444444444
0 0.5703125 0.5305555555555556 0.06640625 0.2125
0 0.665625 0.44305555555555554 0.046875 0.11944444444444445
0 0.71875 0.45416666666666666 0.04453125 0.1527777777777778
0 0.746875 0.5291666666666667 0.05546875 0.20833333333333334