1 0.7578125 0.5222222222222223 0.025 0.06527777777777778
1 0.7328125 0.49444444444444446 0.025 0.09583333333333334
1 0.6375 0.45 0.02109375 0.09027777777777778
1 0.528125 0.4166666666666667 0.02109375 0.07361111111111111
1 0.503125 0.4 0.02109375 0.07222222222222222
1 0.4640625 0.38055555555555554 0.01484375 0.0375
1 0.4734375 0.425 0.015625 0.04861111111111111
1 0.45625 0.4222222222222222 0.01328125 0.04861111111111111
1 0.0796875 0.5111111111111111 0.03359375 0.07083333333333333
0 0.58359375 0.45555555555555555 0.0296875 0.17222222222222222
0 0.43984375 0.42083333333333334 0.0328125 0.15833333333333333