1 0.334375 0.8722222222222222 0.05234375 0.09583333333333334
1 0.37734375 0.7361111111111112 0.0546875 0.10694444444444444
1 0.0640625 0.6416666666666667 0.04375 0.1597222222222222
1 0.153125 0.5347222222222222 0.02578125 0.09722222222222222
1 0.196875 0.575 0.03515625 0.14305555555555555
1 0.1796875 0.4708333333333333 0.02265625 0.06944444444444445
1 0.234375 0.5361111111111111 0.02890625 0.1125
1 0.24375 0.5166666666666667 0.021875 0.09861111111111111
1 0.2109375 0.5277777777777778 0.025 0.10138888888888889
1 0.8828125 0.4888888888888889 0.02578125 0.06805555555555555
1 0.83984375 0.45 0.0203125 0.059722222222222225
1 0.56796875 0.3625 0.0140625 0.05277777777777778
0 0.1296875 0.5944444444444444 0.06796875 0.25