1 0.175 0.4083333333333333 0.02265625 0.07916666666666666
1 0.63515625 0.3972222222222222 0.0140625 0.0625
1 0.665625 0.4388888888888889 0.02109375 0.0625
1 0.6578125 0.49722222222222223 0.02109375 0.07916666666666666
1 0.659375 0.5833333333333334 0.03046875 0.07361111111111111
1 0.54140625 0.7416666666666667 0.0609375 0.1388888888888889
1 0.5609375 0.9388888888888889 0.05390625 0.12222222222222222
1 0.5046875 0.9555555555555556 0.065625 0.08888888888888889
1 0.67890625 0.8055555555555556 0.0484375 0.1125
1 0.7109375 0.8652777777777778 0.04921875 0.18055555555555555
1 0.74453125 0.5277777777777778 0.0203125 0.07083333333333333
1 0.7375 0.5652777777777778 0.0375 0.10277777777777777
1 0.68515625 0.49722222222222223 0.0203125 0.07361111111111111
1 0.6953125 0.525 0.02734375 0.09444444444444444
1 0.70546875 0.5652777777777778 0.0359375 0.11388888888888889
0 0.61171875 0.5888888888888889 0.0515625 0.14027777777777778
0 0.1328125 0.40555555555555556 0.02265625 0.10555555555555556
0 0.7375 0.5166666666666667 0.03046875 0.11666666666666667