1 0.71875 0.48333333333333334 0.02265625 0.08888888888888889
1 0.6515625 0.5083333333333333 0.028125 0.09305555555555556
1 0.57265625 0.49722222222222223 0.0359375 0.10138888888888889
1 0.5578125 0.8444444444444444 0.05703125 0.18888888888888888
1 0.4859375 0.8055555555555556 0.05078125 0.15694444444444444
1 0.4796875 0.7777777777777778 0.09921875 0.14305555555555555
1 0.459375 0.44166666666666665 0.01796875 0.0875
1 0.4375 0.4305555555555556 0.01640625 0.0763888888888889
1 0.4234375 0.45555555555555555 0.02109375 0.07083333333333333
1 0.353125 0.46805555555555556 0.02109375 0.06944444444444445
1 0.196875 0.5763888888888888 0.01953125 0.06944444444444445
0 0.375 0.45 0.04140625 0.11527777777777778
0 0.39375 0.4027777777777778 0.021875 0.12222222222222222
0 0.465625 0.4 0.03203125 0.14027777777777778
0 0.80859375 0.48333333333333334 0.0390625 0.1736111111111111