1 0.803125 0.5486111111111112 0.03359375 0.10833333333333334
1 0.5296875 0.39166666666666666 0.01640625 0.06527777777777778
1 0.50078125 0.39444444444444443 0.0171875 0.06805555555555555
1 0.46875 0.4041666666666667 0.01875 0.041666666666666664
1 0.109375 0.5722222222222222 0.05859375 0.12083333333333333
1 0.0828125 0.5152777777777777 0.03671875 0.075
1 0.0171875 0.5375 0.034375 0.09722222222222222
1 0.05 0.6333333333333333 0.06015625 0.1486111111111111
1 0.02265625 0.625 0.0421875 0.12916666666666668
1 0.3875 0.4041666666666667 0.028125 0.08611111111111111
1 0.353125 0.3888888888888889 0.01796875 0.09027777777777778
0 0.140625 0.5027777777777778 0.04375 0.1875