1 0.0765625 0.5013888888888889 0.03359375 0.09722222222222222
1 0.790625 0.5527777777777778 0.04609375 0.09583333333333334
1 0.690625 0.4583333333333333 0.01484375 0.043055555555555555
1 0.6703125 0.4930555555555556 0.02578125 0.08611111111111111
1 0.23125 0.5263888888888889 0.04765625 0.10833333333333334
1 0.165625 0.5472222222222223 0.03671875 0.13472222222222222
1 0.18046875 0.5041666666666667 0.0328125 0.10833333333333334
1 0.1265625 0.5166666666666667 0.03515625 0.09861111111111111
1 0.103125 0.4791666666666667 0.021875 0.058333333333333334
1 0.10625 0.5555555555555556 0.03125 0.12083333333333333
1 0.328125 0.4111111111111111 0.02734375 0.08333333333333333
1 0.50625 0.39305555555555555 0.015625 0.06388888888888888
1 0.48359375 0.39444444444444443 0.0171875 0.06805555555555555