1 0.32578125 0.5375 0.0421875 0.06944444444444445
1 0.69765625 0.49166666666666664 0.0265625 0.06527777777777778
1 0.63515625 0.43194444444444446 0.0171875 0.06388888888888888
1 0.5875 0.43333333333333335 0.01640625 0.06527777777777778
1 0.50625 0.4861111111111111 0.02421875 0.07222222222222222
1 0.434375 0.48333333333333334 0.028125 0.09027777777777778
1 0.478125 0.4583333333333333 0.0125 0.07222222222222222
1 0.4375 0.4166666666666667 0.01796875 0.043055555555555555
1 0.40625 0.4444444444444444 0.025 0.05
1 0.37109375 0.4375 0.0234375 0.04722222222222222
0 0.4671875 0.44166666666666665 0.03046875 0.08888888888888889
0 0.496875 0.425 0.02421875 0.1111111111111111
0 0.609375 0.49027777777777776 0.046875 0.14722222222222223