1 0.3640625 0.39166666666666666 0.01640625 0.06666666666666667
1 0.459375 0.4388888888888889 0.02890625 0.04583333333333333
1 0.653125 0.41388888888888886 0.01796875 0.06666666666666667
1 0.62421875 0.41388888888888886 0.0234375 0.03888888888888889
1 0.5921875 0.3625 0.015625 0.058333333333333334
1 0.57265625 0.34305555555555556 0.0140625 0.041666666666666664
1 0.55625 0.35 0.01640625 0.043055555555555555
1 0.55 0.36944444444444446 0.01796875 0.04027777777777778
1 0.5328125 0.39444444444444443 0.02109375 0.06666666666666667
1 0.5171875 0.38333333333333336 0.01796875 0.03194444444444444
1 0.50859375 0.39166666666666666 0.0171875 0.03888888888888889