1 0.2515625 0.5111111111111111 0.046875 0.10555555555555556
1 0.43828125 0.49027777777777776 0.0265625 0.05277777777777778
1 0.4140625 0.49166666666666664 0.02265625 0.07222222222222222
1 0.4828125 0.5944444444444444 0.03515625 0.14444444444444443
1 0.71328125 0.6333333333333333 0.0421875 0.12083333333333333
1 0.6796875 0.5111111111111111 0.02890625 0.07083333333333333
1 0.6796875 0.5722222222222222 0.034375 0.10416666666666667
1 0.625 0.5972222222222222 0.034375 0.12916666666666668
1 0.5828125 0.5638888888888889 0.040625 0.15138888888888888
1 0.54375 0.5972222222222222 0.034375 0.1375
0 0.4015625 0.5277777777777778 0.04609375 0.2625
0 0.81875 0.6194444444444445 0.059375 0.24861111111111112