1 0.83125 0.6055555555555555 0.03203125 0.11527777777777778
1 0.7734375 0.5666666666666667 0.0375 0.1111111111111111
1 0.75078125 0.5680555555555555 0.0328125 0.10277777777777777
1 0.73984375 0.4527777777777778 0.0265625 0.07916666666666666
1 0.621875 0.44722222222222224 0.01796875 0.07916666666666666
1 0.51953125 0.4638888888888889 0.0328125 0.10555555555555556
1 0.53828125 0.825 0.0453125 0.19305555555555556
1 0.5265625 0.7833333333333333 0.03203125 0.18333333333333332
1 0.5109375 0.6708333333333333 0.040625 0.11388888888888889
1 0.478125 0.875 0.059375 0.1375
1 0.46328125 0.8333333333333334 0.0546875 0.12222222222222222
1 0.4609375 0.7625 0.04375 0.10833333333333334
1 0.42734375 0.40555555555555556 0.0203125 0.07916666666666666
1 0.16875 0.5805555555555556 0.04375 0.12083333333333333
1 0.071875 0.5333333333333333 0.02421875 0.11527777777777778
0 0.384375 0.3902777777777778 0.015625 0.14166666666666666
0 0.4015625 0.48055555555555557 0.0375 0.19583333333333333