1 0.759375 0.5736111111111111 0.04609375 0.09722222222222222
1 0.6921875 0.5666666666666667 0.04140625 0.14583333333333334
1 0.35390625 0.7722222222222223 0.0640625 0.15555555555555556
1 0.5640625 0.5138888888888888 0.034375 0.07777777777777778
1 0.54375 0.4736111111111111 0.021875 0.10833333333333334
1 0.4828125 0.4722222222222222 0.01796875 0.11527777777777778
1 0.46875 0.4888888888888889 0.02109375 0.06527777777777778
1 0.3421875 0.39861111111111114 0.01328125 0.041666666666666664
1 0.3296875 0.39861111111111114 0.01953125 0.05277777777777778
1 0.3359375 0.48055555555555557 0.025 0.08888888888888889
1 0.315625 0.4361111111111111 0.02109375 0.05555555555555555
1 0.259375 0.49444444444444446 0.03671875 0.08888888888888889
1 0.2515625 0.41805555555555557 0.02109375 0.04722222222222222
1 0.23359375 0.4166666666666667 0.0140625 0.05694444444444444
1 0.1640625 0.5722222222222222 0.059375 0.09027777777777778
0 0.2921875 0.475 0.04140625 0.19583333333333333
0 0.38515625 0.48333333333333334 0.0421875 0.19583333333333333
0 0.4359375 0.45694444444444443 0.03671875 0.19166666666666668
0 0.6046875 0.4388888888888889 0.03203125 0.16111111111111112