1 0.1609375 0.41805555555555557 0.02265625 0.075
1 0.1375 0.41944444444444445 0.02265625 0.07222222222222222
1 0.31328125 0.45 0.0296875 0.08333333333333333
1 0.6828125 0.8055555555555556 0.05390625 0.1125
1 0.5625 0.9402777777777778 0.05 0.11944444444444445
1 0.503125 0.9541666666666667 0.06875 0.09166666666666666
1 0.5375 0.7472222222222222 0.065625 0.12777777777777777
1 0.5671875 0.4652777777777778 0.01953125 0.041666666666666664
1 0.55703125 0.5222222222222223 0.0328125 0.07777777777777778
1 0.7375 0.5125 0.01328125 0.05277777777777778
1 0.73671875 0.55 0.0296875 0.0875
1 0.7109375 0.5638888888888889 0.03359375 0.10555555555555556
1 0.690625 0.5305555555555556 0.03671875 0.09027777777777778
1 0.6578125 0.4513888888888889 0.01640625 0.04722222222222222
1 0.66953125 0.4777777777777778 0.0171875 0.08472222222222223
0 0.1046875 0.4361111111111111 0.03515625 0.0763888888888889
0 0.54921875 0.45 0.0296875 0.15416666666666667