1 0.2640625 0.36666666666666664 0.01640625 0.05416666666666667
1 0.2234375 0.38333333333333336 0.02109375 0.06111111111111111
1 0.209375 0.38333333333333336 0.01328125 0.03333333333333333
1 0.2171875 0.42777777777777776 0.01796875 0.0875
1 0.17890625 0.4083333333333333 0.0234375 0.06666666666666667
1 0.153125 0.4222222222222222 0.02109375 0.0763888888888889
1 0.13984375 0.4125 0.0171875 0.06388888888888888
1 0.0859375 0.44027777777777777 0.03125 0.075
1 0.5921875 0.7694444444444445 0.05 0.10555555555555556
1 0.5359375 0.7472222222222222 0.05859375 0.1388888888888889
1 0.59453125 0.95 0.0640625 0.1
1 0.49296875 0.9402777777777778 0.0640625 0.11944444444444445
1 0.7421875 0.4444444444444444 0.02578125 0.059722222222222225
1 0.7140625 0.4388888888888889 0.02421875 0.059722222222222225
1 0.684375 0.4527777777777778 0.03203125 0.0763888888888889
1 0.6921875 0.5361111111111111 0.02421875 0.08333333333333333
1 0.74375 0.49444444444444446 0.02109375 0.07777777777777778
1 0.7375 0.575 0.02578125 0.10694444444444444
0 0.80703125 0.875 0.0828125 0.25
0 0.77734375 0.4791666666666667 0.0265625 0.16944444444444445