1 0.0953125 0.4527777777777778 0.02734375 0.07222222222222222
1 0.07265625 0.5416666666666666 0.0359375 0.08472222222222223
1 0.75546875 0.9402777777777778 0.0609375 0.11944444444444445
1 0.3359375 0.4861111111111111 0.02109375 0.08194444444444444
1 0.37578125 0.4388888888888889 0.0234375 0.07222222222222222
1 0.5453125 0.4083333333333333 0.02109375 0.07361111111111111
1 0.4859375 0.40555555555555556 0.01875 0.043055555555555555
1 0.46875 0.39444444444444443 0.01484375 0.07222222222222222
1 0.85546875 0.5819444444444445 0.0453125 0.11944444444444445
1 0.83203125 0.5583333333333333 0.0390625 0.10694444444444444
1 0.80625 0.55 0.028125 0.10972222222222222
1 0.7859375 0.5333333333333333 0.03671875 0.11527777777777778
0 0.0484375 0.45 0.03046875 0.12916666666666668