1 0.478125 0.5125 0.04140625 0.11388888888888889
1 0.4375 0.5194444444444445 0.03828125 0.11527777777777778
1 0.1390625 0.4305555555555556 0.01640625 0.07361111111111111
1 0.1453125 0.4152777777777778 0.01328125 0.06388888888888888
1 0.49296875 0.9361111111111111 0.0578125 0.12777777777777777
1 0.59609375 0.7555555555555555 0.0390625 0.10972222222222222
1 0.5390625 0.7416666666666667 0.06015625 0.1375
1 0.6875 0.5527777777777778 0.03984375 0.11527777777777778
1 0.7328125 0.575 0.02890625 0.10972222222222222
1 0.753125 0.5555555555555556 0.01875 0.12222222222222222
1 0.75625 0.4222222222222222 0.02265625 0.03888888888888889
1 0.740625 0.42777777777777776 0.02265625 0.02638888888888889
0 0.7859375 0.5472222222222223 0.03359375 0.15555555555555556
0 0.6484375 0.46111111111111114 0.040625 0.12083333333333333
0 0.59609375 0.9277777777777778 0.1265625 0.14305555555555555
0 0.1109375 0.4083333333333333 0.025 0.10972222222222222