1 0.13125 0.7111111111111111 0.03359375 0.04027777777777778
1 0.1390625 0.7805555555555556 0.059375 0.11527777777777778
1 0.17109375 0.5819444444444445 0.0296875 0.10833333333333334
1 0.18984375 0.5416666666666666 0.0359375 0.12916666666666668
1 0.29453125 0.5277777777777778 0.0296875 0.09861111111111111
1 0.2875 0.4361111111111111 0.021875 0.07361111111111111
1 0.346875 0.5694444444444444 0.0375 0.09583333333333334
1 0.31875 0.4888888888888889 0.02265625 0.09583333333333334
1 0.48046875 0.5833333333333334 0.0359375 0.13472222222222222
1 0.953125 0.6680555555555555 0.03125 0.08611111111111111
1 0.7609375 0.5222222222222223 0.02109375 0.07361111111111111
1 0.63671875 0.42916666666666664 0.0140625 0.058333333333333334
1 0.596875 0.42777777777777776 0.015625 0.06666666666666667
1 0.45078125 0.4111111111111111 0.0171875 0.044444444444444446
0 0.73359375 0.48333333333333334 0.0234375 0.14027777777777778
0 0.115625 0.5236111111111111 0.03671875 0.18611111111111112