1 0.26484375 0.37222222222222223 0.0171875 0.059722222222222225
1 0.2234375 0.3819444444444444 0.015625 0.058333333333333334
1 0.21015625 0.39444444444444443 0.0171875 0.05694444444444444
1 0.1703125 0.40555555555555556 0.02109375 0.05694444444444444
1 0.159375 0.4444444444444444 0.02578125 0.07222222222222222
1 0.153125 0.4 0.0125 0.029166666666666667
1 0.14375 0.41388888888888886 0.015625 0.05416666666666667
1 0.13515625 0.4083333333333333 0.0140625 0.04583333333333333
1 0.0796875 0.44027777777777777 0.01953125 0.075
1 0.6796875 0.4527777777777778 0.01953125 0.08333333333333333
1 0.59140625 0.9430555555555555 0.0609375 0.11388888888888889
1 0.49765625 0.9375 0.0640625 0.125
1 0.590625 0.7680555555555556 0.05390625 0.11388888888888889
1 0.534375 0.7444444444444445 0.05703125 0.13472222222222222
1 0.725 0.44583333333333336 0.01875 0.06388888888888888
1 0.690625 0.5305555555555556 0.02578125 0.0763888888888889
1 0.7609375 0.45555555555555555 0.01484375 0.06111111111111111
1 0.7421875 0.48333333333333334 0.025 0.06527777777777778
1 0.7796875 0.5805555555555556 0.03359375 0.10694444444444444
1 0.753125 0.5611111111111111 0.025 0.09583333333333334
0 0.80703125 0.8444444444444444 0.0640625 0.30972222222222223