1 0.01640625 0.6541666666666667 0.0328125 0.11388888888888889
1 0.03515625 0.6194444444444445 0.0484375 0.15138888888888888
1 0.05546875 0.5638888888888889 0.0546875 0.12916666666666668
1 0.08984375 0.5333333333333333 0.0390625 0.1111111111111111
1 0.1046875 0.4888888888888889 0.03203125 0.10694444444444444
1 0.365625 0.4 0.01796875 0.09444444444444444
1 0.3453125 0.3888888888888889 0.01875 0.07777777777777778
1 0.4546875 0.4027777777777778 0.01953125 0.09027777777777778
1 0.809375 0.5444444444444444 0.04140625 0.10555555555555556
1 0.690625 0.5375 0.03046875 0.15833333333333333
1 0.63203125 0.4888888888888889 0.0390625 0.13472222222222222
1 0.6046875 0.4722222222222222 0.02578125 0.12638888888888888
1 0.559375 0.44722222222222224 0.025 0.1125
1 0.5390625 0.45 0.025 0.1111111111111111
1 0.4765625 0.41388888888888886 0.01640625 0.08333333333333333
1 0.490625 0.3972222222222222 0.01640625 0.06527777777777778
0 0.7203125 0.5125 0.02890625 0.21388888888888888
0 0.128125 0.4666666666666667 0.03984375 0.1736111111111111