1 0.84296875 0.4652777777777778 0.0328125 0.06944444444444445
1 0.3640625 0.8444444444444444 0.06875 0.2152777777777778
1 0.30390625 0.8763888888888889 0.0453125 0.11944444444444445
1 0.17734375 0.6944444444444444 0.0515625 0.1625
1 0.27734375 0.6111111111111112 0.0390625 0.12638888888888888
1 0.55546875 0.35138888888888886 0.0140625 0.058333333333333334
1 0.53046875 0.34444444444444444 0.0109375 0.04583333333333333
1 0.521875 0.3416666666666667 0.01328125 0.059722222222222225
1 0.2234375 0.4861111111111111 0.02890625 0.09027777777777778
1 0.21640625 0.6027777777777777 0.0328125 0.10972222222222222
1 0.1953125 0.6222222222222222 0.03671875 0.15555555555555556
1 0.2015625 0.5222222222222223 0.03359375 0.0625
1 0.7328125 0.4 0.02109375 0.05694444444444444
0 0.15859375 0.5888888888888889 0.0515625 0.2222222222222222