1 0.0140625 0.5458333333333333 0.028125 0.075
1 0.04375 0.6583333333333333 0.05703125 0.08888888888888889
1 0.075 0.5194444444444445 0.03046875 0.06666666666666667
1 0.1671875 0.48055555555555557 0.0375 0.10138888888888889
1 0.2453125 0.41388888888888886 0.02265625 0.05138888888888889
1 0.71484375 0.49444444444444446 0.0296875 0.10138888888888889
1 0.6953125 0.48333333333333334 0.021875 0.09861111111111111
1 0.6796875 0.4666666666666667 0.02421875 0.08333333333333333
1 0.6390625 0.44722222222222224 0.028125 0.09305555555555556
1 0.6078125 0.4527777777777778 0.021875 0.05694444444444444
1 0.59375 0.4388888888888889 0.01953125 0.07777777777777778
1 0.5 0.4305555555555556 0.03203125 0.1
0 0.2984375 0.4736111111111111 0.03828125 0.16944444444444445