1 0.0484375 0.5916666666666667 0.03671875 0.1125
1 0.0203125 0.6111111111111112 0.03984375 0.13472222222222222
1 0.4828125 0.6638888888888889 0.046875 0.13194444444444445
1 0.2625 0.4777777777777778 0.025 0.1
1 0.3390625 0.4083333333333333 0.02265625 0.043055555555555555
1 0.5296875 0.49444444444444446 0.03203125 0.06666666666666667
1 0.440625 0.8777777777777778 0.05234375 0.15416666666666667
1 0.4203125 0.8416666666666667 0.04609375 0.1625
1 0.41875 0.7833333333333333 0.04296875 0.15694444444444444
1 0.8484375 0.6361111111111111 0.03046875 0.1
1 0.91875 0.7652777777777777 0.07109375 0.15833333333333333
1 0.68125 0.5222222222222223 0.03359375 0.09027777777777778
1 0.6828125 0.4361111111111111 0.02890625 0.07916666666666666
1 0.62265625 0.475 0.0296875 0.1111111111111111
0 0.24921875 0.41944444444444445 0.0265625 0.14444444444444443
0 0.7625 0.5666666666666667 0.053125 0.22777777777777777
0 0.80234375 0.6680555555555555 0.0703125 0.30277777777777776