1 0.296875 0.44722222222222224 0.02265625 0.07777777777777778
1 0.2328125 0.3888888888888889 0.02109375 0.06527777777777778
1 0.2109375 0.4527777777777778 0.028125 0.07916666666666666
1 0.19921875 0.41388888888888886 0.0171875 0.059722222222222225
1 0.18515625 0.4041666666666667 0.0203125 0.058333333333333334
1 0.14453125 0.41388888888888886 0.0171875 0.06111111111111111
1 0.11796875 0.4527777777777778 0.0234375 0.0625
1 0.096875 0.45 0.02421875 0.05138888888888889
1 0.0734375 0.44166666666666665 0.025 0.07916666666666666
1 0.596875 0.7555555555555555 0.05 0.10972222222222222
1 0.53125 0.7458333333333333 0.06015625 0.14166666666666666
1 0.565625 0.9472222222222222 0.05234375 0.10555555555555556
1 0.5046875 0.9388888888888889 0.075 0.12222222222222222
1 0.7796875 0.575 0.02890625 0.08472222222222223
1 0.7234375 0.49722222222222223 0.028125 0.05555555555555555
1 0.69453125 0.5333333333333333 0.0296875 0.08333333333333333
1 0.74375 0.4527777777777778 0.015625 0.05138888888888889
1 0.721875 0.4527777777777778 0.03046875 0.05694444444444444
1 0.75 0.41944444444444445 0.015625 0.03888888888888889
0 0.346875 0.4388888888888889 0.03671875 0.15555555555555556
0 0.7671875 0.4527777777777778 0.03125 0.12777777777777777
0 0.165625 0.39444444444444443 0.021875 0.09305555555555556