1 0.32265625 0.5416666666666666 0.0359375 0.12777777777777777
1 0.278125 0.4527777777777778 0.025 0.04027777777777778
1 0.2859375 0.40555555555555556 0.02578125 0.05
1 0.26875 0.4027777777777778 0.02734375 0.05694444444444444
1 0.59375 0.3680555555555556 0.01484375 0.058333333333333334
1 0.5703125 0.34444444444444444 0.01640625 0.03888888888888889
1 0.565625 0.3888888888888889 0.01875 0.06527777777777778
1 0.55 0.38333333333333336 0.01796875 0.05416666666666667
1 0.5 0.38055555555555554 0.02265625 0.05416666666666667
1 0.4265625 0.4625 0.03203125 0.058333333333333334
0 0.2265625 0.4263888888888889 0.02578125 0.15833333333333333
0 0.5265625 0.37777777777777777 0.01640625 0.10555555555555556
0 0.5515625 0.34444444444444444 0.01484375 0.08472222222222223