1 0.8578125 0.7083333333333334 0.07265625 0.17222222222222222
1 0.64375 0.6097222222222223 0.03828125 0.14166666666666666
1 0.64140625 0.5 0.0421875 0.11527777777777778
1 0.61875 0.4388888888888889 0.034375 0.08888888888888889
1 0.5765625 0.5055555555555555 0.028125 0.10138888888888889
1 0.509375 0.42777777777777776 0.03125 0.12638888888888888
1 0.4453125 0.4722222222222222 0.03203125 0.07222222222222222
1 0.34375 0.5708333333333333 0.040625 0.14166666666666666
1 0.52890625 0.47638888888888886 0.0234375 0.10833333333333334
1 0.45 0.5611111111111111 0.03359375 0.1111111111111111
1 0.540625 0.5458333333333333 0.034375 0.13055555555555556
1 0.50625 0.6166666666666667 0.046875 0.15
0 0.3828125 0.5166666666666667 0.03828125 0.25555555555555554