1 0.23828125 0.38055555555555554 0.0171875 0.05694444444444444
1 0.22890625 0.3875 0.0171875 0.058333333333333334
1 0.2046875 0.42777777777777776 0.02421875 0.05416666666666667
1 0.1484375 0.4166666666666667 0.02265625 0.06527777777777778
1 0.13125 0.41388888888888886 0.01484375 0.03888888888888889
1 0.0953125 0.43333333333333335 0.02265625 0.07083333333333333
1 0.74375 0.41388888888888886 0.01875 0.05555555555555555
1 0.71015625 0.40555555555555556 0.0171875 0.05416666666666667
1 0.67734375 0.45416666666666666 0.0234375 0.075
1 0.68984375 0.5194444444444445 0.0359375 0.0875
1 0.534375 0.75 0.06640625 0.08888888888888889
1 0.55234375 0.8902777777777777 0.0546875 0.125
1 0.50546875 0.9583333333333334 0.0703125 0.08333333333333333
1 0.625 0.925 0.071875 0.15
0 0.7109375 0.8875 0.08828125 0.225
0 0.746875 0.5277777777777778 0.03359375 0.15416666666666667
0 0.76171875 0.4361111111111111 0.0296875 0.14027777777777778
0 0.0671875 0.4305555555555556 0.03359375 0.11527777777777778