1 0.7234375 0.5305555555555556 0.03359375 0.1375
1 0.6796875 0.5194444444444445 0.03203125 0.13472222222222222
1 0.6484375 0.5111111111111111 0.03203125 0.15694444444444444
1 0.6171875 0.5027777777777778 0.02890625 0.14027777777777778
1 0.5765625 0.5138888888888888 0.03125 0.14305555555555555
1 0.534375 0.48333333333333334 0.03125 0.12361111111111112
1 0.4796875 0.49166666666666664 0.03359375 0.12361111111111112
1 0.425 0.4722222222222222 0.03984375 0.14027777777777778
1 0.3234375 0.8805555555555555 0.0625 0.19444444444444445
1 0.259375 0.7736111111111111 0.0625 0.1638888888888889
1 0.3125 0.45694444444444443 0.03046875 0.09166666666666666
1 0.3484375 0.45 0.01875 0.09444444444444444
1 0.1921875 0.5888888888888889 0.03125 0.12777777777777777
1 0.1453125 0.5722222222222222 0.04453125 0.12638888888888888
1 0.165625 0.4444444444444444 0.02421875 0.09305555555555556
1 0.07109375 0.4625 0.0421875 0.08055555555555556
1 0.93359375 0.6236111111111111 0.0578125 0.15833333333333333
0 0.3734375 0.5611111111111111 0.05390625 0.22083333333333333
0 0.2171875 0.48333333333333334 0.04375 0.2111111111111111
0 0.4 0.4930555555555556 0.03671875 0.20833333333333334