1 0.16875 0.6 0.03828125 0.08888888888888889
1 0.1515625 0.5763888888888888 0.028125 0.09166666666666666
1 0.78671875 0.5555555555555556 0.0328125 0.12361111111111112
1 0.67890625 0.7694444444444445 0.0578125 0.14027777777777778
1 0.7328125 0.5569444444444445 0.034375 0.13055555555555556
1 0.6484375 0.49166666666666664 0.03125 0.09027777777777778
1 0.31875 0.5111111111111111 0.03046875 0.10694444444444444
1 0.384375 0.4222222222222222 0.01953125 0.0763888888888889
1 0.4015625 0.4777777777777778 0.028125 0.10555555555555556
1 0.428125 0.4513888888888889 0.02265625 0.09722222222222222
1 0.5125 0.4861111111111111 0.02109375 0.10555555555555556
1 0.4921875 0.5041666666666667 0.03125 0.11388888888888889
1 0.4609375 0.5138888888888888 0.02734375 0.11527777777777778
1 0.44921875 0.48194444444444445 0.0171875 0.10833333333333334
1 0.559375 0.475 0.028125 0.08888888888888889
1 0.5671875 0.5666666666666667 0.03125 0.12083333333333333
0 0.609375 0.475 0.02890625 0.2111111111111111
0 0.73203125 0.4652777777777778 0.0265625 0.1361111111111111
0 0.57734375 0.4666666666666667 0.0234375 0.16111111111111112
0 0.52578125 0.4166666666666667 0.0203125 0.1375