1 0.9796875 0.6944444444444444 0.03984375 0.1375
1 0.9703125 0.6375 0.05703125 0.1361111111111111
1 0.78984375 0.5416666666666666 0.0359375 0.12222222222222222
1 0.559375 0.40555555555555556 0.02421875 0.06111111111111111
1 0.5125 0.43472222222222223 0.02421875 0.08055555555555556
1 0.08046875 0.5444444444444444 0.0421875 0.09305555555555556
1 0.315625 0.4666666666666667 0.02890625 0.09444444444444444
1 0.3921875 0.4791666666666667 0.02578125 0.075
1 0.4875 0.4111111111111111 0.01796875 0.07361111111111111
1 0.43359375 0.375 0.0171875 0.043055555555555555
1 0.4328125 0.425 0.02265625 0.0625
0 0.4578125 0.43333333333333335 0.025 0.16666666666666666