1 0.053125 0.5888888888888889 0.04296875 0.07222222222222222
1 0.1 0.4652777777777778 0.03203125 0.10277777777777777
1 0.4125 0.7194444444444444 0.04375 0.1736111111111111
1 0.165625 0.4777777777777778 0.034375 0.08333333333333333
1 0.265625 0.49166666666666664 0.03203125 0.10972222222222222
1 0.5375 0.41944444444444445 0.02734375 0.07916666666666666
1 0.728125 0.4222222222222222 0.02421875 0.06527777777777778
1 0.659375 0.3861111111111111 0.02578125 0.04027777777777778
1 0.56875 0.3541666666666667 0.01640625 0.05277777777777778
1 0.546875 0.3458333333333333 0.01328125 0.04722222222222222
1 0.5359375 0.3472222222222222 0.01484375 0.05694444444444444
1 0.25 0.3972222222222222 0.02421875 0.05416666666666667
0 0.5921875 0.38333333333333336 0.021875 0.12777777777777777
0 0.8390625 0.44166666666666665 0.02890625 0.11666666666666667
0 0.2328125 0.4666666666666667 0.034375 0.17083333333333334