1 0.1546875 0.4083333333333333 0.021875 0.07777777777777778
1 0.6828125 0.9055555555555556 0.05703125 0.1388888888888889
1 0.5609375 0.9430555555555555 0.059375 0.11388888888888889
1 0.5015625 0.9569444444444445 0.06875 0.08611111111111111
1 0.70625 0.775 0.03203125 0.14444444444444443
1 0.53828125 0.7486111111111111 0.0609375 0.125
1 0.665625 0.4375 0.01640625 0.06944444444444445
1 0.528125 0.5541666666666667 0.03828125 0.09722222222222222
1 0.74453125 0.5319444444444444 0.0203125 0.06944444444444445
1 0.7375 0.5666666666666667 0.03828125 0.10555555555555556
1 0.69375 0.5333333333333333 0.02578125 0.07777777777777778
1 0.6796875 0.5361111111111111 0.02734375 0.07361111111111111
1 0.70546875 0.5652777777777778 0.0328125 0.10277777777777777
1 0.7125 0.4888888888888889 0.01484375 0.059722222222222225
1 0.6421875 0.5777777777777777 0.02109375 0.09444444444444444
0 0.1046875 0.42777777777777776 0.03984375 0.07777777777777778
0 0.6296875 0.8111111111111111 0.06640625 0.31666666666666665
0 0.61484375 0.5861111111111111 0.0546875 0.1486111111111111