1 0.39296875 0.5611111111111111 0.0234375 0.12361111111111112
1 0.45 0.4736111111111111 0.01875 0.10833333333333334
1 0.7203125 0.6263888888888889 0.04609375 0.11388888888888889
1 0.5328125 0.6875 0.05 0.1638888888888889
1 0.5296875 0.5069444444444444 0.01875 0.04722222222222222
1 0.5328125 0.5611111111111111 0.03359375 0.0875
1 0.496875 0.48055555555555557 0.01328125 0.08888888888888889
1 0.4828125 0.5027777777777778 0.028125 0.08194444444444444
1 0.478125 0.6111111111111112 0.03828125 0.14583333333333334
0 0.3609375 0.5027777777777778 0.05234375 0.18333333333333332
0 0.36875 0.42777777777777776 0.03203125 0.15694444444444444