1 0.97734375 0.6722222222222223 0.0453125 0.14583333333333334
1 0.784375 0.9055555555555556 0.08203125 0.1875
1 0.65390625 0.5902777777777778 0.0453125 0.1361111111111111
1 0.8171875 0.4861111111111111 0.01796875 0.0625
1 0.79375 0.4861111111111111 0.02734375 0.059722222222222225
1 0.94296875 0.5861111111111111 0.0421875 0.13194444444444445
1 0.4875 0.46111111111111114 0.0375 0.07916666666666666
1 0.309375 0.4527777777777778 0.03203125 0.08194444444444444
1 0.284375 0.4027777777777778 0.025 0.05694444444444444
1 0.2671875 0.5083333333333333 0.03125 0.09583333333333334
1 0.2421875 0.5361111111111111 0.03671875 0.10555555555555556
1 0.1203125 0.5194444444444445 0.03515625 0.07222222222222222
0 0.42578125 0.41388888888888886 0.0390625 0.17916666666666667
0 0.1796875 0.6222222222222222 0.08203125 0.2763888888888889
0 0.8875 0.6986111111111111 0.08984375 0.30277777777777776