1 0.73984375 0.7402777777777778 0.0671875 0.15833333333333333
1 0.759375 0.48333333333333334 0.03203125 0.10138888888888889
1 0.7203125 0.4666666666666667 0.025 0.09583333333333334
1 0.6171875 0.4708333333333333 0.021875 0.09722222222222222
1 0.575 0.48333333333333334 0.03125 0.08333333333333333
1 0.5859375 0.7 0.05625 0.16805555555555557
1 0.490625 0.8222222222222222 0.07109375 0.16527777777777777
1 0.48125 0.8055555555555556 0.10703125 0.19444444444444445
1 0.4328125 0.4 0.015625 0.03888888888888889
1 0.4140625 0.4041666666666667 0.021875 0.03611111111111111
1 0.3625 0.44722222222222224 0.01796875 0.05
1 0.3484375 0.4486111111111111 0.01796875 0.06388888888888888
1 0.24609375 0.5388888888888889 0.0265625 0.06666666666666667
1 0.2265625 0.5833333333333334 0.04609375 0.1125
1 0.196875 0.5583333333333333 0.02578125 0.05
1 0.1828125 0.5944444444444444 0.03984375 0.08333333333333333
0 0.3078125 0.5694444444444444 0.065625 0.2222222222222222
0 0.065625 0.4736111111111111 0.05078125 0.16944444444444445
0 0.65 0.45555555555555555 0.034375 0.0875