1 0.246875 0.4083333333333333 0.02734375 0.08472222222222223
1 0.1703125 0.4736111111111111 0.03125 0.09166666666666666
1 0.1546875 0.4777777777777778 0.02265625 0.0875
1 0.05859375 0.5833333333333334 0.0390625 0.08333333333333333
1 0.5375 0.6402777777777777 0.046875 0.15833333333333333
1 0.2515625 0.6166666666666667 0.03671875 0.12777777777777777
1 0.659375 0.38055555555555554 0.02109375 0.034722222222222224
1 0.64375 0.4152777777777778 0.01796875 0.06944444444444445
1 0.5734375 0.425 0.02265625 0.07777777777777778
1 0.584375 0.35555555555555557 0.01796875 0.059722222222222225
1 0.57109375 0.35833333333333334 0.0171875 0.07222222222222222
1 0.48671875 0.375 0.0140625 0.043055555555555555
0 0.2265625 0.5972222222222222 0.05 0.2569444444444444
0 0.5375 0.39444444444444443 0.01796875 0.13472222222222222
0 0.97890625 0.5138888888888888 0.0421875 0.14444444444444443