1 0.84375 0.6555555555555556 0.04609375 0.11805555555555555
1 0.6828125 0.44027777777777777 0.025 0.06944444444444445
1 0.4890625 0.46944444444444444 0.02734375 0.09583333333333334
1 0.41875 0.4513888888888889 0.03125 0.09722222222222222
1 0.5359375 0.8305555555555556 0.03828125 0.19444444444444445
1 0.4921875 0.8486111111111111 0.05 0.18611111111111112
1 0.453125 0.7138888888888889 0.04765625 0.1375
1 0.440625 0.8708333333333333 0.065625 0.13055555555555556
1 0.421875 0.8333333333333334 0.05 0.15694444444444444
1 0.41015625 0.8013888888888889 0.0359375 0.18055555555555555
1 0.359375 0.49166666666666664 0.03046875 0.05555555555555555
1 0.34375 0.4083333333333333 0.02265625 0.04027777777777778
1 0.1359375 0.7111111111111111 0.06328125 0.1763888888888889
0 0.3359375 0.5458333333333333 0.04140625 0.23055555555555557
0 0.240625 0.4861111111111111 0.05234375 0.18888888888888888
0 0.190625 0.4388888888888889 0.0375 0.17083333333333334
0 0.278125 0.41805555555555557 0.03203125 0.1361111111111111