1 0.0453125 0.6861111111111111 0.05390625 0.0875
1 0.665625 0.7388888888888889 0.05703125 0.14027777777777778
1 0.8640625 0.48055555555555557 0.03046875 0.0625
1 0.6703125 0.3958333333333333 0.02421875 0.058333333333333334
1 0.571875 0.35555555555555557 0.01328125 0.059722222222222225
1 0.5609375 0.3375 0.01328125 0.03611111111111111
1 0.553125 0.3638888888888889 0.01796875 0.05555555555555555
1 0.49375 0.3888888888888889 0.02265625 0.0375
1 0.2265625 0.5472222222222223 0.03359375 0.1111111111111111
1 0.2171875 0.6027777777777777 0.034375 0.12777777777777777
1 0.13125 0.5944444444444444 0.03828125 0.1375
0 0.1609375 0.5791666666666667 0.0625 0.2361111111111111