1 0.253125 0.5180555555555556 0.034375 0.11944444444444445
1 0.95625 0.9069444444444444 0.0875 0.18611111111111112
1 0.80625 0.5388888888888889 0.03125 0.09305555555555556
1 0.63203125 0.5597222222222222 0.0359375 0.09166666666666666
1 0.5953125 0.6375 0.03671875 0.1361111111111111
1 0.51796875 0.6513888888888889 0.0453125 0.15833333333333333
1 0.5015625 0.6083333333333333 0.021875 0.09305555555555556
1 0.5578125 0.5819444444444445 0.03671875 0.10277777777777777
1 0.5625 0.4986111111111111 0.04609375 0.06944444444444445
1 0.5296875 0.5166666666666667 0.028125 0.07361111111111111
1 0.51875 0.5444444444444444 0.03828125 0.0625
1 0.48671875 0.5277777777777778 0.0328125 0.1125
1 0.45625 0.5208333333333334 0.02421875 0.13055555555555556
0 0.36328125 0.46111111111111114 0.0265625 0.18333333333333332
0 0.43515625 0.5458333333333333 0.0265625 0.225
0 0.54921875 0.48333333333333334 0.0296875 0.17777777777777778