1 0.1609375 0.5722222222222222 0.05625 0.08472222222222223
1 0.36484375 0.8416666666666667 0.0609375 0.17777777777777778
1 0.6796875 0.8097222222222222 0.06640625 0.175
1 0.7734375 0.5583333333333333 0.025 0.09861111111111111
1 0.58671875 0.4444444444444444 0.0359375 0.08194444444444444
1 0.490625 0.6138888888888889 0.03359375 0.15
1 0.5546875 0.5152777777777777 0.02734375 0.075
1 0.47109375 0.49166666666666664 0.0234375 0.0625
1 0.446875 0.4722222222222222 0.02421875 0.10972222222222222
1 0.4203125 0.4638888888888889 0.02265625 0.10138888888888889
1 0.40625 0.5027777777777778 0.02421875 0.10972222222222222
1 0.3234375 0.46944444444444444 0.021875 0.07083333333333333
1 0.3109375 0.4 0.01953125 0.05555555555555555
1 0.30390625 0.44166666666666665 0.0296875 0.07222222222222222
1 0.2734375 0.4111111111111111 0.021875 0.07361111111111111
1 0.2515625 0.4236111111111111 0.01953125 0.041666666666666664
1 0.23125 0.41944444444444445 0.02109375 0.04861111111111111
1 0.24921875 0.45555555555555555 0.0203125 0.04583333333333333
1 0.29296875 0.5194444444444445 0.0265625 0.0763888888888889
0 0.7375 0.575 0.053125 0.25416666666666665
0 0.66875 0.4375 0.03046875 0.14166666666666666
0 0.63359375 0.4111111111111111 0.0296875 0.13333333333333333
0 0.3328125 0.5833333333333334 0.0625 0.17083333333333334