1 0.1453125 0.48194444444444445 0.01875 0.06388888888888888
1 0.121875 0.4736111111111111 0.03203125 0.09166666666666666
1 0.09453125 0.43333333333333335 0.0234375 0.07777777777777778
1 0.3078125 0.4083333333333333 0.028125 0.07222222222222222
1 0.86640625 0.6972222222222222 0.0546875 0.10694444444444444
1 0.746875 0.6472222222222223 0.03828125 0.13333333333333333
1 0.75078125 0.525 0.0296875 0.10416666666666667
1 0.721875 0.5347222222222222 0.03203125 0.10277777777777777
1 0.5796875 0.5694444444444444 0.02890625 0.11805555555555555
1 0.71171875 0.4638888888888889 0.0296875 0.0625
0 0.28125 0.39166666666666666 0.03046875 0.12916666666666668
0 0.66796875 0.5194444444444445 0.0421875 0.20694444444444443