1 0.06015625 0.6055555555555555 0.0421875 0.14027777777777778
1 0.03203125 0.6138888888888889 0.0421875 0.12777777777777777
1 0.01484375 0.6166666666666667 0.0296875 0.1625
1 0.321875 0.5944444444444444 0.03828125 0.13194444444444445
1 0.575 0.9027777777777778 0.078125 0.15
1 0.9234375 0.7638888888888888 0.05390625 0.16111111111111112
1 0.6921875 0.5013888888888889 0.03515625 0.09722222222222222
1 0.65546875 0.4583333333333333 0.0234375 0.07361111111111111
1 0.63203125 0.49027777777777776 0.0265625 0.10833333333333334
1 0.59375 0.5083333333333333 0.02890625 0.10694444444444444
1 0.421875 0.44027777777777777 0.03125 0.04722222222222222
0 0.2671875 0.5888888888888889 0.05859375 0.2777777777777778
0 0.5234375 0.45555555555555555 0.03125 0.1763888888888889
0 0.4984375 0.49027777777777776 0.04375 0.20277777777777778
0 0.675 0.4111111111111111 0.03203125 0.1375
0 0.8109375 0.5861111111111111 0.059375 0.25972222222222224