1 0.1375 0.5708333333333333 0.03671875 0.06388888888888888
1 0.184375 0.7708333333333334 0.065625 0.14722222222222223
1 0.2828125 0.6513888888888889 0.05234375 0.13055555555555556
1 0.7828125 0.9166666666666666 0.0875 0.16527777777777777
1 0.92734375 0.8916666666666667 0.1078125 0.21666666666666667
1 0.97734375 0.7777777777777778 0.0453125 0.16527777777777777
1 0.81875 0.4875 0.02578125 0.08611111111111111
1 0.56953125 0.4166666666666667 0.0296875 0.0763888888888889
1 0.54921875 0.43333333333333335 0.0265625 0.07222222222222222
1 0.9796875 0.5472222222222223 0.03359375 0.09583333333333334
0 0.803125 0.4388888888888889 0.03984375 0.1625