1 0.79609375 0.6916666666666667 0.0734375 0.15694444444444444
1 0.7359375 0.5611111111111111 0.03671875 0.0625
1 0.73203125 0.6458333333333334 0.0484375 0.1361111111111111
1 0.72890625 0.5222222222222223 0.0421875 0.10416666666666667
1 0.71875 0.49166666666666664 0.03359375 0.07916666666666666
1 0.61875 0.55 0.04140625 0.10416666666666667
1 0.5625 0.8055555555555556 0.046875 0.19583333333333333
1 0.565625 0.5291666666666667 0.03203125 0.10277777777777777
1 0.521875 0.6027777777777777 0.046875 0.1375
1 0.475 0.48194444444444445 0.028125 0.06388888888888888
1 0.45 0.40555555555555556 0.01796875 0.07083333333333333
1 0.4109375 0.5361111111111111 0.0375 0.11666666666666667
0 0.34375 0.5083333333333333 0.04609375 0.22361111111111112
0 0.41875 0.44027777777777777 0.028125 0.15833333333333333