1 0.225 0.475 0.02578125 0.06666666666666667
1 0.85703125 0.5472222222222223 0.0390625 0.09027777777777778
1 0.82421875 0.8722222222222222 0.0671875 0.1763888888888889
1 0.6359375 0.5555555555555556 0.03203125 0.0625
1 0.6390625 0.6305555555555555 0.03203125 0.15555555555555556
1 0.525 0.49722222222222223 0.02734375 0.10138888888888889
1 0.496875 0.4777777777777778 0.02421875 0.09305555555555556
1 0.509375 0.5736111111111111 0.02734375 0.125
1 0.4796875 0.46944444444444444 0.025 0.05
1 0.440625 0.46805555555555556 0.02109375 0.04722222222222222
1 0.453125 0.5194444444444445 0.02890625 0.10555555555555556
1 0.40234375 0.5583333333333333 0.0265625 0.12777777777777777
1 0.38203125 0.5833333333333334 0.0328125 0.12777777777777777
0 0.79140625 0.5402777777777777 0.0546875 0.19166666666666668
0 0.3390625 0.5138888888888888 0.03828125 0.2222222222222222