1 0.265625 0.3680555555555556 0.015625 0.05277777777777778
1 0.2375 0.38333333333333336 0.015625 0.0625
1 0.2234375 0.38333333333333336 0.01171875 0.04861111111111111
1 0.215625 0.3888888888888889 0.0125 0.05138888888888889
1 0.2046875 0.3958333333333333 0.01328125 0.05277777777777778
1 0.16015625 0.4166666666666667 0.0140625 0.07361111111111111
1 0.0921875 0.45 0.025 0.043055555555555555
1 0.06328125 0.44722222222222224 0.0234375 0.08194444444444444
1 0.3453125 0.5222222222222223 0.03515625 0.09305555555555556
1 0.7453125 0.4097222222222222 0.015625 0.05277777777777778
1 0.725 0.4111111111111111 0.01484375 0.05138888888888889
1 0.7125 0.40555555555555556 0.01328125 0.05
1 0.7078125 0.475 0.021875 0.08333333333333333
1 0.6515625 0.5166666666666667 0.025 0.11666666666666667
1 0.634375 0.4888888888888889 0.028125 0.07361111111111111
1 0.59140625 0.7458333333333333 0.0359375 0.15833333333333333
1 0.5359375 0.7444444444444445 0.065625 0.11527777777777778
1 0.58125 0.9666666666666667 0.06953125 0.06527777777777778
1 0.5 0.9652777777777778 0.06484375 0.06944444444444445
0 0.8421875 0.8805555555555555 0.09609375 0.2388888888888889
0 0.765625 0.46111111111111114 0.034375 0.16111111111111112
0 0.1265625 0.46944444444444444 0.03984375 0.1486111111111111