1 0.671875 0.7444444444444445 0.05546875 0.1625
1 0.5625 0.4708333333333333 0.025 0.05277777777777778
1 0.5625 0.4263888888888889 0.01796875 0.04722222222222222
1 0.4453125 0.4638888888888889 0.02578125 0.1
1 0.39375 0.4583333333333333 0.02890625 0.08888888888888889
1 0.27890625 0.5416666666666666 0.0328125 0.10138888888888889
1 0.2484375 0.4361111111111111 0.02734375 0.07777777777777778
1 0.2328125 0.5152777777777777 0.03046875 0.09166666666666666
1 0.2140625 0.4597222222222222 0.03203125 0.06944444444444445
1 0.178125 0.5583333333333333 0.03046875 0.11805555555555555
1 0.1625 0.5694444444444444 0.034375 0.12361111111111112
1 0.14765625 0.6055555555555555 0.0390625 0.1125
1 0.125 0.5166666666666667 0.034375 0.11666666666666667
1 0.175 0.4861111111111111 0.01796875 0.0625
0 0.6109375 0.49444444444444446 0.02890625 0.15555555555555556
0 0.03828125 0.5555555555555556 0.0453125 0.2125
0 0.584375 0.4361111111111111 0.01640625 0.1