1 0.0671875 0.7888888888888889 0.06484375 0.20694444444444443
1 0.61015625 0.7361111111111112 0.0671875 0.1875
1 0.4953125 0.8611111111111112 0.07421875 0.15
1 0.4703125 0.7791666666666667 0.06171875 0.1361111111111111
1 0.7890625 0.49027777777777776 0.025 0.09166666666666666
1 0.6578125 0.49166666666666664 0.02734375 0.09861111111111111
1 0.634375 0.44166666666666665 0.01875 0.06805555555555555
1 0.6078125 0.4930555555555556 0.02265625 0.08611111111111111
1 0.5734375 0.4861111111111111 0.03359375 0.09027777777777778
1 0.43203125 0.4361111111111111 0.0265625 0.08194444444444444
1 0.365625 0.4444444444444444 0.02109375 0.06666666666666667
1 0.3515625 0.4388888888888889 0.02109375 0.05555555555555555
1 0.3359375 0.475 0.02890625 0.09583333333333334
1 0.2421875 0.5416666666666666 0.034375 0.06111111111111111
1 0.1828125 0.575 0.02890625 0.0625
0 0.7796875 0.44722222222222224 0.03125 0.1486111111111111
0 0.31171875 0.44583333333333336 0.0296875 0.1638888888888889
0 0.03046875 0.7708333333333334 0.0609375 0.33611111111111114
0 0.61328125 0.4222222222222222 0.0203125 0.06666666666666667