1 0.265625 0.36666666666666664 0.01953125 0.05416666666666667
1 0.2359375 0.38472222222222224 0.01015625 0.04722222222222222
1 0.2234375 0.38333333333333336 0.0125 0.05138888888888889
1 0.2109375 0.39305555555555555 0.015625 0.058333333333333334
1 0.171875 0.4097222222222222 0.015625 0.06388888888888888
1 0.1453125 0.4111111111111111 0.02109375 0.07777777777777778
1 0.08984375 0.475 0.0328125 0.09305555555555556
1 0.74765625 0.4097222222222222 0.0140625 0.06388888888888888
1 0.728125 0.3972222222222222 0.01171875 0.0375
1 0.7234375 0.4388888888888889 0.01640625 0.06527777777777778
1 0.6984375 0.4388888888888889 0.03046875 0.04861111111111111
1 0.6703125 0.49583333333333335 0.01640625 0.09722222222222222
1 0.675 0.5805555555555556 0.02890625 0.09861111111111111
1 0.53671875 0.7416666666666667 0.0640625 0.11666666666666667
1 0.55 0.875 0.05703125 0.08333333333333333
1 0.56171875 0.9430555555555555 0.0609375 0.11388888888888889
1 0.4921875 0.9513888888888888 0.075 0.09722222222222222
0 0.7328125 0.8708333333333333 0.06796875 0.25833333333333336
0 0.76875 0.4583333333333333 0.03203125 0.1625
0 0.11328125 0.4111111111111111 0.0296875 0.10694444444444444