1 0.3359375 0.9 0.053125 0.19444444444444445
1 0.2890625 0.7972222222222223 0.05703125 0.1625
1 0.034375 0.8333333333333334 0.06796875 0.21666666666666667
1 0.1296875 0.575 0.03359375 0.0875
1 0.9734375 0.6708333333333333 0.05234375 0.13055555555555556
1 0.98359375 0.55 0.0328125 0.09444444444444444
1 0.9546875 0.6083333333333333 0.04453125 0.07777777777777778
1 0.884375 0.5027777777777778 0.028125 0.10416666666666667
1 0.9171875 0.4263888888888889 0.03515625 0.08055555555555556
1 0.85625 0.5138888888888888 0.02890625 0.11666666666666667
1 0.8078125 0.4888888888888889 0.02578125 0.06805555555555555
1 0.559375 0.4638888888888889 0.02734375 0.06527777777777778
0 0.9125 0.5166666666666667 0.053125 0.1736111111111111