1 0.8390625 0.6819444444444445 0.06640625 0.13055555555555556
1 0.88125 0.4652777777777778 0.03125 0.06944444444444445
1 0.8375 0.44166666666666665 0.02421875 0.06805555555555555
1 0.73046875 0.4388888888888889 0.0234375 0.07361111111111111
1 0.69609375 0.48333333333333334 0.0296875 0.10416666666666667
1 0.6515625 0.4666666666666667 0.03671875 0.10694444444444444
1 0.30859375 0.4777777777777778 0.0265625 0.09444444444444444
1 0.2984375 0.55 0.03984375 0.12083333333333333
1 0.28125 0.49583333333333335 0.03359375 0.075
0 0.04921875 0.625 0.0984375 0.3
0 0.6953125 0.4083333333333333 0.03125 0.09444444444444444