1 0.6921875 0.49444444444444446 0.0375 0.14444444444444443
1 0.66875 0.49444444444444446 0.02578125 0.12777777777777777
1 0.653125 0.4930555555555556 0.025 0.1361111111111111
1 0.63125 0.49166666666666664 0.021875 0.12638888888888888
1 0.6140625 0.4875 0.02421875 0.1361111111111111
1 0.59453125 0.4666666666666667 0.0203125 0.08888888888888889
1 0.59140625 0.5777777777777777 0.0453125 0.15
1 0.540625 0.4986111111111111 0.02890625 0.13055555555555556
1 0.5203125 0.5 0.01796875 0.1388888888888889
1 0.50390625 0.49722222222222223 0.0234375 0.14305555555555555
1 0.4921875 0.48333333333333334 0.02265625 0.14305555555555555
1 0.4640625 0.49722222222222223 0.02578125 0.12777777777777777
1 0.4359375 0.49444444444444446 0.03671875 0.12083333333333333
1 0.38046875 0.5055555555555555 0.0578125 0.14027777777777778
1 0.34375 0.44583333333333336 0.02421875 0.09166666666666666
1 0.3234375 0.4527777777777778 0.028125 0.09583333333333334
1 0.2484375 0.4444444444444444 0.02734375 0.09305555555555556
1 0.1765625 0.43333333333333335 0.028125 0.09583333333333334
1 0.028125 0.49583333333333335 0.034375 0.10833333333333334
0 0.3984375 0.46111111111111114 0.02890625 0.16805555555555557
0 0.0671875 0.4388888888888889 0.03984375 0.1486111111111111