1 0.228125 0.5527777777777778 0.03828125 0.11805555555555555
1 0.1921875 0.5944444444444444 0.03828125 0.1111111111111111
1 0.14375 0.46944444444444444 0.03359375 0.08888888888888889
1 0.1046875 0.5138888888888888 0.03515625 0.10416666666666667
1 0.4890625 0.5944444444444444 0.040625 0.1375
1 0.07109375 0.4722222222222222 0.0296875 0.059722222222222225
1 0.0640625 0.5736111111111111 0.04375 0.10277777777777777
1 0.0296875 0.6486111111111111 0.05703125 0.08611111111111111
1 0.01953125 0.5083333333333333 0.0390625 0.09444444444444444
1 0.3328125 0.3972222222222222 0.01953125 0.08472222222222223
1 0.43984375 0.4263888888888889 0.0296875 0.09166666666666666
1 0.96796875 0.6833333333333333 0.0640625 0.1736111111111111
1 0.8703125 0.6444444444444445 0.065625 0.1736111111111111
1 0.8140625 0.5888888888888889 0.05234375 0.16805555555555557
1 0.7734375 0.5611111111111111 0.0375 0.15416666666666667
1 0.6859375 0.5194444444444445 0.03359375 0.12361111111111112
1 0.61328125 0.43333333333333335 0.0203125 0.07777777777777778
1 0.596875 0.46111111111111114 0.025 0.08888888888888889
1 0.5328125 0.44166666666666665 0.01953125 0.09583333333333334
1 0.49609375 0.42777777777777776 0.0234375 0.10694444444444444
1 0.465625 0.4125 0.02109375 0.09722222222222222
0 0.5546875 0.39444444444444443 0.03203125 0.10555555555555556