1 0.1140625 0.6166666666666667 0.05625 0.12222222222222222
1 0.14140625 0.5666666666666667 0.0578125 0.0875
1 0.4640625 0.6333333333333333 0.040625 0.09305555555555556
1 0.54296875 0.5138888888888888 0.0328125 0.06111111111111111
1 0.4828125 0.4638888888888889 0.025 0.09027777777777778
1 0.38515625 0.5555555555555556 0.0328125 0.10416666666666667
1 0.3875 0.46111111111111114 0.02421875 0.08472222222222223
1 0.3453125 0.39861111111111114 0.02109375 0.06388888888888888
1 0.3390625 0.48333333333333334 0.0375 0.09305555555555556
1 0.734375 0.5638888888888889 0.03671875 0.0875
1 0.6671875 0.45 0.028125 0.09305555555555556
1 0.60234375 0.44722222222222224 0.0203125 0.09861111111111111
1 0.3078125 0.4666666666666667 0.02109375 0.05
1 0.29921875 0.425 0.0296875 0.05
1 0.2921875 0.38472222222222224 0.01796875 0.04722222222222222
1 0.2828125 0.4027777777777778 0.01796875 0.05416666666666667
1 0.26953125 0.39444444444444443 0.0171875 0.059722222222222225
1 0.2546875 0.3972222222222222 0.01953125 0.05416666666666667
1 0.240625 0.46111111111111114 0.02109375 0.1
0 0.75546875 0.4847222222222222 0.0359375 0.19166666666666668
0 0.6578125 0.4097222222222222 0.028125 0.13055555555555556
0 0.61796875 0.5208333333333334 0.0421875 0.21944444444444444
0 0.3765625 0.43333333333333335 0.03125 0.12083333333333333