1 0.0234375 0.9291666666666667 0.046875 0.14166666666666666
1 0.2359375 0.7375 0.04609375 0.09166666666666666
1 0.2609375 0.8305555555555556 0.0875 0.1625
1 0.43359375 0.9277777777777778 0.0671875 0.14444444444444443
1 0.453125 0.7111111111111111 0.04453125 0.08472222222222223
1 0.7125 0.8333333333333334 0.05546875 0.1125
1 0.5859375 0.8027777777777778 0.05 0.08333333333333333
1 0.5703125 0.8819444444444444 0.05546875 0.125
1 0.66875 0.9458333333333333 0.06171875 0.10833333333333334
1 0.625 0.37777777777777777 0.015625 0.05555555555555555
1 0.5359375 0.3527777777777778 0.01015625 0.03194444444444444
1 0.609375 0.4583333333333333 0.01171875 0.0763888888888889
1 0.5953125 0.4875 0.01484375 0.11944444444444445
1 0.584375 0.5097222222222222 0.021875 0.10833333333333334
1 0.65234375 0.5083333333333333 0.0234375 0.09861111111111111
1 0.6359375 0.46111111111111114 0.0125 0.029166666666666667
1 0.621875 0.5263888888888889 0.03359375 0.11388888888888889
0 0.0375 0.4527777777777778 0.0375 0.1375
0 0.50625 0.7166666666666667 0.06015625 0.1375
0 0.3734375 0.8583333333333333 0.09375 0.2833333333333333