1 0.21875 0.4486111111111111 0.02421875 0.08611111111111111
1 0.23671875 0.4166666666666667 0.0234375 0.08888888888888889
1 0.559375 0.5388888888888889 0.02421875 0.10555555555555556
1 0.565625 0.43333333333333335 0.02578125 0.08472222222222223
1 0.5265625 0.4152777777777778 0.01171875 0.05277777777777778
1 0.51875 0.4027777777777778 0.0125 0.06805555555555555
1 0.50703125 0.3888888888888889 0.0140625 0.0375
1 0.4921875 0.3888888888888889 0.01328125 0.03194444444444444
1 0.6 0.3611111111111111 0.01328125 0.05694444444444444
1 0.59453125 0.3527777777777778 0.0078125 0.05694444444444444
1 0.5875 0.35694444444444445 0.01171875 0.041666666666666664
1 0.58203125 0.35 0.0109375 0.044444444444444446