1 0.28125 0.48055555555555557 0.01953125 0.08333333333333333
1 0.28125 0.40555555555555556 0.02421875 0.06805555555555555
1 0.1296875 0.4444444444444444 0.0375 0.07916666666666666
1 0.02265625 0.42777777777777776 0.0265625 0.0875
1 0.096875 0.5972222222222222 0.04140625 0.12083333333333333
1 0.640625 0.3972222222222222 0.01640625 0.06111111111111111
1 0.6671875 0.5083333333333333 0.01796875 0.05555555555555555
1 0.6828125 0.5402777777777777 0.021875 0.09166666666666666
1 0.69375 0.9708333333333333 0.07734375 0.058333333333333334
1 0.6875 0.8944444444444445 0.06171875 0.15555555555555556
1 0.65703125 0.825 0.0546875 0.10972222222222222
1 0.44609375 0.9597222222222223 0.0765625 0.08055555555555556
0 0.0375 0.7180555555555556 0.075 0.2861111111111111
0 0.6625 0.39166666666666666 0.02890625 0.1125
0 0.5765625 0.9527777777777777 0.07578125 0.09444444444444444