1 0.8375 0.5583333333333333 0.03125 0.09861111111111111
1 0.8171875 0.5416666666666666 0.03125 0.10555555555555556
1 0.7890625 0.5333333333333333 0.02734375 0.09583333333333334
1 0.775 0.5166666666666667 0.025 0.1
1 0.56015625 0.4041666666666667 0.0140625 0.06944444444444445
1 0.484375 0.4083333333333333 0.01484375 0.04583333333333333
1 0.465625 0.40555555555555556 0.01796875 0.0375
1 0.403125 0.49444444444444446 0.03515625 0.11527777777777778
1 0.30625 0.5041666666666667 0.0375 0.10277777777777777
1 0.3421875 0.44166666666666665 0.03515625 0.07361111111111111
1 0.1234375 0.44722222222222224 0.02109375 0.07777777777777778
1 0.0796875 0.48055555555555557 0.03671875 0.09305555555555556
1 0.0484375 0.4791666666666667 0.04375 0.058333333333333334
1 0.0546875 0.5569444444444445 0.03828125 0.09722222222222222
0 0.88203125 0.5736111111111111 0.0390625 0.21388888888888888
0 0.021875 0.4527777777777778 0.03046875 0.1125