1 0.0359375 0.9375 0.071875 0.125
1 0.1765625 0.8611111111111112 0.07421875 0.1986111111111111
1 0.28828125 0.8444444444444444 0.0578125 0.2013888888888889
1 0.3921875 0.625 0.05546875 0.12777777777777777
1 0.6390625 0.3888888888888889 0.01953125 0.04861111111111111
1 0.5671875 0.36666666666666664 0.01796875 0.03888888888888889
1 0.5546875 0.37777777777777777 0.009375 0.03333333333333333
1 0.71640625 0.55 0.0265625 0.11527777777777778
1 0.68125 0.5277777777777778 0.03671875 0.11527777777777778
1 0.59375 0.49722222222222223 0.01953125 0.09444444444444444
1 0.4671875 0.7263888888888889 0.03515625 0.09166666666666666
1 0.61875 0.4777777777777778 0.01796875 0.044444444444444446
1 0.6203125 0.5333333333333333 0.03984375 0.09861111111111111
1 0.7015625 0.6958333333333333 0.04140625 0.13055555555555556
1 0.60390625 0.7847222222222222 0.0515625 0.15833333333333333
1 0.6828125 0.9555555555555556 0.075 0.08888888888888889
1 0.50546875 0.8055555555555556 0.0640625 0.15694444444444444
1 0.4484375 0.9416666666666667 0.071875 0.11666666666666667
0 0.52578125 0.7166666666666667 0.0640625 0.14027777777777778
0 0.0453125 0.43333333333333335 0.040625 0.12083333333333333
0 0.66171875 0.46944444444444444 0.0234375 0.12083333333333333