1 0.6671875 0.4791666666666667 0.01953125 0.08611111111111111
1 0.6421875 0.4847222222222222 0.01875 0.04722222222222222
1 0.640625 0.5666666666666667 0.02734375 0.11805555555555555
1 0.57734375 0.5555555555555556 0.0296875 0.12083333333333333
1 0.1578125 0.4222222222222222 0.02265625 0.06527777777777778
1 0.5609375 0.9361111111111111 0.059375 0.12777777777777777
1 0.50234375 0.9569444444444445 0.0640625 0.08611111111111111
1 0.53828125 0.7472222222222222 0.0578125 0.14305555555555555
1 0.6234375 0.825 0.05390625 0.18194444444444444
1 0.70625 0.6666666666666666 0.046875 0.12222222222222222
1 0.6875 0.5444444444444444 0.03671875 0.10972222222222222
1 0.70234375 0.4513888888888889 0.0203125 0.06944444444444445
1 0.63828125 0.42777777777777776 0.0140625 0.03888888888888889
0 0.73359375 0.5416666666666666 0.0328125 0.18888888888888888
0 0.10703125 0.4305555555555556 0.0328125 0.06111111111111111
0 0.7125 0.9402777777777778 0.12734375 0.11944444444444445