1 0.08203125 0.5888888888888889 0.0515625 0.10972222222222222
1 0.271875 0.43472222222222223 0.028125 0.06388888888888888
1 0.55625 0.43333333333333335 0.01953125 0.07777777777777778
1 0.5375 0.42777777777777776 0.01796875 0.06666666666666667
1 0.609375 0.44583333333333336 0.02265625 0.10277777777777777
1 0.76328125 0.44166666666666665 0.0234375 0.059722222222222225
1 0.75703125 0.5222222222222223 0.0296875 0.09027777777777778
1 0.790625 0.6180555555555556 0.03828125 0.11944444444444445
1 0.89375 0.5805555555555556 0.04453125 0.11805555555555555
1 0.9 0.5055555555555555 0.03125 0.09861111111111111
1 0.86875 0.48333333333333334 0.02109375 0.08333333333333333
1 0.85 0.46111111111111114 0.02734375 0.08888888888888889
0 0.81796875 0.4083333333333333 0.0390625 0.12916666666666668