1 0.70078125 0.4625 0.0140625 0.08055555555555556
1 0.678125 0.475 0.021875 0.06527777777777778
1 0.715625 0.5027777777777778 0.04140625 0.11666666666666667
1 0.6578125 0.4986111111111111 0.02578125 0.09166666666666666
1 0.559375 0.49027777777777776 0.02265625 0.10277777777777777
1 0.5171875 0.4527777777777778 0.02265625 0.10138888888888889
1 0.5296875 0.4861111111111111 0.01796875 0.1
1 0.50546875 0.8305555555555556 0.0859375 0.1763888888888889
1 0.465625 0.7861111111111111 0.065625 0.1388888888888889
1 0.4015625 0.6388888888888888 0.04375 0.14444444444444443
1 0.4234375 0.4361111111111111 0.015625 0.07916666666666666
1 0.3546875 0.45694444444444443 0.01953125 0.06944444444444445
1 0.340625 0.45 0.02109375 0.07361111111111111
1 0.2390625 0.5375 0.03046875 0.058333333333333334
1 0.1890625 0.575 0.025 0.07083333333333333
0 0.37265625 0.4361111111111111 0.0390625 0.15555555555555556
0 0.7765625 0.4527777777777778 0.0375 0.14583333333333334