1 0.83671875 0.5527777777777778 0.0359375 0.11527777777777778
1 0.8125 0.5388888888888889 0.02578125 0.12222222222222222
1 0.79453125 0.5527777777777778 0.0296875 0.10138888888888889
1 0.78203125 0.5277777777777778 0.0359375 0.10416666666666667
1 0.5625 0.4111111111111111 0.01875 0.07083333333333333
1 0.48671875 0.4041666666666667 0.0171875 0.04722222222222222
1 0.4671875 0.4027777777777778 0.01953125 0.04861111111111111
1 0.41796875 0.575 0.0359375 0.1388888888888889
1 0.34375 0.44305555555555554 0.02734375 0.08055555555555556
1 0.1328125 0.49027777777777776 0.04921875 0.10833333333333334
1 0.11875 0.5944444444444444 0.03984375 0.10555555555555556
1 0.05625 0.5527777777777778 0.03515625 0.10416666666666667
1 0.0328125 0.525 0.03203125 0.09444444444444444
1 0.10625 0.44305555555555554 0.015625 0.075