1 0.73828125 0.5138888888888888 0.0234375 0.10138888888888889
1 0.634375 0.5444444444444444 0.04296875 0.10694444444444444
1 0.50703125 0.5694444444444444 0.0234375 0.12638888888888888
1 0.4921875 0.5236111111111111 0.02421875 0.125
1 0.4765625 0.48055555555555557 0.02578125 0.05694444444444444
1 0.4515625 0.4638888888888889 0.021875 0.04861111111111111
1 0.4375 0.48333333333333334 0.025 0.07361111111111111
1 0.434375 0.575 0.046875 0.12083333333333333
1 0.39609375 0.5611111111111111 0.0265625 0.12916666666666668
0 0.35 0.5152777777777777 0.04296875 0.20833333333333334
0 0.9421875 0.6430555555555556 0.075 0.21388888888888888
0 0.6984375 0.4861111111111111 0.04140625 0.19583333333333333