1 0.409375 0.7222222222222222 0.04609375 0.1625
1 0.340625 0.875 0.04921875 0.10972222222222222
1 0.88046875 0.4861111111111111 0.0234375 0.07222222222222222
1 0.840625 0.4486111111111111 0.01875 0.08055555555555556
1 0.5625 0.35694444444444445 0.01640625 0.05277777777777778
1 0.24296875 0.48194444444444445 0.0265625 0.09166666666666666
1 0.225 0.5111111111111111 0.021875 0.09027777777777778
1 0.203125 0.4722222222222222 0.028125 0.08888888888888889
1 0.20703125 0.5833333333333334 0.0484375 0.13194444444444445
1 0.175 0.5291666666666667 0.03828125 0.125
1 0.1609375 0.6180555555555556 0.0375 0.11944444444444445
0 0.1328125 0.6083333333333333 0.071875 0.2708333333333333
0 0.775 0.4111111111111111 0.02265625 0.12083333333333333