1 0.546875 0.4166666666666667 0.01015625 0.07083333333333333
1 0.52890625 0.4388888888888889 0.0171875 0.07222222222222222
1 0.49296875 0.4027777777777778 0.0140625 0.06805555555555555
1 0.48125 0.4 0.01171875 0.03888888888888889
1 0.47734375 0.43333333333333335 0.0234375 0.05416666666666667
1 0.4515625 0.41944444444444445 0.02109375 0.07777777777777778
1 0.4640625 0.4583333333333333 0.025 0.044444444444444446
1 0.3625 0.4638888888888889 0.02734375 0.07083333333333333
1 0.353125 0.41388888888888886 0.01796875 0.04861111111111111
1 0.30625 0.4111111111111111 0.02109375 0.07916666666666666
1 0.278125 0.4166666666666667 0.02109375 0.059722222222222225
1 0.2453125 0.375 0.01796875 0.0375
1 0.2453125 0.425 0.025 0.06666666666666667
1 0.2234375 0.3861111111111111 0.02421875 0.0625
1 0.209375 0.38333333333333336 0.01171875 0.06527777777777778
1 0.196875 0.39444444444444443 0.01796875 0.05416666666666667
1 0.17421875 0.49444444444444446 0.0234375 0.06666666666666667
1 0.1453125 0.5027777777777778 0.02890625 0.0625
0 0.33203125 0.4 0.0265625 0.15138888888888888
0 0.59375 0.48055555555555557 0.03984375 0.16805555555555557
0 0.5546875 0.41944444444444445 0.03203125 0.15