1 0.196875 0.5222222222222223 0.04140625 0.10416666666666667
1 0.2875 0.41388888888888886 0.02578125 0.06111111111111111
1 0.125 0.475 0.02734375 0.08472222222222223
1 0.0734375 0.44305555555555554 0.0375 0.08611111111111111
1 0.87265625 0.7444444444444445 0.0703125 0.10972222222222222
1 0.77578125 0.6138888888888889 0.0578125 0.11666666666666667
1 0.7484375 0.5569444444444445 0.034375 0.058333333333333334
1 0.73125 0.4652777777777778 0.02109375 0.075
1 0.7140625 0.5194444444444445 0.0375 0.09861111111111111
1 0.6828125 0.475 0.03125 0.10972222222222222
0 0.3484375 0.425 0.03359375 0.14583333333333334