1 0.25703125 0.4527777777777778 0.0234375 0.08472222222222223
1 0.2265625 0.38472222222222224 0.01484375 0.06388888888888888
1 0.2046875 0.4444444444444444 0.02578125 0.06527777777777778
1 0.16015625 0.40555555555555556 0.0140625 0.06805555555555555
1 0.234375 0.38055555555555554 0.009375 0.043055555555555555
1 0.14609375 0.41388888888888886 0.0171875 0.06805555555555555
1 0.134375 0.4166666666666667 0.015625 0.05694444444444444
1 0.1 0.45 0.01796875 0.04583333333333333
1 0.71015625 0.4083333333333333 0.0234375 0.05555555555555555
1 0.5375 0.7444444444444445 0.06015625 0.12083333333333333
1 0.55703125 0.8944444444444445 0.0515625 0.1111111111111111
1 0.490625 0.9541666666666667 0.06015625 0.09166666666666666
1 0.7078125 0.8 0.065625 0.15138888888888888
1 0.6875 0.5222222222222223 0.028125 0.1125
0 0.7421875 0.5305555555555556 0.04375 0.16527777777777777
0 0.7703125 0.475 0.02890625 0.17083333333333334