1 0.225 0.475 0.025 0.06805555555555555
1 0.803125 0.5069444444444444 0.02578125 0.08055555555555556
1 0.6109375 0.6236111111111111 0.03828125 0.1527777777777778
1 0.63125 0.5263888888888889 0.02109375 0.09722222222222222
1 0.528125 0.475 0.02109375 0.1
1 0.51875 0.5208333333333334 0.02265625 0.10277777777777777
1 0.5078125 0.5736111111111111 0.025 0.11944444444444445
1 0.48125 0.475 0.03359375 0.07083333333333333
1 0.4421875 0.4777777777777778 0.03046875 0.05694444444444444
1 0.41875 0.5208333333333334 0.03046875 0.10833333333333334
1 0.3984375 0.5597222222222222 0.028125 0.125
1 0.375 0.5777777777777777 0.034375 0.1375
0 0.3375 0.5041666666666667 0.04296875 0.20277777777777778
0 0.640625 0.4361111111111111 0.03359375 0.16527777777777777