1 0.3421875 0.8555555555555555 0.04609375 0.14305555555555555
1 0.6265625 0.7472222222222222 0.05703125 0.14583333333333334
1 0.88984375 0.49444444444444446 0.0265625 0.05694444444444444
1 0.8421875 0.4583333333333333 0.02265625 0.07083333333333333
1 0.56328125 0.35 0.0140625 0.04583333333333333
1 0.553125 0.38333333333333336 0.01953125 0.06111111111111111
1 0.196875 0.5166666666666667 0.028125 0.034722222222222224
1 0.2078125 0.5916666666666667 0.03203125 0.11805555555555555
1 0.171875 0.6222222222222222 0.04375 0.1486111111111111
1 0.14375 0.6305555555555555 0.04296875 0.1375
1 0.125 0.5652777777777778 0.03359375 0.08611111111111111
0 0.165625 0.5555555555555556 0.07265625 0.2152777777777778
0 0.815625 0.43333333333333335 0.03203125 0.14444444444444443