1 0.06953125 0.9027777777777778 0.0671875 0.1625
1 0.44375 0.5819444444444445 0.034375 0.08055555555555556
1 0.93125 0.5416666666666666 0.04296875 0.10138888888888889
1 0.8671875 0.4513888888888889 0.02734375 0.09166666666666666
1 0.846875 0.45 0.021875 0.06666666666666667
1 0.80625 0.42083333333333334 0.021875 0.075
1 0.8015625 0.5097222222222222 0.034375 0.10833333333333334
1 0.73515625 0.5194444444444445 0.0296875 0.1
1 0.6109375 0.4666666666666667 0.02421875 0.09861111111111111
0 0.83671875 0.4166666666666667 0.0421875 0.12083333333333333
0 0.959375 0.5138888888888888 0.03828125 0.16666666666666666