1 0.065625 0.45555555555555555 0.01875 0.05
1 0.075 0.43333333333333335 0.01484375 0.059722222222222225
1 0.0953125 0.44722222222222224 0.01796875 0.04861111111111111
1 0.2296875 0.3972222222222222 0.01796875 0.0625
1 0.209375 0.4305555555555556 0.01953125 0.07222222222222222
1 0.2 0.3888888888888889 0.01328125 0.034722222222222224
1 0.1828125 0.4111111111111111 0.021875 0.06805555555555555
1 0.1515625 0.42083333333333334 0.021875 0.075
1 0.1328125 0.4166666666666667 0.01640625 0.06805555555555555
1 0.59921875 0.7527777777777778 0.0484375 0.09444444444444444
1 0.5390625 0.7513888888888889 0.05625 0.11944444444444445
1 0.5703125 0.9472222222222222 0.05625 0.10555555555555556
1 0.50546875 0.9388888888888889 0.0703125 0.12222222222222222
1 0.778125 0.5861111111111111 0.03046875 0.0763888888888889
1 0.69375 0.5388888888888889 0.02734375 0.09305555555555556
1 0.7453125 0.4736111111111111 0.02109375 0.075
1 0.71328125 0.49444444444444446 0.0109375 0.05555555555555555
1 0.721875 0.4388888888888889 0.01640625 0.05555555555555555
0 0.76015625 0.8694444444444445 0.1140625 0.2611111111111111
0 0.31484375 0.40694444444444444 0.0421875 0.1361111111111111
0 0.7671875 0.4722222222222222 0.040625 0.1736111111111111