1 0.23359375 0.44166666666666665 0.0234375 0.07916666666666666
1 0.17734375 0.4027777777777778 0.0109375 0.05138888888888889
1 0.1703125 0.4222222222222222 0.009375 0.0763888888888889
1 0.68046875 0.8 0.0515625 0.1125
1 0.5375 0.7472222222222222 0.06640625 0.12916666666666668
1 0.56484375 0.9430555555555555 0.0546875 0.11388888888888889
1 0.4984375 0.9416666666666667 0.05625 0.11666666666666667
1 0.5859375 0.4888888888888889 0.028125 0.0763888888888889
1 0.64453125 0.4152777777777778 0.0296875 0.058333333333333334
1 0.7375 0.55 0.03203125 0.08472222222222223
1 0.7109375 0.5611111111111111 0.02890625 0.10972222222222222
1 0.6828125 0.5430555555555555 0.03046875 0.09722222222222222
1 0.66953125 0.49722222222222223 0.0203125 0.08888888888888889
1 0.684375 0.45 0.01953125 0.07083333333333333
0 0.2828125 0.8555555555555555 0.10859375 0.28888888888888886
0 0.1640625 0.4083333333333333 0.02421875 0.09305555555555556
0 0.6171875 0.44166666666666665 0.021875 0.16111111111111112