1 0.1484375 0.6222222222222222 0.046875 0.1388888888888889
1 0.14296875 0.6625 0.0546875 0.1527777777777778
1 0.3421875 0.85 0.04921875 0.13472222222222222
1 0.625 0.7416666666666667 0.053125 0.1625
1 0.8796875 0.48055555555555557 0.02421875 0.07222222222222222
1 0.84375 0.4583333333333333 0.01875 0.06666666666666667
1 0.5890625 0.3541666666666667 0.01484375 0.058333333333333334
1 0.56015625 0.3527777777777778 0.0140625 0.05416666666666667
1 0.4921875 0.38055555555555554 0.01484375 0.03888888888888889
1 0.2515625 0.4847222222222222 0.03046875 0.09722222222222222
1 0.2109375 0.5944444444444444 0.03046875 0.1125
0 0.1765625 0.5722222222222222 0.06328125 0.2569444444444444