1 0.4140625 0.3888888888888889 0.021875 0.0625
1 0.4 0.4083333333333333 0.02265625 0.07916666666666666
1 0.34375 0.4583333333333333 0.028125 0.08194444444444444
1 0.2953125 0.5194444444444445 0.0375 0.10972222222222222
1 0.48359375 0.4 0.0140625 0.043055555555555555
1 0.20390625 0.5027777777777778 0.0328125 0.08333333333333333
1 0.125 0.4666666666666667 0.03046875 0.08888888888888889
1 0.07734375 0.46111111111111114 0.0234375 0.05
1 0.0625 0.5236111111111111 0.03828125 0.10277777777777777
1 0.0375 0.5333333333333333 0.0375 0.09861111111111111
1 0.01640625 0.5569444444444445 0.0328125 0.10277777777777777
1 0.02109375 0.47638888888888886 0.0234375 0.06388888888888888
1 0.1859375 0.5611111111111111 0.03359375 0.10694444444444444
1 0.15859375 0.5444444444444444 0.0359375 0.0875
1 0.109375 0.5347222222222222 0.03515625 0.08055555555555556
1 0.0984375 0.5888888888888889 0.03046875 0.09305555555555556
1 0.1328125 0.6430555555555556 0.06171875 0.1361111111111111
1 0.775 0.5722222222222222 0.05 0.16805555555555557
1 0.7328125 0.5430555555555555 0.05390625 0.14166666666666666
1 0.6578125 0.5208333333333334 0.03828125 0.1527777777777778
1 0.64609375 0.45555555555555555 0.0234375 0.0875
1 0.6203125 0.49583333333333335 0.03203125 0.1361111111111111
1 0.5734375 0.46944444444444444 0.025 0.10694444444444444
0 0.5671875 0.4083333333333333 0.02578125 0.11527777777777778