1 0.428125 0.7361111111111112 0.053125 0.15555555555555556
1 0.3109375 0.4527777777777778 0.02265625 0.09305555555555556
1 0.2796875 0.42777777777777776 0.03125 0.06805555555555555
1 0.1734375 0.4666666666666667 0.02578125 0.0763888888888889
1 0.896875 0.5875 0.03359375 0.11388888888888889
1 0.325 0.525 0.01171875 0.12777777777777777
1 0.5515625 0.43333333333333335 0.02578125 0.08888888888888889
1 0.58046875 0.4041666666666667 0.0203125 0.058333333333333334
1 0.753125 0.5138888888888888 0.03359375 0.08888888888888889
1 0.8171875 0.44722222222222224 0.028125 0.05694444444444444
0 0.84921875 0.4222222222222222 0.0328125 0.14027777777777778
0 0.92578125 0.5333333333333333 0.0421875 0.1875