1 0.25234375 0.5166666666666667 0.0359375 0.12777777777777777
1 0.9828125 0.5972222222222222 0.03203125 0.10972222222222222
1 0.828125 0.5388888888888889 0.02734375 0.10416666666666667
1 0.76796875 0.5625 0.0390625 0.10277777777777777
1 0.615625 0.5333333333333333 0.028125 0.11527777777777778
1 0.603125 0.4930555555555556 0.021875 0.10277777777777777
1 0.5609375 0.4583333333333333 0.01953125 0.10972222222222222
1 0.5375 0.5097222222222222 0.02265625 0.06944444444444445
1 0.515625 0.5583333333333333 0.02890625 0.10694444444444444
1 0.465625 0.5055555555555555 0.01796875 0.11805555555555555
1 0.45 0.5388888888888889 0.03359375 0.1111111111111111
1 0.4234375 0.5111111111111111 0.025 0.09027777777777778
0 0.47109375 0.4305555555555556 0.0359375 0.16666666666666666
0 0.4 0.5319444444444444 0.034375 0.25833333333333336
0 0.86953125 0.5527777777777778 0.0515625 0.2