1 0.2515625 0.5138888888888888 0.040625 0.11527777777777778
1 0.8078125 0.5555555555555556 0.03125 0.1
1 0.73046875 0.5416666666666666 0.0359375 0.1111111111111111
1 0.61484375 0.5138888888888888 0.0328125 0.1111111111111111
1 0.6234375 0.6472222222222223 0.03828125 0.12777777777777777
1 0.57734375 0.5930555555555556 0.0328125 0.10277777777777777
1 0.55625 0.5291666666666667 0.01953125 0.10277777777777777
1 0.5390625 0.5277777777777778 0.02734375 0.12638888888888888
1 0.50625 0.6222222222222222 0.03515625 0.11805555555555555
1 0.51171875 0.5083333333333333 0.0140625 0.09583333333333334
1 0.4953125 0.5083333333333333 0.01953125 0.10694444444444444
1 0.475 0.5277777777777778 0.028125 0.12222222222222222
0 0.3609375 0.4638888888888889 0.0375 0.19027777777777777
0 0.421875 0.55 0.03515625 0.24305555555555555
0 0.88203125 0.5819444444444445 0.0578125 0.20277777777777778