1 0.2453125 0.5111111111111111 0.04609375 0.12222222222222222
1 0.65625 0.4722222222222222 0.028125 0.09305555555555556
1 0.60859375 0.45 0.0296875 0.08333333333333333
1 0.5375 0.4152777777777778 0.028125 0.08611111111111111
1 0.7640625 0.5680555555555555 0.059375 0.10833333333333334
1 0.7765625 0.6875 0.04921875 0.1638888888888889
1 0.6921875 0.6527777777777778 0.059375 0.14305555555555555
1 0.60625 0.6166666666666667 0.0375 0.12777777777777777
1 0.58984375 0.5361111111111111 0.0296875 0.09444444444444444
1 0.5609375 0.5486111111111112 0.03125 0.125
1 0.53125 0.5888888888888889 0.04140625 0.10555555555555556
1 0.45546875 0.5 0.0359375 0.11527777777777778
0 0.3859375 0.5444444444444444 0.046875 0.24027777777777778