1 0.140625 0.55 0.0375 0.12638888888888888
1 0.1875 0.5916666666666667 0.04296875 0.12361111111111112
1 0.85625 0.8222222222222222 0.06796875 0.2013888888888889
1 0.959375 0.7333333333333333 0.065625 0.14027777777777778
1 0.925 0.5847222222222223 0.03984375 0.125
1 0.8890625 0.48333333333333334 0.025 0.08194444444444444
1 0.8796875 0.4666666666666667 0.02890625 0.08333333333333333
1 0.84375 0.44166666666666665 0.03046875 0.07361111111111111
1 0.575 0.4361111111111111 0.021875 0.08472222222222223
1 0.546875 0.4583333333333333 0.02265625 0.06666666666666667
1 0.3671875 0.4111111111111111 0.01796875 0.08194444444444444