1 0.04921875 0.6611111111111111 0.0546875 0.07916666666666666
1 0.046875 0.7055555555555556 0.05546875 0.08333333333333333
1 0.0953125 0.5222222222222223 0.03828125 0.11805555555555555
1 0.109375 0.5875 0.03046875 0.06944444444444445
1 0.665625 0.42777777777777776 0.02109375 0.06111111111111111
1 0.2359375 0.5777777777777777 0.0375 0.12638888888888888
1 0.1671875 0.6013888888888889 0.05234375 0.14166666666666666
1 0.234375 0.4486111111111111 0.03203125 0.08611111111111111
1 0.1703125 0.4791666666666667 0.028125 0.10277777777777777
1 0.49375 0.3888888888888889 0.01875 0.0375
1 0.6546875 0.3819444444444444 0.01640625 0.025
1 0.56484375 0.38472222222222224 0.0203125 0.058333333333333334
1 0.56015625 0.36666666666666664 0.0109375 0.05416666666666667
1 0.5671875 0.3333333333333333 0.01875 0.03333333333333333
0 0.28125 0.6069444444444444 0.075 0.26944444444444443