1 0.4265625 0.6 0.03671875 0.12638888888888888
1 0.46875 0.4777777777777778 0.02734375 0.10138888888888889
1 0.4875 0.475 0.025 0.06111111111111111
1 0.646875 0.48194444444444445 0.03046875 0.08611111111111111
1 0.859375 0.7777777777777778 0.075 0.16666666666666666
1 0.8328125 0.7152777777777778 0.06015625 0.14166666666666666
1 0.71875 0.7888888888888889 0.071875 0.18333333333333332
1 0.65703125 0.6555555555555556 0.0359375 0.15138888888888888
1 0.5890625 0.7069444444444445 0.05234375 0.11944444444444445
0 0.3484375 0.5055555555555555 0.03984375 0.22361111111111112
0 0.2828125 0.6916666666666667 0.07109375 0.29444444444444445