1 0.815625 0.7277777777777777 0.05859375 0.16527777777777777
1 0.75 0.6805555555555556 0.04765625 0.1597222222222222
1 0.7578125 0.5694444444444444 0.0375 0.10555555555555556
1 0.6828125 0.49166666666666664 0.03359375 0.08472222222222223
1 0.615625 0.6194444444444445 0.05078125 0.10972222222222222
1 0.453125 0.5722222222222222 0.04296875 0.12083333333333333
1 0.4828125 0.4791666666666667 0.03359375 0.075
1 0.446875 0.39444444444444443 0.01875 0.06527777777777778
1 0.4265625 0.5083333333333333 0.028125 0.10555555555555556
1 0.2640625 0.575 0.05703125 0.17222222222222222
0 0.33671875 0.5152777777777777 0.0453125 0.225