1 0.334375 0.39305555555555555 0.02265625 0.075
1 0.48125 0.39305555555555555 0.01875 0.06944444444444445
1 0.5453125 0.44305555555555554 0.025 0.09722222222222222
1 0.72109375 0.4888888888888889 0.0296875 0.09444444444444444
1 0.6765625 0.5222222222222223 0.034375 0.13194444444444445
1 0.615625 0.44722222222222224 0.025 0.09861111111111111
1 0.921875 0.6819444444444445 0.06015625 0.18055555555555555
1 0.9140625 0.6444444444444445 0.0625 0.17916666666666667
1 0.9015625 0.6236111111111111 0.05390625 0.16944444444444445
1 0.85390625 0.6166666666666667 0.0546875 0.15
1 0.84140625 0.5680555555555555 0.0515625 0.16944444444444445
1 0.278125 0.5638888888888889 0.03515625 0.11527777777777778
1 0.1515625 0.5638888888888889 0.03203125 0.10555555555555556
1 0.14921875 0.6416666666666667 0.0421875 0.13194444444444445
1 0.1234375 0.5944444444444444 0.03046875 0.1
1 0.1 0.5791666666666667 0.03046875 0.14722222222222223
1 0.1234375 0.4666666666666667 0.03046875 0.09444444444444444
1 0.0828125 0.45555555555555555 0.01953125 0.06527777777777778
1 0.07734375 0.5944444444444444 0.0328125 0.12916666666666668
0 0.58984375 0.42916666666666664 0.0265625 0.1361111111111111
0 0.4578125 0.4305555555555556 0.02578125 0.10416666666666667