1 0.8796875 0.8430555555555556 0.06484375 0.1638888888888889
1 0.8171875 0.8694444444444445 0.06953125 0.14444444444444443
1 0.6609375 0.9 0.07890625 0.1486111111111111
1 0.8046875 0.6347222222222222 0.04609375 0.13055555555555556
1 0.78515625 0.5694444444444444 0.0328125 0.1125
1 0.6734375 0.5638888888888889 0.03515625 0.10555555555555556
1 0.67109375 0.4791666666666667 0.0203125 0.058333333333333334
1 0.6515625 0.48333333333333334 0.021875 0.059722222222222225
1 0.321875 0.4444444444444444 0.034375 0.09305555555555556
1 0.2484375 0.48055555555555557 0.03125 0.10555555555555556
1 0.109375 0.5666666666666667 0.05234375 0.12777777777777777
0 0.1515625 0.44722222222222224 0.03828125 0.18333333333333332
0 0.1078125 0.4638888888888889 0.05 0.1763888888888889
0 0.7296875 0.6416666666666667 0.06875 0.26666666666666666