1 0.68125 0.5166666666666667 0.03046875 0.1
1 0.6078125 0.48055555555555557 0.025 0.07361111111111111
1 0.5953125 0.5722222222222222 0.03046875 0.11527777777777778
1 0.5734375 0.5166666666666667 0.028125 0.13472222222222222
1 0.53984375 0.5055555555555555 0.0265625 0.06805555555555555
1 0.5265625 0.5888888888888889 0.03125 0.12916666666666668
1 0.534375 0.6083333333333333 0.03359375 0.12916666666666668
1 0.49375 0.46805555555555556 0.02109375 0.058333333333333334
1 0.48046875 0.5638888888888889 0.0296875 0.1125
1 0.4703125 0.46805555555555556 0.021875 0.08611111111111111
1 0.440625 0.4847222222222222 0.03125 0.04722222222222222
1 0.32734375 0.5652777777777778 0.0421875 0.09166666666666666
1 0.25 0.5166666666666667 0.04609375 0.13472222222222222
0 0.3390625 0.4583333333333333 0.03828125 0.18333333333333332
0 0.4015625 0.5416666666666666 0.046875 0.23333333333333334
0 0.54375 0.44305555555555554 0.02734375 0.14166666666666666