1 0.090625 0.6444444444444445 0.05390625 0.1388888888888889
1 0.31796875 0.7791666666666667 0.0421875 0.175
1 0.1265625 0.5958333333333333 0.03984375 0.14722222222222223
1 0.2328125 0.5527777777777778 0.04296875 0.13472222222222222
1 0.20546875 0.5888888888888889 0.0328125 0.12222222222222222
1 0.646875 0.7305555555555555 0.04453125 0.16111111111111112
1 0.89375 0.4930555555555556 0.021875 0.05277777777777778
1 0.7890625 0.4361111111111111 0.01796875 0.05416666666666667
1 0.55390625 0.35 0.0109375 0.05555555555555555
1 0.5875 0.3597222222222222 0.015625 0.05277777777777778
1 0.56640625 0.3597222222222222 0.0109375 0.058333333333333334
0 0.165625 0.5666666666666667 0.05859375 0.22916666666666666
0 0.8265625 0.4236111111111111 0.03359375 0.125