1 0.8265625 0.575 0.02734375 0.09861111111111111
1 0.80234375 0.575 0.0328125 0.12361111111111112
1 0.7875 0.5736111111111111 0.03671875 0.13055555555555556
1 0.7078125 0.4305555555555556 0.02109375 0.06666666666666667
1 0.5765625 0.6875 0.03828125 0.16944444444444445
1 0.54296875 0.7888888888888889 0.0359375 0.17777777777777778
1 0.52734375 0.7125 0.0296875 0.10277777777777777
1 0.4953125 0.8305555555555556 0.06640625 0.14583333333333334
1 0.478125 0.8152777777777778 0.05078125 0.14166666666666666
1 0.48125 0.7555555555555555 0.034375 0.09444444444444444
1 0.46875 0.4111111111111111 0.01953125 0.09027777777777778
1 0.4375 0.4861111111111111 0.02734375 0.06666666666666667
1 0.409375 0.4777777777777778 0.02578125 0.05555555555555555
1 0.41015625 0.3888888888888889 0.0140625 0.034722222222222224
0 0.16875 0.6152777777777778 0.06875 0.2916666666666667
0 0.7796875 0.4583333333333333 0.025 0.12361111111111112
0 0.80234375 0.5083333333333333 0.0359375 0.1625