1 0.24921875 0.5152777777777777 0.0359375 0.11388888888888889
1 0.946875 0.7152777777777778 0.07109375 0.16944444444444445
1 0.79375 0.5611111111111111 0.04765625 0.10138888888888889
1 0.6171875 0.6333333333333333 0.03984375 0.1375
1 0.56015625 0.5777777777777777 0.0328125 0.11666666666666667
1 0.53984375 0.4388888888888889 0.0296875 0.04861111111111111
1 0.53671875 0.5194444444444445 0.0296875 0.11527777777777778
1 0.5 0.6041666666666666 0.03515625 0.1361111111111111
1 0.4890625 0.4638888888888889 0.028125 0.09583333333333334
1 0.4765625 0.525 0.02421875 0.10694444444444444
0 0.421875 0.5569444444444445 0.03671875 0.24166666666666667
0 0.39921875 0.4388888888888889 0.0359375 0.17777777777777778
0 0.8828125 0.5666666666666667 0.06953125 0.17916666666666667