1 0.15625 0.4166666666666667 0.01796875 0.06805555555555555
1 0.140625 0.41388888888888886 0.01796875 0.06527777777777778
1 0.40625 0.475 0.03515625 0.09305555555555556
1 0.5546875 0.5236111111111111 0.03046875 0.08611111111111111
1 0.5375 0.75 0.06015625 0.12777777777777777
1 0.5640625 0.9402777777777778 0.04921875 0.11944444444444445
1 0.5015625 0.9513888888888888 0.06953125 0.09722222222222222
1 0.6796875 0.8083333333333333 0.053125 0.1111111111111111
1 0.7359375 0.5541666666666667 0.02265625 0.09166666666666666
1 0.7078125 0.5625 0.02734375 0.11944444444444445
1 0.6921875 0.5305555555555556 0.03671875 0.08472222222222223
1 0.665625 0.475 0.021875 0.09444444444444444
1 0.65625 0.44166666666666665 0.01640625 0.04861111111111111
0 0.52734375 0.4638888888888889 0.0390625 0.16527777777777777
0 0.1140625 0.4083333333333333 0.02421875 0.10555555555555556