1 0.9109375 0.6 0.03046875 0.11805555555555555
1 0.8890625 0.6277777777777778 0.04296875 0.12777777777777777
1 0.6578125 0.4666666666666667 0.02265625 0.10138888888888889
1 0.5546875 0.4 0.01875 0.07916666666666666
1 0.51875 0.4111111111111111 0.02109375 0.07222222222222222
1 0.4984375 0.4444444444444444 0.02109375 0.07083333333333333
1 0.4828125 0.40555555555555556 0.01875 0.05
1 0.4640625 0.37777777777777777 0.01484375 0.05416666666666667
1 0.45625 0.43333333333333335 0.02734375 0.07361111111111111
1 0.821875 0.55 0.03203125 0.10972222222222222
1 0.0671875 0.5430555555555555 0.034375 0.10277777777777777
1 0.103125 0.45 0.02578125 0.08333333333333333
0 0.1765625 0.5569444444444445 0.06484375 0.20833333333333334
0 0.0515625 0.4444444444444444 0.03125 0.13472222222222222
0 0.84921875 0.5847222222222223 0.0421875 0.21944444444444444