1 0.596875 0.36666666666666664 0.01640625 0.04861111111111111
1 0.5734375 0.36527777777777776 0.02109375 0.04722222222222222
1 0.51875 0.3625 0.01796875 0.058333333333333334
1 0.490625 0.36666666666666664 0.015625 0.04861111111111111
1 0.240625 0.8972222222222223 0.090625 0.19027777777777777
1 0.39453125 0.9361111111111111 0.0671875 0.12361111111111112
1 0.634375 0.9333333333333333 0.06484375 0.12916666666666668
1 0.58125 0.6652777777777777 0.03984375 0.06388888888888888
1 0.6140625 0.5111111111111111 0.028125 0.1125
1 0.6078125 0.4513888888888889 0.02109375 0.05277777777777778
1 0.5703125 0.5111111111111111 0.04765625 0.08333333333333333
1 0.5734375 0.4361111111111111 0.01875 0.04583333333333333
1 0.54375 0.4888888888888889 0.02578125 0.10972222222222222
1 0.57265625 0.475 0.0359375 0.059722222222222225
0 0.5609375 0.8305555555555556 0.0875 0.3347222222222222
0 0.32421875 0.45555555555555555 0.0328125 0.16805555555555557
0 0.2234375 0.4708333333333333 0.04453125 0.1638888888888889
0 0.6171875 0.3597222222222222 0.01640625 0.10833333333333334