1 0.3515625 0.49583333333333335 0.01875 0.06388888888888888
1 0.046875 0.6277777777777778 0.06796875 0.12916666666666668
1 0.184375 0.4638888888888889 0.028125 0.06805555555555555
1 0.2390625 0.4861111111111111 0.02421875 0.10416666666666667
1 0.2140625 0.49583333333333335 0.025 0.09166666666666666
1 0.28515625 0.44166666666666665 0.0203125 0.08194444444444444
1 0.271875 0.4166666666666667 0.01953125 0.08333333333333333
1 0.6015625 0.46111111111111114 0.02265625 0.08472222222222223
1 0.6015625 0.3611111111111111 0.01484375 0.05555555555555555
1 0.5421875 0.43472222222222223 0.01875 0.08055555555555556
1 0.534375 0.38055555555555554 0.01875 0.06111111111111111
0 0.5828125 0.4375 0.03984375 0.1527777777777778
0 0.209375 0.46111111111111114 0.0375 0.16666666666666666