1 0.2171875 0.9444444444444444 0.084375 0.10694444444444444
1 0.06328125 0.6166666666666667 0.0515625 0.13472222222222222
1 0.1921875 0.48055555555555557 0.03125 0.0625
1 0.85 0.6027777777777777 0.025 0.09583333333333334
1 0.80234375 0.5694444444444444 0.0359375 0.08333333333333333
1 0.75078125 0.5583333333333333 0.0484375 0.11527777777777778
1 0.7109375 0.4638888888888889 0.02109375 0.0763888888888889
1 0.69921875 0.4388888888888889 0.0234375 0.044444444444444446
1 0.6890625 0.5097222222222222 0.02890625 0.09722222222222222
1 0.659375 0.46111111111111114 0.021875 0.06805555555555555
1 0.6609375 0.5208333333333334 0.02578125 0.11388888888888889
1 0.63828125 0.44166666666666665 0.0265625 0.07361111111111111
1 0.6296875 0.5222222222222223 0.03046875 0.12083333333333333
1 0.56875 0.43194444444444446 0.02109375 0.08055555555555556
1 0.5734375 0.5791666666666667 0.03203125 0.06388888888888888
1 0.53125 0.49166666666666664 0.03359375 0.059722222222222225
0 0.3984375 0.5375 0.03984375 0.225
0 0.34375 0.41944444444444445 0.03515625 0.14444444444444443
0 0.690625 0.4375 0.046875 0.09722222222222222