1 0.09296875 0.6277777777777778 0.0453125 0.13472222222222222
1 0.065625 0.6388888888888888 0.03984375 0.08472222222222223
1 0.053125 0.5736111111111111 0.03984375 0.06388888888888888
1 0.68984375 0.4583333333333333 0.0296875 0.07361111111111111
1 0.69296875 0.5055555555555555 0.0265625 0.09861111111111111
1 0.6296875 0.48055555555555557 0.03203125 0.08888888888888889
1 0.6140625 0.4083333333333333 0.01953125 0.043055555555555555
1 0.603125 0.45555555555555555 0.02578125 0.10416666666666667
1 0.584375 0.5 0.02421875 0.09583333333333334
1 0.571875 0.5611111111111111 0.03203125 0.10555555555555556
1 0.534375 0.4861111111111111 0.03203125 0.043055555555555555
1 0.528125 0.5444444444444444 0.034375 0.1111111111111111
1 0.5046875 0.49166666666666664 0.02578125 0.1125
1 0.48203125 0.475 0.0359375 0.10694444444444444
1 0.4515625 0.48194444444444445 0.02890625 0.06388888888888888
1 0.7203125 0.5083333333333333 0.028125 0.06527777777777778
0 0.76171875 0.475 0.0359375 0.17777777777777778
0 0.6640625 0.45555555555555555 0.02265625 0.1597222222222222