1 0.2625 0.3680555555555556 0.01796875 0.058333333333333334
1 0.22890625 0.38055555555555554 0.0140625 0.06666666666666667
1 0.2203125 0.38055555555555554 0.0125 0.05694444444444444
1 0.209375 0.39444444444444443 0.01484375 0.059722222222222225
1 0.1984375 0.40555555555555556 0.02421875 0.0625
1 0.159375 0.4222222222222222 0.021875 0.07083333333333333
1 0.1390625 0.41388888888888886 0.02578125 0.06666666666666667
1 0.74921875 0.425 0.0234375 0.05555555555555555
1 0.684375 0.45694444444444443 0.02734375 0.08055555555555556
1 0.7453125 0.4875 0.02265625 0.06944444444444445
1 0.778125 0.5833333333333334 0.03125 0.11527777777777778
1 0.7546875 0.5611111111111111 0.025 0.0875
1 0.6921875 0.5333333333333333 0.02890625 0.08472222222222223
1 0.59375 0.7694444444444445 0.04921875 0.10555555555555556
1 0.5359375 0.7472222222222222 0.05859375 0.13472222222222222
1 0.5890625 0.95 0.06640625 0.1
1 0.5015625 0.9486111111111111 0.071875 0.10277777777777777
0 0.81015625 0.8819444444444444 0.0671875 0.2361111111111111
0 0.08125 0.4361111111111111 0.03203125 0.13472222222222222
0 0.7765625 0.5222222222222223 0.025 0.19305555555555556