1 0.765625 0.5583333333333333 0.046875 0.09444444444444444
1 0.7015625 0.5708333333333333 0.04140625 0.11944444444444445
1 0.6234375 0.5222222222222223 0.034375 0.12638888888888888
1 0.6046875 0.48194444444444445 0.03515625 0.08055555555555556
1 0.578125 0.4666666666666667 0.034375 0.11527777777777778
1 0.53125 0.5111111111111111 0.028125 0.0763888888888889
1 0.50625 0.5555555555555556 0.02890625 0.1375
1 0.4671875 0.5166666666666667 0.03671875 0.09444444444444444
1 0.4640625 0.6083333333333333 0.04296875 0.10694444444444444
1 0.2515625 0.5055555555555555 0.03046875 0.1125
0 0.40859375 0.5444444444444444 0.0421875 0.25555555555555554
0 0.4703125 0.43472222222222223 0.03359375 0.1638888888888889