1 0.93125 0.9777777777777777 0.05546875 0.043055555555555555
1 0.440625 0.4083333333333333 0.01953125 0.05555555555555555
1 0.4875 0.4375 0.03046875 0.06944444444444445
1 0.790625 0.6472222222222223 0.028125 0.07916666666666666
1 0.76796875 0.7638888888888888 0.0453125 0.09027777777777778
1 0.7625 0.6833333333333333 0.03671875 0.12361111111111112
1 0.71875 0.6125 0.02578125 0.06388888888888888
1 0.7375 0.6472222222222223 0.028125 0.12222222222222222
0 0.4609375 0.3888888888888889 0.02578125 0.12083333333333333
0 0.8453125 0.7027777777777777 0.04765625 0.15138888888888888
0 0.8171875 0.5833333333333334 0.03203125 0.10555555555555556