1 0.046875 0.6777777777777778 0.05234375 0.09305555555555556
1 0.13125 0.6 0.04296875 0.1597222222222222
1 0.26171875 0.6319444444444444 0.0359375 0.14166666666666666
1 0.665625 0.7333333333333333 0.05390625 0.14583333333333334
1 0.88671875 0.475 0.0234375 0.07777777777777778
1 0.7296875 0.40555555555555556 0.01796875 0.07361111111111111
1 0.5703125 0.3527777777777778 0.0125 0.05694444444444444
1 0.5578125 0.3472222222222222 0.01484375 0.05694444444444444
1 0.5484375 0.35138888888888886 0.015625 0.05277777777777778
1 0.48984375 0.38055555555555554 0.0171875 0.044444444444444446
1 0.20390625 0.5930555555555556 0.0296875 0.125
1 0.21875 0.5583333333333333 0.03359375 0.13472222222222222
0 0.1625 0.5611111111111111 0.07109375 0.22361111111111112