1 0.35234375 0.6 0.0390625 0.09305555555555556
1 0.8625 0.5694444444444444 0.04375 0.12083333333333333
1 0.659375 0.475 0.025 0.0625
1 0.5828125 0.4222222222222222 0.02109375 0.08333333333333333
1 0.6140625 0.55 0.025 0.12638888888888888
1 0.5953125 0.625 0.03671875 0.13472222222222222
1 0.5859375 0.5291666666666667 0.034375 0.09166666666666666
1 0.5453125 0.4527777777777778 0.02109375 0.07222222222222222
1 0.5296875 0.44166666666666665 0.01796875 0.07777777777777778
1 0.55 0.5611111111111111 0.02734375 0.12361111111111112
1 0.5203125 0.6027777777777777 0.034375 0.15416666666666667
1 0.5484375 0.49027777777777776 0.03203125 0.04722222222222222
0 0.4140625 0.5777777777777777 0.040625 0.25