1 0.26640625 0.36666666666666664 0.0171875 0.05555555555555555
1 0.21015625 0.39444444444444443 0.0140625 0.06111111111111111
1 0.1890625 0.4041666666666667 0.021875 0.058333333333333334
1 0.140625 0.4166666666666667 0.03203125 0.07083333333333333
1 0.090625 0.4486111111111111 0.02109375 0.04722222222222222
1 0.0765625 0.4388888888888889 0.01796875 0.07222222222222222
1 0.059375 0.4361111111111111 0.01328125 0.043055555555555555
1 0.7484375 0.40555555555555556 0.015625 0.06111111111111111
1 0.73359375 0.42083333333333334 0.0203125 0.058333333333333334
1 0.6859375 0.43333333333333335 0.01796875 0.06111111111111111
1 0.7515625 0.6027777777777777 0.03984375 0.09861111111111111
1 0.6859375 0.5111111111111111 0.02890625 0.1
1 0.5375 0.7333333333333333 0.0625 0.11527777777777778
1 0.55390625 0.8777777777777778 0.0609375 0.07083333333333333
1 0.5671875 0.9527777777777777 0.065625 0.09444444444444444
1 0.4984375 0.9513888888888888 0.07578125 0.09722222222222222
0 0.7328125 0.8666666666666667 0.07734375 0.2652777777777778
0 0.76796875 0.4583333333333333 0.0328125 0.1486111111111111
0 0.22421875 0.3972222222222222 0.0203125 0.10694444444444444
0 0.16484375 0.4 0.0328125 0.1111111111111111