1 0.321875 0.7277777777777777 0.040625 0.08472222222222223
1 0.3046875 0.7027777777777777 0.028125 0.08472222222222223
1 0.49375 0.5763888888888888 0.028125 0.11944444444444445
1 0.42578125 0.5111111111111111 0.0328125 0.09861111111111111
1 0.375 0.5583333333333333 0.01953125 0.09444444444444444
1 0.3625 0.5361111111111111 0.03046875 0.09444444444444444
1 0.32109375 0.5555555555555556 0.0265625 0.10555555555555556
1 0.2890625 0.5777777777777777 0.03125 0.08333333333333333
1 0.3 0.5444444444444444 0.021875 0.09305555555555556
1 0.8296875 0.49583333333333335 0.02265625 0.06388888888888888
1 0.69453125 0.41805555555555557 0.0140625 0.058333333333333334
1 0.6578125 0.41388888888888886 0.02109375 0.05555555555555555
0 0.79375 0.4666666666666667 0.021875 0.13194444444444445
0 0.26640625 0.5361111111111111 0.0203125 0.15416666666666667