1 0.4125 0.48333333333333334 0.03515625 0.1125
1 0.259375 0.49166666666666664 0.03828125 0.1111111111111111
1 0.2375 0.38055555555555554 0.01796875 0.05555555555555555
1 0.2234375 0.375 0.01171875 0.04027777777777778
1 0.2171875 0.3888888888888889 0.01484375 0.05555555555555555
1 0.2078125 0.3888888888888889 0.01484375 0.05555555555555555
1 0.16328125 0.4097222222222222 0.0171875 0.06944444444444445
1 0.14296875 0.4166666666666667 0.0234375 0.07222222222222222
1 0.7484375 0.4027777777777778 0.015625 0.05416666666666667
1 0.734375 0.4083333333333333 0.01328125 0.05416666666666667
1 0.64375 0.49166666666666664 0.03203125 0.08888888888888889
1 0.72734375 0.4791666666666667 0.0234375 0.058333333333333334
1 0.5359375 0.7472222222222222 0.06015625 0.09305555555555556
1 0.5625 0.8666666666666667 0.05546875 0.14027777777777778
1 0.571875 0.9583333333333334 0.06171875 0.07916666666666666
1 0.5078125 0.9583333333333334 0.06953125 0.08194444444444444
0 0.8375 0.8875 0.09453125 0.225
0 0.7703125 0.4583333333333333 0.03984375 0.15694444444444444
0 0.0984375 0.4222222222222222 0.0375 0.1111111111111111