1 0.26640625 0.36944444444444446 0.0203125 0.059722222222222225
1 0.22578125 0.38333333333333336 0.0203125 0.0625
1 0.209375 0.39305555555555555 0.01875 0.058333333333333334
1 0.15625 0.4166666666666667 0.02109375 0.0625
1 0.13984375 0.4166666666666667 0.0140625 0.059722222222222225
1 0.1296875 0.40555555555555556 0.01015625 0.04861111111111111
1 0.0984375 0.4361111111111111 0.0125 0.06805555555555555
1 0.0671875 0.44722222222222224 0.02578125 0.0763888888888889
1 0.715625 0.4583333333333333 0.01875 0.08194444444444444
1 0.7359375 0.44305555555555554 0.02109375 0.06388888888888888
1 0.7421875 0.49166666666666664 0.01796875 0.07083333333333333
1 0.69375 0.5305555555555556 0.02578125 0.08888888888888889
1 0.5859375 0.7638888888888888 0.04140625 0.1111111111111111
1 0.5359375 0.7472222222222222 0.06171875 0.1375
1 0.5703125 0.9458333333333333 0.053125 0.10833333333333334
1 0.4984375 0.9472222222222222 0.06171875 0.10555555555555556
1 0.7796875 0.5888888888888889 0.028125 0.07222222222222222
1 0.75703125 0.5597222222222222 0.0296875 0.09722222222222222
0 0.7421875 0.775 0.075 0.2
0 0.16875 0.3972222222222222 0.03046875 0.09444444444444444