1 0.484375 0.39166666666666666 0.01875 0.06805555555555555
1 0.428125 0.4666666666666667 0.025 0.09305555555555556
1 0.3375 0.3972222222222222 0.02265625 0.07916666666666666
1 0.7171875 0.4888888888888889 0.02578125 0.09444444444444444
1 0.68203125 0.5291666666666667 0.0328125 0.1361111111111111
1 0.61796875 0.48333333333333334 0.0234375 0.09861111111111111
1 0.603125 0.42777777777777776 0.01953125 0.08194444444444444
1 0.9484375 0.6888888888888889 0.065625 0.18333333333333332
1 0.934375 0.6625 0.04765625 0.1638888888888889
1 0.91328125 0.65 0.0609375 0.19027777777777777
1 0.896875 0.625 0.053125 0.16805555555555557
1 0.85546875 0.6083333333333333 0.0515625 0.15555555555555556
1 0.8328125 0.5833333333333334 0.04453125 0.15694444444444444
1 0.13125 0.4527777777777778 0.02265625 0.0625
1 0.08125 0.6236111111111111 0.04453125 0.11388888888888889
1 0.11640625 0.5916666666666667 0.0296875 0.11666666666666667
1 0.153125 0.6361111111111111 0.04609375 0.12361111111111112
1 0.1484375 0.5458333333333333 0.02734375 0.058333333333333334
0 0.5453125 0.4013888888888889 0.03125 0.10833333333333334
0 0.65546875 0.48194444444444445 0.0234375 0.16944444444444445