1 0.240625 0.38055555555555554 0.01953125 0.05694444444444444
1 0.2203125 0.3819444444444444 0.01640625 0.05277777777777778
1 0.22265625 0.4305555555555556 0.0234375 0.06111111111111111
1 0.1578125 0.41388888888888886 0.01953125 0.06805555555555555
1 0.1390625 0.4166666666666667 0.015625 0.06666666666666667
1 0.1234375 0.40694444444444444 0.01328125 0.04722222222222222
1 0.0890625 0.42916666666666664 0.02109375 0.06388888888888888
1 0.7453125 0.40555555555555556 0.01328125 0.06111111111111111
1 0.70625 0.4083333333333333 0.021875 0.05416666666666667
1 0.6515625 0.46111111111111114 0.02578125 0.07083333333333333
1 0.6859375 0.5166666666666667 0.03515625 0.10138888888888889
1 0.5328125 0.7361111111111112 0.06484375 0.11666666666666667
1 0.4953125 0.9694444444444444 0.06640625 0.06111111111111111
1 0.553125 0.8958333333333334 0.05234375 0.10833333333333334
1 0.62578125 0.9277777777777778 0.0671875 0.14444444444444443
0 0.803125 0.8916666666666667 0.09296875 0.21666666666666667
0 0.75 0.5277777777777778 0.025 0.1736111111111111
0 0.765625 0.44722222222222224 0.025 0.14305555555555555
0 0.06640625 0.4305555555555556 0.0359375 0.1111111111111111