1 0.1640625 0.575 0.05703125 0.0875
1 0.8328125 0.6125 0.040625 0.14722222222222223
1 0.784375 0.5611111111111111 0.04296875 0.12083333333333333
1 0.51875 0.7833333333333333 0.04140625 0.16805555555555557
1 0.6203125 0.4888888888888889 0.02265625 0.09444444444444444
1 0.521875 0.4861111111111111 0.03359375 0.07222222222222222
1 0.4546875 0.4861111111111111 0.01484375 0.09583333333333334
1 0.4421875 0.46111111111111114 0.021875 0.08333333333333333
1 0.4015625 0.4722222222222222 0.02109375 0.09027777777777778
1 0.36953125 0.4777777777777778 0.0296875 0.10138888888888889
1 0.35625 0.5625 0.03046875 0.125
1 0.41875 0.4222222222222222 0.02265625 0.0763888888888889
1 0.35625 0.4027777777777778 0.02109375 0.05555555555555555
1 0.2875 0.4777777777777778 0.03203125 0.10138888888888889
1 0.271875 0.4041666666666667 0.021875 0.058333333333333334
1 0.23359375 0.5027777777777778 0.0296875 0.06527777777777778
0 0.6609375 0.4444444444444444 0.02578125 0.15138888888888888
0 0.634375 0.4111111111111111 0.03671875 0.14305555555555555
0 0.55546875 0.48055555555555557 0.0328125 0.19444444444444445