1 0.2984375 0.6777777777777778 0.06953125 0.19305555555555556
1 0.74765625 0.8291666666666667 0.0640625 0.14722222222222223
1 0.775 0.5222222222222223 0.03046875 0.08888888888888889
1 0.74375 0.5027777777777778 0.02421875 0.10138888888888889
1 0.66875 0.4777777777777778 0.02734375 0.07916666666666666
1 0.621875 0.45694444444444443 0.01953125 0.09166666666666666
1 0.5859375 0.4513888888888889 0.01796875 0.08611111111111111
1 0.5734375 0.41944444444444445 0.021875 0.09444444444444444
1 0.5234375 0.4388888888888889 0.025 0.09583333333333334
1 0.4984375 0.43333333333333335 0.021875 0.08472222222222223
0 0.453125 0.39444444444444443 0.02578125 0.13472222222222222
0 0.6 0.4361111111111111 0.03203125 0.09861111111111111