1 0.1625 0.5541666666666667 0.03203125 0.09166666666666666
1 0.9296875 0.7777777777777778 0.034375 0.10416666666666667
1 0.7875 0.5944444444444444 0.03515625 0.11805555555555555
1 0.6828125 0.5652777777777778 0.03046875 0.125
1 0.66484375 0.5513888888888889 0.0296875 0.1361111111111111
1 0.503125 0.8375 0.034375 0.19722222222222222
1 0.4859375 0.7833333333333333 0.03203125 0.19027777777777777
1 0.4578125 0.7069444444444445 0.046875 0.10833333333333334
1 0.43828125 0.8555555555555555 0.0640625 0.15
1 0.421875 0.825 0.046875 0.15416666666666667
1 0.4140625 0.7708333333333334 0.04609375 0.10833333333333334
1 0.5140625 0.45 0.028125 0.0875
1 0.46796875 0.4861111111111111 0.0265625 0.0625
1 0.3859375 0.4111111111111111 0.021875 0.07361111111111111
1 0.3640625 0.4888888888888889 0.03359375 0.0763888888888889
1 0.346875 0.4111111111111111 0.02421875 0.044444444444444446
0 0.68515625 0.48333333333333334 0.0296875 0.1736111111111111
0 0.278125 0.4486111111111111 0.02578125 0.16944444444444445
0 0.328125 0.3888888888888889 0.021875 0.1111111111111111