1 0.1609375 0.575 0.0625 0.08333333333333333
1 0.8046875 0.6486111111111111 0.05703125 0.18055555555555555
1 0.7828125 0.5638888888888889 0.03828125 0.12638888888888888
1 0.40859375 0.8013888888888889 0.0671875 0.15833333333333333
1 0.3015625 0.55 0.040625 0.0875
1 0.2453125 0.4638888888888889 0.03046875 0.09583333333333334
1 0.21953125 0.45555555555555555 0.0265625 0.1
1 0.52265625 0.49166666666666664 0.0328125 0.07222222222222222
1 0.50234375 0.42777777777777776 0.0234375 0.08472222222222223
1 0.47265625 0.49166666666666664 0.0234375 0.07083333333333333
1 0.44375 0.4708333333333333 0.02265625 0.08611111111111111
1 0.4203125 0.45416666666666666 0.02734375 0.09166666666666666
1 0.33828125 0.4666666666666667 0.0296875 0.10138888888888889
1 0.3 0.4444444444444444 0.02578125 0.08888888888888889
1 0.27265625 0.4152777777777778 0.0203125 0.08611111111111111
0 0.565625 0.5555555555555556 0.06171875 0.2111111111111111
0 0.7125 0.5375 0.06171875 0.24166666666666667
0 0.6828125 0.43194444444444446 0.02890625 0.1638888888888889
0 0.640625 0.4083333333333333 0.03046875 0.1375