1 0.6265625 0.5138888888888888 0.03125 0.08194444444444444
1 0.6109375 0.45555555555555555 0.02109375 0.06111111111111111
1 0.56484375 0.42916666666666664 0.0109375 0.03611111111111111
1 0.58203125 0.49444444444444446 0.0359375 0.07916666666666666
1 0.571875 0.4666666666666667 0.01953125 0.06527777777777778
1 0.5484375 0.5138888888888888 0.0375 0.1111111111111111
1 0.5109375 0.49444444444444446 0.02734375 0.12222222222222222
1 0.5765625 0.3611111111111111 0.01953125 0.05694444444444444
1 0.540625 0.35 0.01484375 0.05
1 0.5140625 0.36944444444444446 0.01484375 0.05
1 0.153125 0.8986111111111111 0.0875 0.20277777777777778
1 0.57578125 0.7055555555555556 0.0546875 0.1375
1 0.63515625 0.9319444444444445 0.0734375 0.1361111111111111
1 0.603125 0.7805555555555556 0.04296875 0.10138888888888889
1 0.41171875 0.9388888888888889 0.0765625 0.11805555555555555
0 0.540625 0.9055555555555556 0.090625 0.18888888888888888
0 0.2640625 0.46111111111111114 0.03671875 0.16527777777777777
0 0.496875 0.45 0.02890625 0.15694444444444444
0 0.6234375 0.35555555555555557 0.021875 0.10694444444444444