1 0.7421875 0.4361111111111111 0.01796875 0.05555555555555555
1 0.68984375 0.4361111111111111 0.0140625 0.0763888888888889
1 0.671875 0.4638888888888889 0.015625 0.06666666666666667
1 0.6671875 0.5152777777777777 0.02734375 0.075
1 0.640625 0.5166666666666667 0.021875 0.10555555555555556
1 0.5515625 0.5138888888888888 0.03125 0.1
1 0.33046875 0.41944444444444445 0.0171875 0.08194444444444444
1 0.2875 0.4444444444444444 0.02265625 0.08472222222222223
1 0.15 0.41388888888888886 0.02265625 0.06805555555555555
1 0.1296875 0.41944444444444445 0.02578125 0.07083333333333333
1 0.565625 0.9430555555555555 0.06328125 0.11388888888888889
1 0.5015625 0.9305555555555556 0.0625 0.1388888888888889
1 0.5953125 0.7527777777777778 0.05078125 0.11527777777777778
1 0.5359375 0.7472222222222222 0.0625 0.12777777777777777
1 0.72265625 0.5763888888888888 0.0328125 0.11944444444444445
1 0.69453125 0.5333333333333333 0.0296875 0.09027777777777778
0 0.68828125 0.9055555555555556 0.1015625 0.18888888888888888
0 0.096875 0.43333333333333335 0.03125 0.09583333333333334
0 0.7453125 0.55 0.025 0.16666666666666666