1 0.16171875 0.48055555555555557 0.0265625 0.0875
1 0.3296875 0.6861111111111111 0.05078125 0.15694444444444444
1 0.4171875 0.5222222222222223 0.02734375 0.12638888888888888
1 0.2984375 0.44027777777777777 0.0375 0.09722222222222222
1 0.8515625 0.6666666666666666 0.05078125 0.12638888888888888
1 0.809375 0.5513888888888889 0.028125 0.06388888888888888
1 0.8078125 0.625 0.03671875 0.1111111111111111
1 0.6515625 0.45 0.02578125 0.07916666666666666
1 0.596875 0.35833333333333334 0.01015625 0.05138888888888889
1 0.5859375 0.3527777777777778 0.0125 0.05138888888888889
1 0.57890625 0.35 0.0109375 0.05
1 0.571875 0.3472222222222222 0.01171875 0.04583333333333333
1 0.5578125 0.35 0.01171875 0.0625
1 0.3515625 0.5027777777777778 0.02109375 0.06666666666666667
0 0.7234375 0.44305555555555554 0.04140625 0.15833333333333333
0 0.775 0.5486111111111112 0.040625 0.175