1 0.25703125 0.40555555555555556 0.0203125 0.0875
1 0.4046875 0.4722222222222222 0.01953125 0.07916666666666666
1 0.53046875 0.525 0.0234375 0.10555555555555556
1 0.62109375 0.39305555555555555 0.0203125 0.06944444444444445
1 0.5890625 0.4166666666666667 0.01875 0.08333333333333333
1 0.5921875 0.35 0.01484375 0.03333333333333333
1 0.5796875 0.36944444444444446 0.01171875 0.04027777777777778
1 0.58046875 0.3416666666666667 0.0109375 0.034722222222222224
1 0.5671875 0.35138888888888886 0.01640625 0.05277777777777778
1 0.5234375 0.39861111111111114 0.01953125 0.06388888888888888
0 0.5421875 0.37777777777777777 0.01953125 0.12083333333333333