1 0.70234375 0.45694444444444443 0.0234375 0.058333333333333334
1 0.7 0.5138888888888888 0.03203125 0.10555555555555556
1 0.684375 0.4861111111111111 0.02578125 0.07083333333333333
1 0.65 0.5013888888888889 0.02890625 0.06944444444444445
1 0.57109375 0.4875 0.0296875 0.08611111111111111
1 0.54140625 0.7611111111111111 0.0546875 0.19583333333333333
1 0.48125 0.7763888888888889 0.09140625 0.13055555555555556
1 0.51171875 0.48333333333333334 0.0265625 0.10694444444444444
1 0.45078125 0.4638888888888889 0.0203125 0.08472222222222223
1 0.4453125 0.40555555555555556 0.01953125 0.05
1 0.34375 0.4527777777777778 0.015625 0.07222222222222222
1 0.1921875 0.5777777777777777 0.03984375 0.07777777777777778
1 0.4265625 0.43472222222222223 0.01953125 0.06944444444444445
0 0.375 0.44027777777777777 0.04140625 0.14166666666666666
0 0.3953125 0.6888888888888889 0.065625 0.33194444444444443
0 0.54375 0.4527777777777778 0.040625 0.15138888888888888
0 0.77734375 0.44722222222222224 0.0265625 0.14583333333333334