1 0.159375 0.5791666666666667 0.05234375 0.08055555555555556
1 0.35 0.8388888888888889 0.053125 0.21666666666666667
1 0.75859375 0.5833333333333334 0.0390625 0.1
1 0.7140625 0.6861111111111111 0.04453125 0.17916666666666667
1 0.5140625 0.42777777777777776 0.02890625 0.07777777777777778
1 0.47890625 0.49166666666666664 0.0234375 0.05416666666666667
1 0.4515625 0.525 0.02578125 0.11666666666666667
1 0.434375 0.5152777777777777 0.028125 0.06388888888888888
1 0.459375 0.4625 0.021875 0.06944444444444445
1 0.3875 0.4861111111111111 0.02734375 0.10555555555555556
1 0.33203125 0.4 0.0171875 0.04583333333333333
1 0.271875 0.5111111111111111 0.03046875 0.09583333333333334
1 0.28046875 0.42777777777777776 0.0171875 0.07083333333333333
1 0.26875 0.4027777777777778 0.01484375 0.05138888888888889
1 0.2515625 0.4222222222222222 0.01953125 0.043055555555555555
1 0.23125 0.41944444444444445 0.02109375 0.043055555555555555
0 0.303125 0.4930555555555556 0.03515625 0.18611111111111112
0 0.5421875 0.5138888888888888 0.02578125 0.2013888888888889
0 0.58046875 0.48333333333333334 0.0453125 0.1986111111111111
0 0.6109375 0.4361111111111111 0.02578125 0.15555555555555556