1 0.0890625 0.6375 0.04296875 0.14166666666666666
1 0.096875 0.5833333333333334 0.04140625 0.10138888888888889
1 0.046875 0.5472222222222223 0.03515625 0.12222222222222222
1 0.10625 0.4722222222222222 0.028125 0.0875
1 0.09375 0.5027777777777778 0.03359375 0.06805555555555555
1 0.884375 0.6597222222222222 0.08203125 0.20833333333333334
1 0.8703125 0.5972222222222222 0.03984375 0.1597222222222222
1 0.7671875 0.5694444444444444 0.040625 0.17083333333333334
1 0.7046875 0.525 0.03203125 0.15138888888888888
1 0.640625 0.49444444444444446 0.03359375 0.13194444444444445
1 0.590625 0.4638888888888889 0.02734375 0.11666666666666667
1 0.53125 0.40555555555555556 0.01484375 0.06805555555555555
1 0.51875 0.4361111111111111 0.01796875 0.1
1 0.54765625 0.44722222222222224 0.0203125 0.09583333333333334
1 0.484375 0.39444444444444443 0.02109375 0.043055555555555555
1 0.084375 0.44305555555555554 0.02109375 0.04722222222222222
0 0.92421875 0.6263888888888889 0.0453125 0.275
0 0.03828125 0.46111111111111114 0.0453125 0.13333333333333333