1 0.6453125 0.5152777777777777 0.02890625 0.06388888888888888
1 0.6453125 0.6277777777777778 0.04609375 0.1486111111111111
1 0.5765625 0.6055555555555555 0.06328125 0.14027777777777778
1 0.53359375 0.5833333333333334 0.0328125 0.13333333333333333
1 0.528125 0.49722222222222223 0.02890625 0.06527777777777778
1 0.5015625 0.5472222222222223 0.02421875 0.11666666666666667
1 0.4828125 0.4736111111111111 0.02265625 0.06944444444444445
1 0.4671875 0.5652777777777778 0.028125 0.14166666666666666
1 0.44140625 0.5194444444444445 0.0359375 0.10416666666666667
1 0.446875 0.4708333333333333 0.01875 0.04722222222222222
0 0.353125 0.5041666666666667 0.04375 0.225