1 0.265625 0.37083333333333335 0.01796875 0.058333333333333334
1 0.23828125 0.37777777777777777 0.0140625 0.0625
1 0.2234375 0.37777777777777777 0.01015625 0.0625
1 0.209375 0.39166666666666666 0.015625 0.059722222222222225
1 0.171875 0.4083333333333333 0.01953125 0.0625
1 0.1421875 0.4111111111111111 0.02265625 0.06666666666666667
1 0.0796875 0.4375 0.02890625 0.075
1 0.7453125 0.4041666666666667 0.01171875 0.04722222222222222
1 0.7328125 0.4041666666666667 0.01640625 0.030555555555555555
1 0.7234375 0.4388888888888889 0.015625 0.07083333333333333
1 0.696875 0.4388888888888889 0.01640625 0.06111111111111111
1 0.6859375 0.5194444444444445 0.03359375 0.09444444444444444
1 0.6578125 0.5722222222222222 0.028125 0.10555555555555556
1 0.5390625 0.7416666666666667 0.06328125 0.12083333333333333
1 0.553125 0.8722222222222222 0.053125 0.07777777777777778
1 0.565625 0.9458333333333333 0.05 0.10833333333333334
1 0.490625 0.9416666666666667 0.06171875 0.11666666666666667
0 0.725 0.8819444444444444 0.06875 0.2361111111111111
0 0.76640625 0.45555555555555555 0.0265625 0.15138888888888888
0 0.11484375 0.4125 0.0234375 0.09166666666666666