1 0.21875 0.9444444444444444 0.06640625 0.1111111111111111
1 0.06796875 0.6097222222222223 0.0421875 0.125
1 0.040625 0.6041666666666666 0.03125 0.09166666666666666
1 0.8421875 0.6277777777777778 0.03828125 0.11527777777777778
1 0.8046875 0.5722222222222222 0.04296875 0.1
1 0.7125 0.4722222222222222 0.02265625 0.09861111111111111
1 0.6875 0.5125 0.028125 0.10277777777777777
1 0.653125 0.5222222222222223 0.02890625 0.12916666666666668
1 0.61953125 0.5541666666666667 0.0328125 0.14166666666666666
1 0.56875 0.5722222222222222 0.040625 0.1125
1 0.52265625 0.5138888888888888 0.0265625 0.10138888888888889
0 0.59375 0.4527777777777778 0.02578125 0.15416666666666667
0 0.6859375 0.4527777777777778 0.021875 0.13472222222222222