1 0.07265625 0.7416666666666667 0.0734375 0.17222222222222222
1 0.2765625 0.48055555555555557 0.03203125 0.1125
1 0.4078125 0.5958333333333333 0.04140625 0.13055555555555556
1 0.409375 0.9416666666666667 0.06875 0.11527777777777778
1 0.5953125 0.7777777777777778 0.04453125 0.09444444444444444
1 0.6234375 0.9333333333333333 0.065625 0.13333333333333333
1 0.53984375 0.8472222222222222 0.0484375 0.08194444444444444
1 0.5078125 0.3638888888888889 0.015625 0.06527777777777778
1 0.5375 0.44583333333333336 0.01484375 0.075
1 0.515625 0.48333333333333334 0.021875 0.09861111111111111
1 0.6203125 0.4777777777777778 0.01953125 0.09444444444444444
1 0.540625 0.4888888888888889 0.01953125 0.09583333333333334
1 0.559375 0.5055555555555555 0.034375 0.08333333333333333
1 0.559375 0.4444444444444444 0.02421875 0.04027777777777778
0 0.5203125 0.9138888888888889 0.0875 0.17083333333333334
0 0.61328125 0.3597222222222222 0.0203125 0.10833333333333334
0 0.5578125 0.4111111111111111 0.015625 0.10694444444444444
0 0.590625 0.45555555555555555 0.028125 0.12083333333333333