1 0.265625 0.36666666666666664 0.015625 0.06111111111111111
1 0.2234375 0.37916666666666665 0.01640625 0.058333333333333334
1 0.2109375 0.3972222222222222 0.021875 0.05416666666666667
1 0.1671875 0.4027777777777778 0.015625 0.05694444444444444
1 0.1546875 0.41388888888888886 0.01796875 0.05555555555555555
1 0.13984375 0.41388888888888886 0.0140625 0.06527777777777778
1 0.121875 0.4166666666666667 0.01875 0.059722222222222225
1 0.08515625 0.43333333333333335 0.0203125 0.06805555555555555
1 0.1125 0.4361111111111111 0.01171875 0.07361111111111111
1 0.5671875 0.9458333333333333 0.06875 0.10833333333333334
1 0.49375 0.9347222222222222 0.06484375 0.13055555555555556
1 0.5859375 0.7611111111111111 0.03984375 0.10138888888888889
1 0.53828125 0.7444444444444445 0.0609375 0.1486111111111111
1 0.7796875 0.5888888888888889 0.03828125 0.06111111111111111
1 0.7546875 0.5611111111111111 0.025 0.09583333333333334
1 0.6921875 0.5291666666666667 0.02421875 0.08055555555555556
1 0.6984375 0.4527777777777778 0.015625 0.08194444444444444
1 0.759375 0.44166666666666665 0.01171875 0.05694444444444444
1 0.725 0.4388888888888889 0.01796875 0.059722222222222225
1 0.74375 0.49027777777777776 0.02109375 0.075
0 0.80703125 0.8958333333333334 0.1046875 0.20833333333333334
0 0.778125 0.4791666666666667 0.034375 0.18055555555555555
0 0.1046875 0.4236111111111111 0.034375 0.09722222222222222