1 0.8328125 0.6277777777777778 0.03828125 0.14027777777777778
1 0.7390625 0.6875 0.03828125 0.14722222222222223
1 0.7359375 0.5263888888888889 0.02265625 0.06944444444444445
1 0.7125 0.525 0.02421875 0.08472222222222223
1 0.6859375 0.6027777777777777 0.03203125 0.09583333333333334
1 0.6484375 0.5805555555555556 0.021875 0.1111111111111111
1 0.625 0.6208333333333333 0.02890625 0.1361111111111111
1 0.58046875 0.6416666666666667 0.0390625 0.10416666666666667
1 0.59375 0.5277777777777778 0.025 0.12916666666666668
1 0.5421875 0.5333333333333333 0.02734375 0.05694444444444444
0 0.503125 0.5513888888888889 0.03515625 0.21388888888888888