1 0.08515625 0.6013888888888889 0.0515625 0.11388888888888889
1 0.0671875 0.6444444444444445 0.04765625 0.12638888888888888
1 0.0828125 0.5166666666666667 0.03515625 0.07916666666666666
1 0.171875 0.48194444444444445 0.02890625 0.10277777777777777
1 0.1453125 0.47638888888888886 0.02734375 0.09166666666666666
1 0.675 0.42083333333333334 0.02109375 0.06944444444444445
1 0.659375 0.38333333333333336 0.01640625 0.04583333333333333
1 0.575 0.3888888888888889 0.01953125 0.06527777777777778
1 0.52734375 0.36666666666666664 0.0140625 0.04861111111111111
1 0.5625 0.37777777777777777 0.01484375 0.0625
0 0.559375 0.35833333333333334 0.01953125 0.10694444444444444