1 0.06171875 0.44166666666666665 0.0234375 0.06666666666666667
1 0.2640625 0.36666666666666664 0.01953125 0.0625
1 0.096875 0.44722222222222224 0.01796875 0.05138888888888889
1 0.08125 0.4583333333333333 0.01171875 0.059722222222222225
1 0.16796875 0.4111111111111111 0.0171875 0.07916666666666666
1 0.15 0.41944444444444445 0.01875 0.07361111111111111
1 0.1328125 0.41388888888888886 0.01640625 0.06666666666666667
1 0.584375 0.7638888888888888 0.04140625 0.1125
1 0.53828125 0.7458333333333333 0.0578125 0.125
1 0.5703125 0.95 0.059375 0.1
1 0.503125 0.9388888888888889 0.065625 0.12222222222222222
1 0.7796875 0.5888888888888889 0.040625 0.06805555555555555
1 0.70625 0.49027777777777776 0.01875 0.05277777777777778
1 0.69375 0.5375 0.021875 0.09166666666666666
1 0.7609375 0.46111111111111114 0.01875 0.08194444444444444
1 0.7453125 0.4638888888888889 0.015625 0.0763888888888889
1 0.73125 0.44722222222222224 0.01640625 0.06666666666666667
0 0.75 0.8666666666666667 0.096875 0.26666666666666666
0 0.20234375 0.3972222222222222 0.0265625 0.1111111111111111
0 0.2296875 0.375 0.03046875 0.09861111111111111
0 0.7765625 0.46944444444444444 0.03984375 0.16111111111111112