1 0.865625 0.5555555555555556 0.03125 0.08888888888888889
1 0.80703125 0.6361111111111111 0.0578125 0.15138888888888888
1 0.403125 0.7833333333333333 0.05546875 0.19444444444444445
1 0.5796875 0.5208333333333334 0.03671875 0.10833333333333334
1 0.48671875 0.575 0.0328125 0.10138888888888889
1 0.46171875 0.4722222222222222 0.0359375 0.06111111111111111
1 0.43828125 0.39166666666666666 0.0203125 0.059722222222222225
1 0.434375 0.5611111111111111 0.03359375 0.13333333333333333
1 0.4171875 0.4722222222222222 0.03046875 0.10138888888888889
0 0.315625 0.5180555555555556 0.04296875 0.225
0 0.378125 0.45555555555555555 0.04609375 0.22777777777777777
0 0.73125 0.6777777777777778 0.07265625 0.3236111111111111