1 0.6875 0.4166666666666667 0.01484375 0.059722222222222225
1 0.665625 0.40555555555555556 0.015625 0.059722222222222225
1 0.7109375 0.5069444444444444 0.028125 0.08611111111111111
1 0.6484375 0.48194444444444445 0.02109375 0.06388888888888888
1 0.675 0.9319444444444445 0.05859375 0.1361111111111111
1 0.684375 0.8333333333333334 0.05859375 0.07916666666666666
1 0.47109375 0.9652777777777778 0.0765625 0.06944444444444445
1 0.346875 0.5388888888888889 0.0375 0.10555555555555556
1 0.253125 0.5347222222222222 0.034375 0.10833333333333334
1 0.0875 0.45 0.028125 0.07361111111111111
1 0.10859375 0.55 0.0328125 0.10416666666666667
1 0.03984375 0.5472222222222223 0.0390625 0.05416666666666667
1 0.02265625 0.8083333333333333 0.0390625 0.1736111111111111
0 0.0890625 0.7361111111111112 0.07890625 0.31666666666666665
0 0.16875 0.65 0.078125 0.16805555555555557
0 0.70546875 0.4083333333333333 0.0203125 0.1111111111111111