1 0.884375 0.8083333333333333 0.06796875 0.16666666666666666
1 0.8203125 0.5819444444444445 0.034375 0.09166666666666666
1 0.79375 0.5791666666666667 0.03671875 0.11388888888888889
1 0.77578125 0.5527777777777778 0.0359375 0.10972222222222222
1 0.76640625 0.4722222222222222 0.0203125 0.07222222222222222
1 0.72421875 0.43333333333333335 0.0234375 0.07222222222222222
1 0.559375 0.5611111111111111 0.03046875 0.1388888888888889
1 0.553125 0.7972222222222223 0.03515625 0.17916666666666667
1 0.53125 0.7333333333333333 0.046875 0.15138888888888888
1 0.49921875 0.8902777777777777 0.0640625 0.11388888888888889
1 0.49296875 0.8333333333333334 0.0609375 0.12916666666666668
1 0.484375 0.7583333333333333 0.05 0.12777777777777777
1 0.4703125 0.43194444444444446 0.02734375 0.058333333333333334
1 0.440625 0.48333333333333334 0.028125 0.059722222222222225
1 0.4171875 0.4652777777777778 0.02109375 0.08611111111111111
1 0.4234375 0.4111111111111111 0.01953125 0.059722222222222225
1 0.3453125 0.4222222222222222 0.02734375 0.08333333333333333
1 0.1859375 0.5763888888888888 0.03359375 0.06944444444444445
0 0.3 0.5805555555555556 0.06015625 0.2722222222222222
0 0.41171875 0.3861111111111111 0.0234375 0.11666666666666667