1 0.84375 0.5791666666666667 0.04296875 0.11388888888888889
1 0.83125 0.5486111111111112 0.034375 0.10833333333333334
1 0.8 0.5513888888888889 0.03828125 0.11388888888888889
1 0.5609375 0.4083333333333333 0.02265625 0.07361111111111111
1 0.484375 0.40694444444444444 0.01875 0.04722222222222222
1 0.46875 0.4041666666666667 0.015625 0.04722222222222222
1 0.4421875 0.5930555555555556 0.03828125 0.1361111111111111
1 0.35 0.4361111111111111 0.028125 0.08472222222222223
1 0.2421875 0.5263888888888889 0.02421875 0.10277777777777777
1 0.084375 0.5416666666666666 0.046875 0.12361111111111112
1 0.09375 0.4513888888888889 0.02890625 0.075