1 0.26875 0.43333333333333335 0.025 0.08888888888888889
1 0.1640625 0.48055555555555557 0.034375 0.0875
1 0.653125 0.6736111111111112 0.05546875 0.1361111111111111
1 0.9734375 0.5986111111111111 0.03984375 0.11388888888888889
1 0.928125 0.6055555555555555 0.02890625 0.09861111111111111
1 0.50234375 0.4722222222222222 0.0203125 0.1111111111111111
1 0.61953125 0.4263888888888889 0.0203125 0.06388888888888888
1 0.6046875 0.35694444444444445 0.01015625 0.05277777777777778
1 0.5953125 0.3625 0.01015625 0.04722222222222222
1 0.578125 0.35555555555555557 0.01328125 0.059722222222222225
1 0.5328125 0.3472222222222222 0.01328125 0.043055555555555555
1 0.35 0.5013888888888889 0.02109375 0.06388888888888888
0 0.896875 0.5402777777777777 0.0625 0.19166666666666668