1 0.3125 0.40555555555555556 0.02265625 0.06805555555555555
1 0.26328125 0.4041666666666667 0.0234375 0.08055555555555556
1 0.153125 0.4791666666666667 0.01953125 0.09166666666666666
1 0.71796875 0.4847222222222222 0.0265625 0.06944444444444445
1 0.60625 0.35 0.0125 0.04027777777777778
1 0.58515625 0.3486111111111111 0.0140625 0.041666666666666664
1 0.5703125 0.41388888888888886 0.02109375 0.07361111111111111
1 0.53125 0.4111111111111111 0.01953125 0.08472222222222223
1 0.5421875 0.3486111111111111 0.01640625 0.05277777777777778
0 0.59375 0.41388888888888886 0.028125 0.13333333333333333
0 0.93125 0.4888888888888889 0.053125 0.12916666666666668