1 0.171875 0.4861111111111111 0.02734375 0.10138888888888889
1 0.0734375 0.5333333333333333 0.03125 0.10416666666666667
1 0.059375 0.6305555555555555 0.03828125 0.11666666666666667
1 0.0671875 0.6652777777777777 0.03671875 0.13055555555555556
1 0.3109375 0.38333333333333336 0.02421875 0.059722222222222225
1 0.6828125 0.4083333333333333 0.01953125 0.06805555555555555
1 0.6578125 0.38333333333333336 0.015625 0.05138888888888889
1 0.596875 0.37222222222222223 0.015625 0.06805555555555555
1 0.5828125 0.35833333333333334 0.0125 0.06111111111111111
1 0.5671875 0.3611111111111111 0.0125 0.05555555555555555
1 0.55859375 0.35833333333333334 0.0109375 0.059722222222222225
1 0.5265625 0.36666666666666664 0.01328125 0.04583333333333333
0 0.55078125 0.3416666666666667 0.0203125 0.09583333333333334