1 0.2234375 0.38333333333333336 0.01875 0.059722222222222225
1 0.21015625 0.3958333333333333 0.0140625 0.058333333333333334
1 0.1359375 0.41388888888888886 0.01796875 0.0763888888888889
1 0.09453125 0.44305555555555554 0.0203125 0.041666666666666664
1 0.075 0.44027777777777777 0.021875 0.075
1 0.06328125 0.44722222222222224 0.0234375 0.0763888888888889
1 0.5796875 0.7652777777777777 0.04765625 0.09722222222222222
1 0.5375 0.7486111111111111 0.05390625 0.1361111111111111
1 0.5734375 0.95 0.053125 0.1
1 0.4984375 0.9430555555555555 0.0625 0.11388888888888889
1 0.7765625 0.5902777777777778 0.0375 0.058333333333333334
1 0.709375 0.49722222222222223 0.01953125 0.043055555555555555
1 0.6890625 0.5305555555555556 0.02265625 0.09444444444444444
1 0.759375 0.4638888888888889 0.01796875 0.07361111111111111
1 0.7328125 0.4666666666666667 0.02734375 0.07222222222222222
0 0.8 0.8777777777777778 0.11640625 0.20555555555555555
0 0.1578125 0.4027777777777778 0.02109375 0.10555555555555556
0 0.2515625 0.3625 0.01796875 0.08611111111111111
0 0.7765625 0.46944444444444444 0.04609375 0.16666666666666666