1 0.19921875 0.5236111111111111 0.0359375 0.09722222222222222
1 0.14296875 0.4888888888888889 0.0359375 0.10972222222222222
1 0.10703125 0.49444444444444446 0.0328125 0.0875
1 0.8140625 0.5541666666666667 0.03125 0.10833333333333334
1 0.775 0.6083333333333333 0.040625 0.12777777777777777
1 0.75625 0.5361111111111111 0.03203125 0.09861111111111111
1 0.71015625 0.5861111111111111 0.0453125 0.11527777777777778
1 0.7 0.45 0.01953125 0.0625
1 0.696875 0.4861111111111111 0.01796875 0.05416666666666667
1 0.68125 0.4888888888888889 0.021875 0.04583333333333333
1 0.5578125 0.4861111111111111 0.02578125 0.07083333333333333
0 0.05625 0.4930555555555556 0.05390625 0.11388888888888889
0 0.13203125 0.45 0.0453125 0.14583333333333334