1 0.228125 0.44305555555555554 0.02734375 0.075
1 0.9765625 0.7722222222222223 0.04609375 0.15
1 0.915625 0.5305555555555556 0.02578125 0.07083333333333333
1 0.890625 0.5638888888888889 0.03203125 0.10416666666666667
1 0.8609375 0.5138888888888888 0.02578125 0.10555555555555556
1 0.825 0.5125 0.02421875 0.08611111111111111
1 0.80234375 0.5333333333333333 0.0359375 0.10694444444444444
1 0.8234375 0.4444444444444444 0.025 0.06805555555555555
0 0.6125 0.4263888888888889 0.04453125 0.15833333333333333
1 0.5484375 0.4305555555555556 0.02109375 0.06111111111111111
1 0.5625 0.4027777777777778 0.02734375 0.05694444444444444