1 0.1125 0.6222222222222222 0.05390625 0.1597222222222222
1 0.3375 0.8694444444444445 0.06015625 0.10694444444444444
1 0.5609375 0.775 0.06640625 0.17222222222222222
1 0.8765625 0.48333333333333334 0.02734375 0.0763888888888889
1 0.8375 0.4527777777777778 0.021875 0.06805555555555555
1 0.57109375 0.38055555555555554 0.0234375 0.0625
1 0.5609375 0.35694444444444445 0.01328125 0.058333333333333334
1 0.3015625 0.43333333333333335 0.01875 0.0763888888888889
1 0.28515625 0.43472222222222223 0.0234375 0.08611111111111111
1 0.203125 0.5194444444444445 0.03125 0.06527777777777778
1 0.2046875 0.5944444444444444 0.03828125 0.12222222222222222
0 0.1640625 0.5847222222222223 0.06015625 0.24722222222222223
0 0.77734375 0.41388888888888886 0.0171875 0.14583333333333334