1 0.01484375 0.6 0.0296875 0.13194444444444445
1 0.1578125 0.5833333333333334 0.03515625 0.11666666666666667
1 0.128125 0.5972222222222222 0.03359375 0.08472222222222223
1 0.409375 0.6013888888888889 0.03828125 0.14166666666666666
1 0.7421875 0.7555555555555555 0.05546875 0.1375
1 0.3328125 0.44722222222222224 0.02109375 0.09583333333333334
1 0.47734375 0.4861111111111111 0.0234375 0.06527777777777778
1 0.53046875 0.5055555555555555 0.0328125 0.1111111111111111
1 0.4578125 0.4388888888888889 0.01796875 0.044444444444444446
1 0.45546875 0.4888888888888889 0.0265625 0.08333333333333333
1 0.790625 0.5444444444444444 0.03046875 0.11805555555555555
1 0.70703125 0.5055555555555555 0.0234375 0.08472222222222223
1 0.696875 0.4861111111111111 0.02578125 0.10972222222222222
1 0.6296875 0.40694444444444444 0.02265625 0.075
1 0.61015625 0.41388888888888886 0.0203125 0.06666666666666667
1 0.64453125 0.5305555555555556 0.0390625 0.07361111111111111
1 0.6625 0.4861111111111111 0.01875 0.08472222222222223
1 0.6546875 0.44166666666666665 0.01953125 0.059722222222222225
0 0.35 0.4263888888888889 0.028125 0.1527777777777778
0 0.5421875 0.4666666666666667 0.03828125 0.18333333333333332
0 0.65625 0.40694444444444444 0.02109375 0.13055555555555556
0 0.75625 0.48333333333333334 0.028125 0.1388888888888889