1 0.7859375 0.9083333333333333 0.07109375 0.18194444444444444
1 0.75625 0.8611111111111112 0.07578125 0.18888888888888888
1 0.68203125 0.44166666666666665 0.0234375 0.07916666666666666
1 0.65625 0.5166666666666667 0.02890625 0.08472222222222223
1 0.53125 0.49583333333333335 0.028125 0.05277777777777778
1 0.50703125 0.49166666666666664 0.0265625 0.10555555555555556
1 0.45 0.75 0.03984375 0.13194444444444445
1 0.43125 0.8638888888888889 0.05390625 0.12777777777777777
1 0.4203125 0.8333333333333334 0.046875 0.14305555555555555
1 0.4125 0.775 0.046875 0.12361111111111112
1 0.34375 0.4166666666666667 0.02265625 0.0375
1 0.1953125 0.46944444444444444 0.03046875 0.0763888888888889
1 0.140625 0.45555555555555555 0.034375 0.06527777777777778
1 0.06171875 0.5986111111111111 0.0421875 0.11388888888888889
1 0.15234375 0.5569444444444445 0.0421875 0.08055555555555556
1 0.921875 0.7736111111111111 0.03828125 0.08611111111111111
0 0.3921875 0.5611111111111111 0.07265625 0.2513888888888889
0 0.2703125 0.5055555555555555 0.07265625 0.17222222222222222
0 0.5703125 0.4777777777777778 0.04609375 0.18333333333333332