1 0.28359375 0.48055555555555557 0.0328125 0.10138888888888889
1 0.2125 0.4583333333333333 0.028125 0.08333333333333333
1 0.1078125 0.5888888888888889 0.046875 0.12916666666666668
1 0.43125 0.6361111111111111 0.03046875 0.12638888888888888
1 0.3796875 0.6138888888888889 0.04921875 0.10694444444444444
1 0.8890625 0.7555555555555555 0.065625 0.1388888888888889
1 0.93125 0.5583333333333333 0.03515625 0.07361111111111111
1 0.71875 0.5194444444444445 0.03515625 0.09027777777777778
1 0.67109375 0.45 0.0328125 0.05
1 0.6625 0.5138888888888888 0.034375 0.09027777777777778
1 0.60625 0.4722222222222222 0.034375 0.07222222222222222
0 0.57421875 0.5138888888888888 0.0390625 0.20555555555555555