1 0.0578125 0.5833333333333334 0.040625 0.10555555555555556
1 0.06875 0.7222222222222222 0.07265625 0.19444444444444445
1 0.41875 0.9 0.05703125 0.2
1 0.396875 0.7652777777777777 0.05234375 0.11944444444444445
1 0.26328125 0.5666666666666667 0.0484375 0.11527777777777778
1 0.925 0.7680555555555556 0.053125 0.1638888888888889
1 0.63125 0.6319444444444444 0.046875 0.14722222222222223
1 0.584375 0.48055555555555557 0.03515625 0.07916666666666666
1 0.528125 0.5166666666666667 0.03046875 0.06111111111111111
1 0.5359375 0.48333333333333334 0.028125 0.05
1 0.69296875 0.5194444444444445 0.0296875 0.08194444444444444
0 0.3421875 0.5708333333333333 0.05 0.275
0 0.74375 0.5666666666666667 0.04453125 0.2125
0 0.66953125 0.4444444444444444 0.0328125 0.15555555555555556
0 0.7015625 0.44166666666666665 0.05 0.12916666666666668
0 0.76171875 0.5069444444444444 0.0453125 0.20277777777777778