1 0.2 0.5180555555555556 0.034375 0.09722222222222222
1 0.2078125 0.46111111111111114 0.02421875 0.09444444444444444
1 0.8125 0.5583333333333333 0.04296875 0.1111111111111111
1 0.7265625 0.4847222222222222 0.02734375 0.09166666666666666
1 0.40625 0.4638888888888889 0.03125 0.07916666666666666
1 0.76875 0.6291666666666667 0.03671875 0.14166666666666666
1 0.7265625 0.6319444444444444 0.03828125 0.08055555555555556
1 0.753125 0.5444444444444444 0.02890625 0.0763888888888889
1 0.69609375 0.4513888888888889 0.0140625 0.04722222222222222
1 0.675 0.4888888888888889 0.02109375 0.06111111111111111
1 0.696875 0.49444444444444446 0.01875 0.06111111111111111
0 0.0921875 0.4666666666666667 0.04140625 0.1625