1 0.840625 0.5597222222222222 0.03125 0.10833333333333334
1 0.8203125 0.5472222222222223 0.03515625 0.12361111111111112
1 0.503125 0.3902777777777778 0.01796875 0.06944444444444445
1 0.48125 0.39444444444444443 0.01953125 0.05555555555555555
1 0.3796875 0.4791666666666667 0.02734375 0.09166666666666666
1 0.34453125 0.44166666666666665 0.0328125 0.07222222222222222
1 0.115625 0.4638888888888889 0.02890625 0.09583333333333334
1 0.0828125 0.5416666666666666 0.03046875 0.1111111111111111
1 0.0625 0.4875 0.03203125 0.08611111111111111
1 0.03359375 0.5194444444444445 0.0328125 0.09861111111111111
1 0.0625 0.6305555555555555 0.0625 0.12638888888888888
0 0.7765625 0.5180555555555556 0.0375 0.18055555555555555