1 0.159375 0.5361111111111111 0.05078125 0.1111111111111111
1 0.1265625 0.47638888888888886 0.028125 0.09722222222222222
1 0.1171875 0.5805555555555556 0.04296875 0.11666666666666667
1 0.0953125 0.48333333333333334 0.02109375 0.07361111111111111
1 0.0859375 0.5194444444444445 0.034375 0.10555555555555556
1 0.059375 0.5375 0.046875 0.125
1 0.0484375 0.6152777777777778 0.059375 0.14166666666666666
1 0.48359375 0.3888888888888889 0.0171875 0.05694444444444444
1 0.415625 0.4027777777777778 0.01875 0.1
1 0.39609375 0.4 0.0140625 0.08472222222222223
1 0.3765625 0.4 0.028125 0.10138888888888889
1 0.3546875 0.39444444444444443 0.01796875 0.08333333333333333
1 0.3390625 0.4 0.01875 0.08472222222222223
1 0.42734375 0.3972222222222222 0.0140625 0.07916666666666666
1 0.95078125 0.6666666666666666 0.0921875 0.19444444444444445
1 0.80625 0.5861111111111111 0.04921875 0.17777777777777778
1 0.7421875 0.5527777777777778 0.04296875 0.14583333333333334
1 0.69609375 0.5416666666666666 0.0421875 0.14583333333333334
1 0.625 0.4875 0.02578125 0.125
1 0.5953125 0.46944444444444444 0.02734375 0.1125
1 0.5765625 0.43333333333333335 0.01875 0.08333333333333333
0 0.5578125 0.4 0.03125 0.0875