1 0.9375 0.9111111111111111 0.07734375 0.1763888888888889
1 0.7875 0.5388888888888889 0.02265625 0.06805555555555555
1 0.7203125 0.6444444444444445 0.04921875 0.13194444444444445
1 0.7171875 0.8277777777777777 0.07578125 0.20694444444444443
1 0.71015625 0.5 0.0234375 0.08333333333333333
1 0.7 0.45555555555555555 0.02265625 0.08194444444444444
1 0.6625 0.45416666666666666 0.01953125 0.09166666666666666
1 0.6453125 0.43333333333333335 0.01953125 0.06666666666666667
1 0.5328125 0.5138888888888888 0.028125 0.0625
1 0.525 0.4777777777777778 0.025 0.03888888888888889
1 0.4234375 0.4388888888888889 0.028125 0.04861111111111111
1 0.34375 0.5861111111111111 0.02734375 0.12916666666666668
0 0.62890625 0.6763888888888889 0.0578125 0.30833333333333335
0 0.0734375 0.6347222222222222 0.10234375 0.24166666666666667
0 0.278125 0.43333333333333335 0.04140625 0.1736111111111111
0 0.3359375 0.4444444444444444 0.053125 0.1625