1 0.1109375 0.5972222222222222 0.04765625 0.14583333333333334
1 0.24765625 0.48055555555555557 0.0328125 0.10555555555555556
1 0.21796875 0.48055555555555557 0.0296875 0.09444444444444444
1 0.17265625 0.4777777777777778 0.0359375 0.08888888888888889
1 0.290625 0.4597222222222222 0.02109375 0.08611111111111111
1 0.2671875 0.40555555555555556 0.02109375 0.08333333333333333
1 0.53203125 0.3902777777777778 0.0171875 0.05277777777777778
1 0.52578125 0.4152777777777778 0.0203125 0.05277777777777778
1 0.60703125 0.3875 0.0171875 0.06944444444444445
1 0.571875 0.34444444444444444 0.015625 0.0375
0 0.2953125 0.4166666666666667 0.02109375 0.16805555555555557
0 0.590625 0.3597222222222222 0.03046875 0.125