1 0.7734375 0.5055555555555555 0.02265625 0.07916666666666666
1 0.2203125 0.48055555555555557 0.03359375 0.059722222222222225
1 0.6390625 0.5458333333333333 0.02578125 0.11944444444444445
1 0.5515625 0.6041666666666666 0.03046875 0.14166666666666666
1 0.5375 0.49722222222222223 0.028125 0.0875
1 0.534375 0.45416666666666666 0.02421875 0.08611111111111111
1 0.50625 0.5722222222222222 0.03203125 0.13333333333333333
1 0.48203125 0.4736111111111111 0.0390625 0.05277777777777778
1 0.4375 0.5055555555555555 0.03515625 0.10972222222222222
1 0.4 0.5583333333333333 0.03359375 0.12777777777777777
1 0.3671875 0.5722222222222222 0.03515625 0.1388888888888889
0 0.334375 0.5 0.04453125 0.18888888888888888