1 0.8453125 0.9277777777777778 0.06953125 0.14444444444444443
1 0.5015625 0.5416666666666666 0.04609375 0.12638888888888888
1 0.76875 0.5208333333333334 0.02890625 0.09166666666666666
1 0.746875 0.5083333333333333 0.02421875 0.09861111111111111
1 0.66796875 0.4666666666666667 0.0296875 0.09444444444444444
1 0.6296875 0.46111111111111114 0.02109375 0.07916666666666666
1 0.6109375 0.4638888888888889 0.021875 0.08333333333333333
1 0.57578125 0.41944444444444445 0.0234375 0.08472222222222223
1 0.525 0.4708333333333333 0.01953125 0.08611111111111111
1 0.5203125 0.4083333333333333 0.01640625 0.05
0 0.459375 0.3972222222222222 0.02578125 0.12777777777777777
0 0.603125 0.4236111111111111 0.01796875 0.125