1 0.728125 0.5375 0.03515625 0.14166666666666666
1 0.671875 0.5152777777777777 0.03359375 0.14722222222222223
1 0.6171875 0.5305555555555556 0.053125 0.12361111111111112
1 0.5609375 0.5444444444444444 0.03828125 0.10555555555555556
1 0.1421875 0.5722222222222222 0.03828125 0.12083333333333333
1 0.1375 0.4486111111111111 0.025 0.09722222222222222
1 0.09375 0.45555555555555555 0.02265625 0.07916666666666666
1 0.06875 0.45555555555555555 0.021875 0.07361111111111111
1 0.0578125 0.48055555555555557 0.02890625 0.059722222222222225
0 0.17109375 0.4625 0.0359375 0.14722222222222223
0 0.5234375 0.5083333333333333 0.04296875 0.22916666666666666
0 0.6265625 0.46805555555555556 0.02109375 0.18611111111111112
0 0.76328125 0.55 0.0453125 0.2111111111111111