1 0.196875 0.8416666666666667 0.0625 0.1763888888888889
1 0.36484375 0.5861111111111111 0.0484375 0.12083333333333333
1 0.4375 0.6652777777777777 0.040625 0.1361111111111111
1 0.3046875 0.46111111111111114 0.0375 0.09583333333333334
1 0.4453125 0.4666666666666667 0.02109375 0.07361111111111111
1 0.3953125 0.4444444444444444 0.01015625 0.06666666666666667
1 0.64765625 0.6388888888888888 0.0359375 0.06527777777777778
1 0.63046875 0.7583333333333333 0.0453125 0.10555555555555556
1 0.5921875 0.6125 0.02890625 0.075
0 0.540625 0.7027777777777777 0.05390625 0.29583333333333334
0 0.38125 0.42777777777777776 0.02421875 0.15138888888888888