1 0.79609375 0.4888888888888889 0.0265625 0.10138888888888889
1 0.6890625 0.43333333333333335 0.01953125 0.05
1 0.678125 0.5027777777777778 0.02734375 0.09305555555555556
1 0.6453125 0.48194444444444445 0.02578125 0.09722222222222222
1 0.6125 0.475 0.03515625 0.1111111111111111
1 0.5734375 0.4888888888888889 0.03359375 0.07916666666666666
1 0.4890625 0.8638888888888889 0.06875 0.1388888888888889
1 0.46953125 0.7819444444444444 0.0671875 0.13055555555555556
1 0.1234375 0.925 0.10546875 0.1486111111111111
1 0.4234375 0.4222222222222222 0.01796875 0.0625
1 0.365625 0.4444444444444444 0.021875 0.059722222222222225
1 0.35 0.44722222222222224 0.028125 0.059722222222222225
1 0.184375 0.5722222222222222 0.0375 0.08333333333333333
0 0.4765625 0.4930555555555556 0.05 0.20833333333333334
0 0.7765625 0.44722222222222224 0.028125 0.12638888888888888