1 0.1796875 0.5013888888888889 0.034375 0.06388888888888888
1 0.165625 0.45 0.02578125 0.05694444444444444
1 0.1484375 0.48194444444444445 0.015625 0.08055555555555556
1 0.25625 0.4125 0.01875 0.08611111111111111
1 0.446875 0.5 0.02734375 0.09583333333333334
1 0.70859375 0.43194444444444446 0.0171875 0.08055555555555556
1 0.6515625 0.38333333333333336 0.01640625 0.043055555555555555
1 0.565625 0.4166666666666667 0.02265625 0.06666666666666667
1 0.54609375 0.375 0.0171875 0.06111111111111111
1 0.3203125 0.4222222222222222 0.01953125 0.06805555555555555
0 0.51875 0.38055555555555554 0.028125 0.1388888888888889
0 0.5828125 0.39444444444444443 0.02734375 0.10555555555555556