1 0.11875 0.5694444444444444 0.04921875 0.13194444444444445
1 0.2078125 0.7833333333333333 0.0625 0.16527777777777777
1 0.4359375 0.7263888888888889 0.05546875 0.1361111111111111
1 0.9703125 0.5944444444444444 0.05390625 0.12222222222222222
1 0.9203125 0.575 0.03984375 0.1111111111111111
1 0.89296875 0.5444444444444444 0.0421875 0.1125
1 0.86328125 0.4888888888888889 0.0265625 0.10972222222222222
1 0.82109375 0.44722222222222224 0.0296875 0.08333333333333333
1 0.559375 0.46805555555555556 0.02578125 0.04722222222222222
0 0.846875 0.45416666666666666 0.03125 0.1527777777777778
0 0.903125 0.46111111111111114 0.04296875 0.15138888888888888