1 0.02109375 0.6138888888888889 0.0421875 0.14583333333333334
1 0.4375 0.8652777777777778 0.059375 0.1527777777777778
1 0.4265625 0.8277777777777777 0.05859375 0.14444444444444443
1 0.41015625 0.7805555555555556 0.0390625 0.14027777777777778
1 0.6953125 0.5194444444444445 0.0375 0.1
1 0.68203125 0.4375 0.0203125 0.06944444444444445
1 0.53125 0.49444444444444446 0.02890625 0.059722222222222225
1 0.5078125 0.6138888888888889 0.03984375 0.12638888888888888
1 0.3359375 0.4083333333333333 0.01953125 0.044444444444444446
0 0.3921875 0.4388888888888889 0.028125 0.17083333333333334
0 0.3609375 0.3958333333333333 0.02734375 0.125
0 0.74453125 0.5194444444444445 0.0453125 0.20694444444444443