1 0.26875 0.36666666666666664 0.01796875 0.05416666666666667
1 0.2328125 0.3611111111111111 0.01015625 0.02361111111111111
1 0.22421875 0.37777777777777777 0.0109375 0.04861111111111111
1 0.215625 0.3888888888888889 0.0125 0.05
1 0.234375 0.4111111111111111 0.01640625 0.07222222222222222
1 0.1453125 0.41388888888888886 0.02265625 0.0625
1 0.0984375 0.4513888888888889 0.02578125 0.04722222222222222
1 0.740625 0.41388888888888886 0.01171875 0.059722222222222225
1 0.72265625 0.4263888888888889 0.0203125 0.058333333333333334
1 0.6609375 0.47638888888888886 0.021875 0.08055555555555556
1 0.65 0.5722222222222222 0.03984375 0.09861111111111111
1 0.5375 0.7333333333333333 0.06328125 0.11666666666666667
1 0.5546875 0.9 0.05078125 0.10555555555555556
1 0.4921875 0.9513888888888888 0.059375 0.09722222222222222
0 0.66875 0.9458333333333333 0.165625 0.10833333333333334
0 0.76875 0.4625 0.028125 0.16944444444444445
0 0.715625 0.5388888888888889 0.03828125 0.17083333333333334
0 0.19296875 0.38055555555555554 0.0171875 0.08472222222222223