1 0.9109375 0.9472222222222222 0.05625 0.10416666666666667
1 0.846875 0.7833333333333333 0.06796875 0.17083333333333334
1 0.83359375 0.6361111111111111 0.0390625 0.12916666666666668
1 0.828125 0.5708333333333333 0.02421875 0.09722222222222222
1 0.7859375 0.5819444444444445 0.03671875 0.13055555555555556
1 0.778125 0.5305555555555556 0.02734375 0.0763888888888889
1 0.7 0.48194444444444445 0.01953125 0.06388888888888888
1 0.68125 0.49027777777777776 0.02421875 0.06388888888888888
1 0.346875 0.44166666666666665 0.01328125 0.08888888888888889
1 0.1765625 0.4722222222222222 0.028125 0.08888888888888889
1 0.1453125 0.4777777777777778 0.034375 0.06527777777777778
1 0.059375 0.5 0.025 0.1
0 0.09375 0.4791666666666667 0.046875 0.18055555555555555
0 0.83359375 0.9333333333333333 0.0984375 0.13333333333333333
0 0.3328125 0.43194444444444446 0.03359375 0.1638888888888889