1 0.428125 0.5916666666666667 0.03203125 0.10972222222222222
1 0.60546875 0.46944444444444444 0.0328125 0.06666666666666667
1 0.7828125 0.5 0.02421875 0.08888888888888889
1 0.7671875 0.4722222222222222 0.02578125 0.09861111111111111
1 0.94375 0.6166666666666667 0.05859375 0.12222222222222222
1 0.9359375 0.5138888888888888 0.03359375 0.0875
1 0.90625 0.4888888888888889 0.03125 0.10416666666666667
1 0.8578125 0.45 0.01796875 0.07361111111111111
1 0.8453125 0.45 0.02109375 0.059722222222222225
1 0.815625 0.4444444444444444 0.02109375 0.05694444444444444
1 0.8078125 0.4236111111111111 0.021875 0.058333333333333334
0 0.8953125 0.4527777777777778 0.04921875 0.16805555555555557
0 0.8375 0.42777777777777776 0.03046875 0.0875