1 0.1453125 0.49166666666666664 0.02890625 0.10972222222222222
1 0.2015625 0.475 0.02421875 0.1
1 0.2578125 0.40694444444444444 0.02421875 0.08611111111111111
1 0.41875 0.48055555555555557 0.021875 0.09861111111111111
1 0.6640625 0.39444444444444443 0.01796875 0.05555555555555555
1 0.653125 0.38333333333333336 0.01328125 0.04861111111111111
1 0.61796875 0.3888888888888889 0.0203125 0.05555555555555555
1 0.6046875 0.35833333333333334 0.01171875 0.05555555555555555
1 0.59375 0.35555555555555557 0.01171875 0.04861111111111111
1 0.5828125 0.3527777777777778 0.01640625 0.04861111111111111
1 0.5734375 0.3638888888888889 0.01328125 0.05
0 0.553125 0.3638888888888889 0.02109375 0.1
0 0.634375 0.38333333333333336 0.01796875 0.10972222222222222