1 0.13984375 0.5472222222222223 0.0453125 0.10416666666666667
1 0.1765625 0.6888888888888889 0.06015625 0.14305555555555555
1 0.4859375 0.7083333333333334 0.04375 0.16111111111111112
1 0.56484375 0.8930555555555556 0.0671875 0.19166666666666668
1 0.7296875 0.8416666666666667 0.08046875 0.1875
1 0.94140625 0.5361111111111111 0.0328125 0.09305555555555556
1 0.84765625 0.49583333333333335 0.0328125 0.09722222222222222
1 0.81171875 0.48055555555555557 0.0234375 0.0763888888888889
1 0.653125 0.4625 0.02578125 0.10277777777777777
1 0.63515625 0.4986111111111111 0.0421875 0.10833333333333334
1 0.55859375 0.44722222222222224 0.0265625 0.07361111111111111
0 0.79375 0.45416666666666666 0.040625 0.16944444444444445