1 0.04375 0.6791666666666667 0.05703125 0.09166666666666666
1 0.6921875 0.6388888888888888 0.0375 0.15416666666666667
1 0.8015625 0.4583333333333333 0.021875 0.06666666666666667
1 0.6625 0.3861111111111111 0.02109375 0.05694444444444444
1 0.571875 0.3527777777777778 0.015625 0.0625
1 0.559375 0.3527777777777778 0.01328125 0.05555555555555555
1 0.5359375 0.39166666666666666 0.01875 0.06666666666666667
1 0.4953125 0.39444444444444443 0.01953125 0.0375
1 0.2859375 0.6125 0.03671875 0.14166666666666666
1 0.2578125 0.5166666666666667 0.04296875 0.10555555555555556
1 0.1921875 0.5555555555555556 0.03203125 0.11527777777777778
1 0.18046875 0.5861111111111111 0.0390625 0.14583333333333334
1 0.1296875 0.6388888888888888 0.05078125 0.1486111111111111
0 0.15546875 0.6027777777777777 0.0671875 0.2611111111111111