1 0.2015625 0.5527777777777778 0.071875 0.13194444444444445
1 0.9109375 0.4861111111111111 0.03515625 0.09027777777777778
1 0.8828125 0.5638888888888889 0.04765625 0.10555555555555556
1 0.85390625 0.4861111111111111 0.0390625 0.09444444444444444
1 0.778125 0.4861111111111111 0.02890625 0.08194444444444444
1 0.56484375 0.4527777777777778 0.0203125 0.08333333333333333
1 0.5515625 0.4083333333333333 0.02109375 0.0375
0 0.6828125 0.4666666666666667 0.0375 0.18472222222222223
0 0.596875 0.42777777777777776 0.03203125 0.15555555555555556
0 0.98515625 0.6055555555555555 0.0296875 0.1597222222222222
0 0.890625 0.4625 0.03515625 0.15833333333333333