1 0.1578125 0.5916666666666667 0.04921875 0.10972222222222222
1 0.484375 0.8277777777777777 0.05625 0.1986111111111111
1 0.321875 0.9333333333333333 0.07109375 0.13194444444444445
1 0.353125 0.8777777777777778 0.07578125 0.2
1 0.896875 0.9472222222222222 0.13359375 0.10416666666666667
1 0.93515625 0.5583333333333333 0.0390625 0.08888888888888889
1 0.80234375 0.6097222222222223 0.0453125 0.10833333333333334
1 0.840625 0.5 0.03671875 0.08333333333333333
1 0.8140625 0.48333333333333334 0.025 0.10694444444444444
1 0.81953125 0.41944444444444445 0.0203125 0.06805555555555555
1 0.55546875 0.4666666666666667 0.0234375 0.044444444444444446