1 0.25859375 0.4361111111111111 0.0328125 0.08888888888888889
1 0.33515625 0.48055555555555557 0.0328125 0.10972222222222222
1 0.23046875 0.3958333333333333 0.0234375 0.058333333333333334
1 0.21171875 0.39166666666666666 0.0109375 0.05
1 0.203125 0.39444444444444443 0.01640625 0.05
1 0.15390625 0.4638888888888889 0.0296875 0.07222222222222222
1 0.1453125 0.4027777777777778 0.02109375 0.05555555555555555
1 0.0953125 0.45 0.02109375 0.05555555555555555
1 0.075 0.44166666666666665 0.02421875 0.0763888888888889
1 0.5921875 0.7597222222222222 0.04765625 0.10833333333333334
1 0.5359375 0.75 0.059375 0.1388888888888889
1 0.56640625 0.9430555555555555 0.0671875 0.11388888888888889
1 0.50390625 0.9416666666666667 0.0640625 0.11666666666666667
1 0.7609375 0.5694444444444444 0.03671875 0.09305555555555556
1 0.721875 0.5041666666666667 0.02265625 0.03611111111111111
1 0.6921875 0.5277777777777778 0.02109375 0.08472222222222223
1 0.7390625 0.4736111111111111 0.01953125 0.08055555555555556
0 0.7640625 0.45555555555555555 0.034375 0.14027777777777778
0 0.171875 0.39444444444444443 0.028125 0.10138888888888889
0 0.371875 0.4736111111111111 0.03828125 0.175