1 0.21875 0.46111111111111114 0.02109375 0.08888888888888889
1 0.171875 0.4861111111111111 0.02265625 0.09583333333333334
1 0.06875 0.47638888888888886 0.028125 0.075
1 0.0484375 0.5722222222222222 0.03671875 0.09861111111111111
1 0.621875 0.55 0.03046875 0.11666666666666667
1 0.65625 0.38333333333333336 0.01875 0.04583333333333333
1 0.56875 0.3472222222222222 0.0125 0.043055555555555555
1 0.5609375 0.39305555555555555 0.01875 0.058333333333333334
1 0.5515625 0.3597222222222222 0.01484375 0.05277777777777778
1 0.5390625 0.3416666666666667 0.00703125 0.044444444444444446
1 0.53125 0.3402777777777778 0.01015625 0.03611111111111111
1 0.5265625 0.4 0.02265625 0.07083333333333333
0 0.5140625 0.37777777777777777 0.02265625 0.12222222222222222