1 0.646875 0.625 0.04375 0.15416666666666667
1 0.6515625 0.5180555555555556 0.040625 0.058333333333333334
1 0.5953125 0.49583333333333335 0.01953125 0.05277777777777778
1 0.58359375 0.5611111111111111 0.0453125 0.1125
1 0.5671875 0.475 0.02890625 0.044444444444444446
1 0.55703125 0.5361111111111111 0.0359375 0.12361111111111112
1 0.5359375 0.5777777777777777 0.03125 0.12916666666666668
1 0.5046875 0.5097222222222222 0.03671875 0.075
1 0.484375 0.46805555555555556 0.03046875 0.05277777777777778
1 0.4421875 0.46944444444444444 0.028125 0.059722222222222225
0 0.3703125 0.5111111111111111 0.04765625 0.1986111111111111