1 0.25 0.5166666666666667 0.05 0.12777777777777777
1 0.77265625 0.6041666666666666 0.0390625 0.11944444444444445
1 0.70546875 0.5111111111111111 0.0296875 0.1
1 0.603125 0.5138888888888888 0.03046875 0.1111111111111111
1 0.5625 0.475 0.01875 0.07777777777777778
1 0.5546875 0.5583333333333333 0.03125 0.12083333333333333
1 0.53515625 0.5277777777777778 0.0234375 0.11666666666666667
1 0.503125 0.4583333333333333 0.025 0.10416666666666667
1 0.47578125 0.55 0.0296875 0.1125
1 0.43671875 0.46944444444444444 0.0296875 0.09305555555555556
1 0.37890625 0.525 0.0234375 0.09583333333333334
0 0.4046875 0.5444444444444444 0.03203125 0.23194444444444445
0 0.546875 0.4305555555555556 0.025 0.15