1 0.0484375 0.6694444444444444 0.053125 0.07083333333333333
1 0.0484375 0.7 0.04765625 0.09027777777777778
1 0.15234375 0.5 0.0296875 0.1
1 0.3109375 0.5375 0.03359375 0.10833333333333334
1 0.23828125 0.44583333333333336 0.0265625 0.08055555555555556
1 0.309375 0.44722222222222224 0.021875 0.07777777777777778
1 0.6484375 0.4027777777777778 0.01484375 0.07361111111111111
1 0.6234375 0.40555555555555556 0.01640625 0.06805555555555555
1 0.60625 0.38333333333333336 0.01875 0.05416666666666667
1 0.58828125 0.3597222222222222 0.0140625 0.058333333333333334
1 0.6640625 0.3861111111111111 0.01171875 0.03333333333333333
1 0.56015625 0.3597222222222222 0.0203125 0.058333333333333334