1 0.21796875 0.3888888888888889 0.0203125 0.06527777777777778
1 0.634375 0.3958333333333333 0.01640625 0.04722222222222222
1 0.44375 0.5416666666666666 0.02890625 0.10555555555555556
1 0.634375 0.5208333333333334 0.02890625 0.075
1 0.53984375 0.7555555555555555 0.0609375 0.12638888888888888
1 0.5625 0.9416666666666667 0.059375 0.11666666666666667
1 0.503125 0.9583333333333334 0.06796875 0.08194444444444444
1 0.68046875 0.8027777777777778 0.0515625 0.11527777777777778
1 0.66484375 0.44722222222222224 0.0359375 0.04583333333333333
1 0.73125 0.5777777777777777 0.03671875 0.11805555555555555
1 0.7109375 0.5611111111111111 0.02421875 0.11805555555555555
1 0.6921875 0.5333333333333333 0.040625 0.09583333333333334
0 0.55234375 0.5555555555555556 0.0390625 0.22083333333333333
0 0.7109375 0.9236111111111112 0.07265625 0.1527777777777778
0 0.19921875 0.38055555555555554 0.0203125 0.10694444444444444