1 0.034375 0.5555555555555556 0.04765625 0.10555555555555556
1 0.01484375 0.5097222222222222 0.0296875 0.08611111111111111
1 0.12890625 0.4638888888888889 0.0359375 0.10138888888888889
1 0.0765625 0.45416666666666666 0.02578125 0.03611111111111111
1 0.078125 0.5041666666666667 0.04375 0.08611111111111111
1 0.109375 0.6055555555555555 0.04921875 0.11666666666666667
1 0.11953125 0.5569444444444445 0.0359375 0.06388888888888888
1 0.2765625 0.6416666666666667 0.046875 0.15416666666666667
1 0.1859375 0.5597222222222222 0.040625 0.125
1 0.1625 0.5375 0.021875 0.09166666666666666
1 0.271875 0.5208333333333334 0.02890625 0.09722222222222222
1 0.97421875 0.6972222222222222 0.0515625 0.1875
1 0.9296875 0.6666666666666666 0.065625 0.19027777777777777
1 0.7671875 0.575 0.05 0.15
1 0.6171875 0.48055555555555557 0.028125 0.11527777777777778
1 0.5828125 0.4583333333333333 0.028125 0.11527777777777778
1 0.54375 0.44722222222222224 0.02265625 0.11805555555555555
1 0.5640625 0.40555555555555556 0.021875 0.07777777777777778
1 0.49765625 0.4361111111111111 0.0296875 0.10694444444444444
1 0.4390625 0.4930555555555556 0.03671875 0.10833333333333334
1 0.3796875 0.4041666666666667 0.02578125 0.08611111111111111