1 0.97890625 0.7083333333333334 0.0421875 0.14305555555555555
1 0.96875 0.6430555555555556 0.04765625 0.13055555555555556
1 0.7953125 0.5388888888888889 0.03359375 0.11666666666666667
1 0.56171875 0.4 0.0140625 0.08888888888888889
1 0.546875 0.4111111111111111 0.01875 0.07777777777777778
1 0.4890625 0.4097222222222222 0.01953125 0.058333333333333334
1 0.478125 0.44166666666666665 0.01875 0.07361111111111111
1 0.42578125 0.39166666666666666 0.0140625 0.08472222222222223
1 0.39609375 0.425 0.0203125 0.07361111111111111
1 0.3390625 0.5319444444444444 0.03203125 0.125
1 0.084375 0.5402777777777777 0.05 0.09722222222222222
0 0.45625 0.44027777777777777 0.028125 0.14166666666666666