1 0.0578125 0.5833333333333334 0.03359375 0.08472222222222223
1 0.0484375 0.46805555555555556 0.03828125 0.075
1 0.46953125 0.7444444444444445 0.0453125 0.18888888888888888
1 0.2890625 0.42916666666666664 0.025 0.08055555555555556
1 0.275 0.45555555555555555 0.02421875 0.08194444444444444
1 0.26484375 0.39444444444444443 0.0203125 0.043055555555555555
1 0.659375 0.39444444444444443 0.01640625 0.043055555555555555
1 0.5796875 0.3638888888888889 0.0125 0.059722222222222225
1 0.5703125 0.35 0.01171875 0.05416666666666667
1 0.5484375 0.34305555555555556 0.0125 0.05277777777777778
1 0.5359375 0.33611111111111114 0.0125 0.0375
1 0.5375 0.37777777777777777 0.015625 0.059722222222222225
1 0.51796875 0.37222222222222223 0.0140625 0.05416666666666667