1 0.046875 0.8972222222222223 0.09375 0.2013888888888889
1 0.0578125 0.6222222222222222 0.05 0.1375
1 0.2515625 0.525 0.03125 0.05555555555555555
1 0.41640625 0.7805555555555556 0.0734375 0.18194444444444444
1 0.6265625 0.9208333333333333 0.06171875 0.15833333333333333
1 0.37890625 0.41388888888888886 0.0234375 0.07916666666666666
1 0.5328125 0.4888888888888889 0.03828125 0.06527777777777778
1 0.79296875 0.6569444444444444 0.0765625 0.11944444444444445
1 0.8125 0.5666666666666667 0.04453125 0.0875
1 0.7359375 0.575 0.03125 0.13333333333333333
1 0.6546875 0.5777777777777777 0.03828125 0.15
1 0.6234375 0.5888888888888889 0.04375 0.13333333333333333
1 0.6484375 0.4777777777777778 0.03671875 0.05694444444444444
1 0.70859375 0.4652777777777778 0.0171875 0.09166666666666666
1 0.696875 0.4736111111111111 0.021875 0.09166666666666666