1 0.04375 0.49166666666666664 0.03515625 0.07222222222222222
1 0.2640625 0.3861111111111111 0.015625 0.05555555555555555
1 0.2515625 0.3888888888888889 0.01484375 0.06111111111111111
1 0.221875 0.38333333333333336 0.01484375 0.043055555555555555
1 0.3546875 0.44166666666666665 0.02109375 0.05694444444444444
1 0.6703125 0.5986111111111111 0.03125 0.11388888888888889
1 0.640625 0.75 0.03359375 0.08333333333333333
1 0.6046875 0.6694444444444444 0.04765625 0.08194444444444444
1 0.603125 0.7444444444444445 0.04765625 0.0875
0 0.296875 0.45555555555555555 0.025 0.17222222222222222
0 0.3109375 0.36666666666666664 0.02109375 0.10138888888888889