1 0.0421875 0.6319444444444444 0.06796875 0.13055555555555556
1 0.128125 0.5777777777777777 0.03984375 0.11527777777777778
1 0.196875 0.575 0.03671875 0.14027777777777778
1 0.16875 0.5361111111111111 0.021875 0.10555555555555556
1 0.1578125 0.4666666666666667 0.02890625 0.05
1 0.259375 0.43333333333333335 0.03359375 0.09583333333333334
1 0.65 0.46805555555555556 0.02265625 0.08611111111111111
1 0.584375 0.3541666666666667 0.00859375 0.05277777777777778
1 0.5765625 0.35 0.0125 0.04861111111111111
1 0.5671875 0.34444444444444444 0.0125 0.044444444444444446
1 0.53046875 0.3472222222222222 0.0109375 0.04583333333333333
1 0.51796875 0.40694444444444444 0.0140625 0.05277777777777778
1 0.5390625 0.39166666666666666 0.0125 0.07083333333333333
1 0.35 0.5 0.02109375 0.06805555555555555
0 0.2046875 0.4722222222222222 0.046875 0.17916666666666667
0 0.60234375 0.39166666666666666 0.0203125 0.10972222222222222