1 0.790625 0.5583333333333333 0.040625 0.10694444444444444
1 0.753125 0.6277777777777778 0.040625 0.13194444444444445
1 0.60703125 0.5277777777777778 0.0359375 0.10694444444444444
1 0.58359375 0.49444444444444446 0.0328125 0.10694444444444444
1 0.52421875 0.5597222222222222 0.0296875 0.1361111111111111
1 0.4953125 0.6152777777777778 0.040625 0.11388888888888889
1 0.5421875 0.5138888888888888 0.02109375 0.08472222222222223
1 0.5203125 0.4638888888888889 0.025 0.10694444444444444
1 0.4875 0.48333333333333334 0.025 0.1
1 0.36953125 0.5722222222222222 0.0359375 0.12083333333333333
1 0.253125 0.5152777777777777 0.03125 0.11944444444444445
0 0.40546875 0.55 0.0484375 0.24305555555555555
0 0.4328125 0.4444444444444444 0.03671875 0.1986111111111111
0 0.8765625 0.5680555555555555 0.059375 0.24166666666666667