1 0.309375 0.4027777777777778 0.01875 0.0875
1 0.275 0.3972222222222222 0.021875 0.07222222222222222
1 0.4578125 0.7930555555555555 0.05390625 0.20277777777777778
1 0.27578125 0.45555555555555555 0.0265625 0.04583333333333333
1 0.546875 0.4722222222222222 0.02890625 0.10555555555555556
1 0.565625 0.33611111111111114 0.01328125 0.03888888888888889
1 0.5640625 0.3888888888888889 0.01875 0.07222222222222222
1 0.54609375 0.3861111111111111 0.0234375 0.044444444444444446
1 0.42578125 0.4583333333333333 0.0296875 0.06666666666666667
0 0.5109375 0.35 0.01875 0.1111111111111111
0 0.5890625 0.36944444444444446 0.02421875 0.1125