1 0.3921875 0.4111111111111111 0.01796875 0.06111111111111111
1 0.75390625 0.6347222222222222 0.0328125 0.14722222222222223
1 0.659375 0.6555555555555556 0.040625 0.10972222222222222
1 0.55078125 0.45416666666666666 0.0234375 0.075
1 0.48984375 0.5944444444444444 0.0328125 0.09027777777777778
1 0.47578125 0.5083333333333333 0.0421875 0.09027777777777778
1 0.4328125 0.4847222222222222 0.034375 0.10833333333333334
1 0.3125 0.5680555555555555 0.03984375 0.13055555555555556
1 0.2984375 0.48055555555555557 0.025 0.09027777777777778
0 0.265625 0.45 0.0375 0.1875
0 0.353125 0.49027777777777776 0.034375 0.20277777777777778