1 0.1703125 0.6 0.04375 0.08194444444444444
1 0.0203125 0.6083333333333333 0.03515625 0.12083333333333333
1 0.34375 0.4527777777777778 0.02421875 0.09583333333333334
1 0.7921875 0.5472222222222223 0.03828125 0.10555555555555556
1 0.6921875 0.7680555555555556 0.06015625 0.14166666666666666
1 0.6828125 0.5041666666666667 0.02421875 0.11388888888888889
1 0.65625 0.49166666666666664 0.021875 0.09444444444444444
1 0.6359375 0.5166666666666667 0.03203125 0.10138888888888889
1 0.6046875 0.4888888888888889 0.03359375 0.10555555555555556
1 0.58359375 0.41944444444444445 0.0234375 0.06527777777777778
1 0.5328125 0.5083333333333333 0.02578125 0.1111111111111111
1 0.4796875 0.46944444444444444 0.028125 0.09444444444444444
1 0.45625 0.4861111111111111 0.025 0.09861111111111111
1 0.4109375 0.43194444444444446 0.02109375 0.06944444444444445
1 0.4046875 0.5305555555555556 0.03203125 0.12083333333333333
0 0.4390625 0.4027777777777778 0.03125 0.13472222222222222
0 0.63125 0.425 0.03671875 0.1388888888888889
0 0.7421875 0.4847222222222222 0.03359375 0.125
0 0.5578125 0.475 0.034375 0.15416666666666667