1 0.2625 0.3638888888888889 0.01953125 0.05694444444444444
1 0.246875 0.38333333333333336 0.01484375 0.06527777777777778
1 0.221875 0.3763888888888889 0.01640625 0.058333333333333334
1 0.20703125 0.3888888888888889 0.0140625 0.059722222222222225
1 0.221875 0.42083333333333334 0.02265625 0.075
1 0.1515625 0.4166666666666667 0.0125 0.06527777777777778
1 0.1375 0.4097222222222222 0.01484375 0.06388888888888888
1 0.5890625 0.7638888888888888 0.04609375 0.1111111111111111
1 0.5875 0.9513888888888888 0.06875 0.09722222222222222
1 0.4984375 0.9486111111111111 0.06953125 0.10277777777777777
1 0.53828125 0.7472222222222222 0.0578125 0.14444444444444443
1 0.73828125 0.4388888888888889 0.0140625 0.07222222222222222
1 0.684375 0.45 0.034375 0.08194444444444444
1 0.75234375 0.425 0.0140625 0.0625
1 0.778125 0.5805555555555556 0.03671875 0.10555555555555556
1 0.7453125 0.49166666666666664 0.02578125 0.08194444444444444
1 0.6921875 0.5305555555555556 0.02421875 0.08472222222222223
1 0.75 0.5611111111111111 0.02578125 0.1
0 0.80625 0.8708333333333333 0.078125 0.25833333333333336
0 0.08046875 0.4361111111111111 0.0421875 0.1375
0 0.778125 0.475 0.028125 0.18194444444444444