1 0.25 0.5111111111111111 0.03359375 0.1111111111111111
1 0.3140625 0.5875 0.028125 0.10277777777777777
1 0.7515625 0.5111111111111111 0.03515625 0.1
1 0.7265625 0.5138888888888888 0.03828125 0.12638888888888888
1 0.68984375 0.4875 0.0296875 0.10277777777777777
1 0.75078125 0.925 0.0796875 0.15
1 0.55078125 0.5 0.0296875 0.06527777777777778
1 0.5421875 0.5958333333333333 0.03359375 0.1361111111111111
1 0.48359375 0.5444444444444444 0.0453125 0.12638888888888888
1 0.44296875 0.49166666666666664 0.0390625 0.06805555555555555
0 0.39375 0.525 0.04296875 0.2222222222222222
0 0.959375 0.7722222222222223 0.08046875 0.32916666666666666