1 0.3796875 0.5958333333333333 0.03984375 0.14722222222222223
1 0.2875 0.4083333333333333 0.021875 0.05416666666666667
1 0.27734375 0.4583333333333333 0.0265625 0.043055555555555555
1 0.60234375 0.38333333333333336 0.0171875 0.05555555555555555
1 0.58125 0.37222222222222223 0.015625 0.05555555555555555
1 0.5828125 0.4305555555555556 0.02421875 0.08333333333333333
1 0.57109375 0.35138888888888886 0.0109375 0.058333333333333334
1 0.5515625 0.37222222222222223 0.01640625 0.05694444444444444
1 0.4234375 0.45555555555555555 0.02890625 0.0625
0 0.475 0.8791666666666667 0.1 0.24166666666666667
0 0.228125 0.4388888888888889 0.034375 0.17916666666666667