1 0.865625 0.6055555555555555 0.02578125 0.09027777777777778
1 0.8390625 0.5986111111111111 0.03359375 0.13055555555555556
1 0.809375 0.575 0.02890625 0.12361111111111112
1 0.79609375 0.4777777777777778 0.0296875 0.07777777777777778
1 0.7 0.4444444444444444 0.01640625 0.07916666666666666
1 0.5984375 0.8833333333333333 0.0625 0.2152777777777778
1 0.5625 0.7916666666666666 0.03359375 0.19444444444444445
1 0.54453125 0.7166666666666667 0.0390625 0.10138888888888889
1 0.515625 0.8833333333333333 0.05859375 0.12638888888888888
1 0.5 0.8388888888888889 0.04921875 0.12361111111111112
1 0.503125 0.7736111111111111 0.04765625 0.11944444444444445
1 0.49453125 0.45694444444444443 0.0234375 0.10833333333333334
1 0.48125 0.4111111111111111 0.01953125 0.08333333333333333
1 0.45625 0.49027777777777776 0.028125 0.058333333333333334
1 0.43046875 0.48194444444444445 0.0296875 0.05277777777777778
1 0.440625 0.4083333333333333 0.02109375 0.044444444444444446
1 0.1578125 0.5972222222222222 0.04765625 0.12638888888888888
1 0.153125 0.5138888888888888 0.028125 0.059722222222222225
0 0.65625 0.4791666666666667 0.04296875 0.18055555555555555
0 0.1234375 0.6388888888888888 0.08984375 0.3013888888888889