1 0.73125 0.6361111111111111 0.04765625 0.09583333333333334
1 0.59375 0.5277777777777778 0.025 0.11527777777777778
1 0.5796875 0.6222222222222222 0.034375 0.15416666666666667
1 0.496875 0.6555555555555556 0.0375 0.16666666666666666
1 0.5625 0.4861111111111111 0.01796875 0.10694444444444444
1 0.54140625 0.49722222222222223 0.0203125 0.06666666666666667
1 0.515625 0.5194444444444445 0.028125 0.09583333333333334
1 0.5390625 0.5833333333333334 0.028125 0.12777777777777777
1 0.4328125 0.4888888888888889 0.02734375 0.07361111111111111
1 0.4015625 0.44722222222222224 0.01953125 0.08194444444444444
0 0.36875 0.525 0.04375 0.24027777777777778