1 0.1515625 0.5638888888888889 0.04375 0.09861111111111111
1 0.30546875 0.4222222222222222 0.0234375 0.07777777777777778
1 0.88125 0.925 0.08515625 0.1486111111111111
1 0.98125 0.6138888888888889 0.03515625 0.13333333333333333
1 0.8953125 0.6805555555555556 0.05390625 0.14027777777777778
1 0.8953125 0.4722222222222222 0.02265625 0.08888888888888889
1 0.87734375 0.4638888888888889 0.0265625 0.09027777777777778
1 0.84375 0.45 0.028125 0.05694444444444444
1 0.69921875 0.5833333333333334 0.0390625 0.14027777777777778
1 0.5734375 0.46111111111111114 0.01953125 0.1
0 0.665625 0.45416666666666666 0.034375 0.16944444444444445
0 0.553125 0.43333333333333335 0.02890625 0.16111111111111112