1 0.7390625 0.6013888888888889 0.040625 0.08611111111111111
1 0.6609375 0.4888888888888889 0.02421875 0.1
1 0.5578125 0.4888888888888889 0.02265625 0.09861111111111111
1 0.553125 0.5555555555555556 0.03359375 0.059722222222222225
1 0.528125 0.5666666666666667 0.03125 0.10972222222222222
1 0.46640625 0.5111111111111111 0.0265625 0.1
1 0.396875 0.6402777777777777 0.04453125 0.125
1 0.4015625 0.5583333333333333 0.03203125 0.05416666666666667
1 0.39296875 0.49444444444444446 0.0265625 0.07361111111111111
1 0.359375 0.45555555555555555 0.02578125 0.07777777777777778
1 0.309375 0.49722222222222223 0.03046875 0.05694444444444444
1 0.30234375 0.45 0.0234375 0.043055555555555555
1 0.29921875 0.41388888888888886 0.0203125 0.03888888888888889
1 0.28671875 0.42777777777777776 0.0171875 0.05138888888888889
1 0.275 0.4305555555555556 0.01640625 0.0375
1 0.2671875 0.44166666666666665 0.01953125 0.029166666666666667
1 0.15234375 0.5944444444444444 0.0546875 0.07916666666666666
1 0.1328125 0.6611111111111111 0.03671875 0.07222222222222222
0 0.8109375 0.6069444444444444 0.06875 0.21944444444444444
0 0.69140625 0.4777777777777778 0.0328125 0.12638888888888888
0 0.7328125 0.5013888888888889 0.034375 0.1638888888888889
0 0.3875 0.4527777777777778 0.02890625 0.15138888888888888
0 0.27265625 0.49166666666666664 0.0515625 0.08333333333333333