1 0.415625 0.39444444444444443 0.01953125 0.08888888888888889
1 0.3890625 0.4 0.03046875 0.08194444444444444
1 0.3609375 0.39166666666666666 0.02265625 0.08194444444444444
1 0.34296875 0.39166666666666666 0.0171875 0.08472222222222223
1 0.4765625 0.425 0.021875 0.10972222222222222
1 0.45625 0.4083333333333333 0.02109375 0.09444444444444444
1 0.81015625 0.5416666666666666 0.0421875 0.11527777777777778
1 0.534375 0.3875 0.01875 0.06944444444444445
1 0.096875 0.4652777777777778 0.03046875 0.09166666666666666
1 0.0875 0.49444444444444446 0.03203125 0.0875
1 0.0421875 0.49444444444444446 0.04140625 0.08888888888888889
1 0.0453125 0.6097222222222223 0.04375 0.1361111111111111
1 0.0234375 0.5416666666666666 0.03203125 0.05694444444444444
0 0.13984375 0.49722222222222223 0.0359375 0.19305555555555556
0 0.5515625 0.39166666666666666 0.034375 0.12222222222222222