1 0.025 0.5444444444444444 0.040625 0.09444444444444444
1 0.25 0.4111111111111111 0.03046875 0.06666666666666667
1 0.35 0.42083333333333334 0.021875 0.08055555555555556
1 0.63125 0.45 0.028125 0.07361111111111111
1 0.6453125 0.375 0.01328125 0.05555555555555555
1 0.65625 0.8041666666666667 0.05390625 0.09166666666666666
1 0.68125 0.3888888888888889 0.009375 0.059722222222222225
1 0.6703125 0.3819444444444444 0.01328125 0.06388888888888888
1 0.65 0.9055555555555556 0.05390625 0.10416666666666667
1 0.68515625 0.9555555555555556 0.0671875 0.08888888888888889
1 0.4453125 0.9277777777777778 0.06796875 0.14027777777777778
1 0.1046875 0.7069444444444445 0.053125 0.16944444444444445
1 0.1609375 0.7638888888888888 0.07421875 0.21805555555555556
1 0.275 0.5722222222222222 0.03046875 0.12638888888888888
1 0.2546875 0.5944444444444444 0.040625 0.14305555555555555
0 0.57890625 0.9416666666666667 0.0828125 0.11666666666666667
0 0.3296875 0.575 0.05390625 0.20694444444444443
0 0.43203125 0.5444444444444444 0.0484375 0.16111111111111112
0 0.303125 0.36666666666666664 0.028125 0.09583333333333334
0 0.69140625 0.3819444444444444 0.0203125 0.10277777777777777