1 0.0546875 0.6305555555555555 0.05625 0.15138888888888888
1 0.284375 0.3972222222222222 0.02421875 0.07361111111111111
1 0.26953125 0.42777777777777776 0.0234375 0.0875
1 0.59296875 0.3638888888888889 0.0109375 0.05138888888888889
1 0.575 0.38472222222222224 0.01796875 0.058333333333333334
1 0.4890625 0.37777777777777777 0.015625 0.04027777777777778
1 0.55625 0.37777777777777777 0.01875 0.06111111111111111
1 0.5734375 0.3416666666666667 0.01328125 0.04027777777777778
1 0.4234375 0.4527777777777778 0.03515625 0.06111111111111111
0 0.2375 0.42777777777777776 0.03359375 0.15555555555555556
0 0.690625 0.9236111111111112 0.11640625 0.1527777777777778
0 0.503125 0.3861111111111111 0.01953125 0.12638888888888888
0 0.55390625 0.35555555555555557 0.0234375 0.10416666666666667