1 0.88984375 0.575 0.0390625 0.13194444444444445
1 0.8234375 0.5611111111111111 0.034375 0.1111111111111111
1 0.76171875 0.5194444444444445 0.0296875 0.09444444444444444
1 0.6765625 0.4847222222222222 0.021875 0.09166666666666666
1 0.659375 0.49583333333333335 0.025 0.10833333333333334
1 0.634375 0.45555555555555555 0.01875 0.0875
1 0.578125 0.41944444444444445 0.02265625 0.0875
1 0.4953125 0.4111111111111111 0.01796875 0.07222222222222222
1 0.4765625 0.41944444444444445 0.015625 0.06527777777777778
1 0.44375 0.42777777777777776 0.028125 0.07916666666666666
0 0.6015625 0.4222222222222222 0.02265625 0.11805555555555555