1 0.73125 0.6444444444444445 0.04375 0.10972222222222222
1 0.69453125 0.4847222222222222 0.0359375 0.09722222222222222
1 0.65703125 0.5375 0.0296875 0.11944444444444445
1 0.6140625 0.6472222222222223 0.03671875 0.14305555555555555
1 0.55078125 0.5888888888888889 0.0296875 0.1375
1 0.5375 0.5027777777777778 0.025 0.07777777777777778
1 0.459375 0.5638888888888889 0.02890625 0.14444444444444443
1 0.434375 0.49444444444444446 0.03046875 0.05694444444444444
1 0.409375 0.475 0.021875 0.07083333333333333
1 0.3859375 0.5861111111111111 0.03984375 0.14444444444444443
0 0.3875 0.5152777777777777 0.03828125 0.19722222222222222