1 0.065625 0.6319444444444444 0.04375 0.13055555555555556
1 0.05 0.6736111111111112 0.05625 0.14166666666666666
1 0.153125 0.5111111111111111 0.03046875 0.1111111111111111
1 0.31328125 0.44722222222222224 0.0234375 0.0763888888888889
1 0.30859375 0.38055555555555554 0.0296875 0.05138888888888889
1 0.675 0.3875 0.01171875 0.058333333333333334
1 0.659375 0.3875 0.02109375 0.041666666666666664
1 0.5796875 0.3611111111111111 0.01796875 0.05
1 0.5640625 0.3611111111111111 0.01796875 0.04583333333333333
1 0.5453125 0.37222222222222223 0.01953125 0.05555555555555555
1 0.5234375 0.36527777777777776 0.01796875 0.058333333333333334