1 0.2515625 0.5166666666666667 0.03984375 0.12638888888888888
1 0.971875 0.6194444444444445 0.05234375 0.12916666666666668
1 0.8765625 0.5361111111111111 0.03203125 0.08472222222222223
1 0.8828125 0.6 0.034375 0.12638888888888888
1 0.7671875 0.5541666666666667 0.04296875 0.09166666666666666
1 0.5984375 0.48333333333333334 0.02578125 0.09583333333333334
1 0.56015625 0.5541666666666667 0.0359375 0.11944444444444445
1 0.56640625 0.46944444444444444 0.0265625 0.06805555555555555
1 0.534375 0.5166666666666667 0.03203125 0.08194444444444444
1 0.509375 0.5555555555555556 0.03203125 0.10972222222222222
1 0.4765625 0.49722222222222223 0.034375 0.11527777777777778
1 0.4328125 0.46944444444444444 0.034375 0.05555555555555555
1 0.44921875 0.5444444444444444 0.0296875 0.13194444444444445
0 0.4046875 0.5458333333333333 0.03359375 0.25833333333333336
0 0.7078125 0.4652777777777778 0.0375 0.16944444444444445