1 0.1953125 0.5930555555555556 0.03046875 0.08055555555555556
1 0.1609375 0.5722222222222222 0.04140625 0.0875
1 0.665625 0.7777777777777778 0.05234375 0.17916666666666667
1 0.3140625 0.48194444444444445 0.025 0.09722222222222222
1 0.796875 0.5208333333333334 0.02578125 0.04722222222222222
1 0.778125 0.6111111111111112 0.046875 0.14027777777777778
1 0.646875 0.4888888888888889 0.02890625 0.08333333333333333
1 0.534375 0.49583333333333335 0.03125 0.11388888888888889
1 0.553125 0.575 0.03359375 0.12361111111111112
1 0.36796875 0.4125 0.0203125 0.075
1 0.3828125 0.5055555555555555 0.03515625 0.11666666666666667
1 0.3859375 0.4236111111111111 0.01953125 0.06388888888888888
1 0.48359375 0.4111111111111111 0.0203125 0.059722222222222225
1 0.4296875 0.48333333333333334 0.02109375 0.1
1 0.4640625 0.4986111111111111 0.02421875 0.10277777777777777
1 0.44453125 0.475 0.0171875 0.05555555555555555
1 0.4765625 0.475 0.01484375 0.10555555555555556
0 0.5734375 0.45 0.02734375 0.16666666666666666
0 0.6265625 0.42777777777777776 0.03359375 0.1388888888888889
0 0.7140625 0.4722222222222222 0.04453125 0.12638888888888888