1 0.025 0.9166666666666666 0.05 0.16527777777777777
1 0.1546875 0.8638888888888889 0.08828125 0.2013888888888889
1 0.28046875 0.8305555555555556 0.0734375 0.19305555555555556
1 0.459375 0.7194444444444444 0.05 0.09444444444444444
1 0.4328125 0.9305555555555556 0.07109375 0.1388888888888889
1 0.715625 0.7986111111111112 0.05703125 0.1527777777777778
1 0.665625 0.9458333333333333 0.05859375 0.10833333333333334
1 0.5875 0.8166666666666667 0.04453125 0.1
1 0.5375 0.8638888888888889 0.053125 0.1625
1 0.6234375 0.38055555555555554 0.01328125 0.059722222222222225
1 0.53828125 0.36944444444444446 0.0078125 0.0375
1 0.6703125 0.525 0.02109375 0.1111111111111111
1 0.653125 0.5027777777777778 0.01875 0.05694444444444444
1 0.590625 0.44722222222222224 0.01796875 0.04027777777777778
1 0.5953125 0.5388888888888889 0.01875 0.1
1 0.60546875 0.4666666666666667 0.0203125 0.04027777777777778
1 0.58515625 0.5166666666666667 0.0234375 0.10694444444444444
0 0.0375 0.44722222222222224 0.03828125 0.1388888888888889
0 0.509375 0.7125 0.06015625 0.1361111111111111
0 0.6328125 0.4625 0.02578125 0.08611111111111111