1 0.66953125 0.5930555555555556 0.0265625 0.10833333333333334
1 0.59453125 0.6055555555555555 0.0296875 0.0763888888888889
1 0.61875 0.6305555555555555 0.03046875 0.13194444444444445
1 0.6390625 0.7638888888888888 0.046875 0.08194444444444444
1 0.259375 0.9513888888888888 0.06484375 0.09722222222222222
1 0.2421875 0.4666666666666667 0.03203125 0.07916666666666666
1 0.33359375 0.4013888888888889 0.0203125 0.06388888888888888
1 0.3125 0.3819444444444444 0.01328125 0.041666666666666664
1 0.30625 0.4027777777777778 0.01796875 0.05555555555555555
0 0.74765625 0.7555555555555555 0.0703125 0.32083333333333336
0 0.2859375 0.39166666666666666 0.015625 0.07777777777777778