1 0.1453125 0.5611111111111111 0.04453125 0.10555555555555556
1 0.4140625 0.8944444444444445 0.05 0.2111111111111111
1 0.834375 0.6888888888888889 0.053125 0.15
1 0.6203125 0.7361111111111112 0.06875 0.1986111111111111
1 0.728125 0.5986111111111111 0.05 0.14166666666666666
1 0.8078125 0.4888888888888889 0.03125 0.10138888888888889
1 0.9203125 0.49166666666666664 0.03203125 0.09305555555555556
1 0.8765625 0.4583333333333333 0.02734375 0.08333333333333333
1 0.8609375 0.4527777777777778 0.02265625 0.07916666666666666
1 0.790625 0.40555555555555556 0.015625 0.07361111111111111
0 0.60703125 0.4638888888888889 0.0296875 0.18194444444444444
0 0.575 0.6416666666666667 0.08125 0.30972222222222223
0 0.29453125 0.4125 0.0390625 0.13055555555555556