1 0.80625 0.5472222222222223 0.03984375 0.11805555555555555
1 0.5671875 0.46111111111111114 0.03671875 0.12361111111111112
1 0.54765625 0.4388888888888889 0.0234375 0.10416666666666667
1 0.5296875 0.43472222222222223 0.02734375 0.10833333333333334
1 0.4921875 0.41944444444444445 0.021875 0.08194444444444444
1 0.453125 0.4083333333333333 0.028125 0.08194444444444444
1 0.425 0.39305555555555555 0.01953125 0.08611111111111111
1 0.39765625 0.39166666666666666 0.0203125 0.09444444444444444
1 0.1125 0.46944444444444444 0.025 0.08333333333333333
1 0.0890625 0.4388888888888889 0.02265625 0.05555555555555555
1 0.08125 0.4861111111111111 0.03515625 0.09027777777777778
1 0.03671875 0.575 0.0515625 0.1375
1 0.021875 0.6333333333333333 0.04375 0.1388888888888889
0 0.15703125 0.48333333333333334 0.0453125 0.1625