1 0.0484375 0.5722222222222222 0.04453125 0.11527777777777778
1 0.1765625 0.4708333333333333 0.03046875 0.09166666666666666
1 0.146875 0.4722222222222222 0.02265625 0.07777777777777778
1 0.2484375 0.4722222222222222 0.03046875 0.10416666666666667
1 0.2390625 0.4083333333333333 0.01875 0.0875
1 0.53125 0.6555555555555556 0.03359375 0.16111111111111112
1 0.4484375 0.6472222222222223 0.02421875 0.15416666666666667
1 0.6609375 0.38472222222222224 0.01484375 0.041666666666666664
1 0.5859375 0.35694444444444445 0.01953125 0.06388888888888888
1 0.56875 0.35138888888888886 0.0125 0.058333333333333334
1 0.5546875 0.35 0.01015625 0.05694444444444444
1 0.525 0.3902777777777778 0.015625 0.06388888888888888
1 0.56328125 0.40694444444444444 0.0140625 0.075
1 0.5453125 0.39166666666666666 0.01171875 0.06111111111111111
1 0.5484375 0.3472222222222222 0.0125 0.043055555555555555
0 0.48046875 0.6305555555555555 0.0359375 0.29305555555555557