1 0.7890625 0.5458333333333333 0.0375 0.11388888888888889
1 0.6234375 0.45555555555555555 0.02265625 0.09305555555555556
1 0.5125 0.39166666666666666 0.02421875 0.07361111111111111
1 0.45546875 0.4 0.0203125 0.07083333333333333
1 0.325 0.4388888888888889 0.03203125 0.08194444444444444
1 0.23125 0.5277777777777778 0.03515625 0.11805555555555555
1 0.184375 0.6333333333333333 0.04765625 0.14305555555555555
1 0.10625 0.49166666666666664 0.028125 0.09444444444444444
1 0.1109375 0.5611111111111111 0.02890625 0.10694444444444444
1 0.096875 0.5888888888888889 0.04140625 0.11666666666666667
1 0.0578125 0.6486111111111111 0.05234375 0.13055555555555556
0 0.48515625 0.38472222222222224 0.0296875 0.11388888888888889