1 0.115625 0.45416666666666666 0.040625 0.08055555555555556
1 0.06875 0.46111111111111114 0.03359375 0.08333333333333333
1 0.14140625 0.575 0.0390625 0.12638888888888888
1 0.19453125 0.5916666666666667 0.0359375 0.12222222222222222
1 0.66640625 0.8611111111111112 0.0484375 0.19583333333333333
1 0.96875 0.6694444444444444 0.05 0.1986111111111111
1 0.7171875 0.5277777777777778 0.03359375 0.14444444444444443
1 0.68125 0.5083333333333333 0.040625 0.15555555555555556
1 0.6484375 0.5083333333333333 0.0375 0.1388888888888889
1 0.6140625 0.5083333333333333 0.02890625 0.1375
1 0.5640625 0.49444444444444446 0.03046875 0.15
1 0.5140625 0.49722222222222223 0.03125 0.14444444444444443
1 0.4375 0.4930555555555556 0.04140625 0.125
1 0.4046875 0.46944444444444444 0.028125 0.12361111111111112
1 0.3890625 0.525 0.028125 0.12916666666666668
1 0.346875 0.4527777777777778 0.02421875 0.09861111111111111
1 0.321875 0.45555555555555555 0.02890625 0.09027777777777778
1 0.2421875 0.45 0.02109375 0.07916666666666666
1 0.2875 0.7333333333333333 0.059375 0.15416666666666667
1 0.3234375 0.8736111111111111 0.06171875 0.19166666666666668
0 0.47421875 0.5027777777777778 0.0453125 0.2111111111111111
0 0.28828125 0.6111111111111112 0.0734375 0.2652777777777778
0 0.3078125 0.46805555555555556 0.04609375 0.15833333333333333