1 0.634375 0.4166666666666667 0.01484375 0.06111111111111111
1 0.625 0.36666666666666664 0.00625 0.02638888888888889
1 0.61875 0.38472222222222224 0.0125 0.041666666666666664
1 0.596875 0.3611111111111111 0.01484375 0.027777777777777776
1 0.5640625 0.5097222222222222 0.021875 0.11944444444444445
1 0.553125 0.43194444444444446 0.01953125 0.06944444444444445
1 0.51484375 0.525 0.0296875 0.12638888888888888
1 0.4953125 0.5166666666666667 0.02421875 0.11805555555555555
1 0.4515625 0.4875 0.03203125 0.08611111111111111
1 0.3125 0.4027777777777778 0.021875 0.06666666666666667
1 0.1828125 0.4736111111111111 0.03671875 0.10277777777777777
1 0.321875 0.5555555555555556 0.034375 0.12916666666666668
1 0.028125 0.625 0.04609375 0.13194444444444445
1 0.625 0.7930555555555555 0.04609375 0.09722222222222222
1 0.4265625 0.9388888888888889 0.07421875 0.11805555555555555
1 0.65 0.9361111111111111 0.06796875 0.12638888888888888
1 0.57734375 0.825 0.0453125 0.1111111111111111
0 0.6421875 0.36666666666666664 0.01796875 0.12222222222222222
0 0.55 0.9041666666666667 0.08515625 0.19166666666666668
0 0.5953125 0.49166666666666664 0.02265625 0.19583333333333333