1 0.2640625 0.375 0.01875 0.0625
1 0.2203125 0.38055555555555554 0.01796875 0.05694444444444444
1 0.190625 0.3861111111111111 0.015625 0.05416666666666667
1 0.403125 0.3597222222222222 0.0125 0.025
1 0.51796875 0.35833333333333334 0.0140625 0.034722222222222224
1 0.53125 0.3625 0.01171875 0.03611111111111111
1 0.56953125 0.3902777777777778 0.0140625 0.058333333333333334
1 0.5609375 0.41388888888888886 0.01875 0.05555555555555555
1 0.475 0.35 0.01953125 0.044444444444444446
0 0.5453125 0.36527777777777776 0.02109375 0.10833333333333334
0 0.23828125 0.3527777777777778 0.0296875 0.1