1 0.484375 0.39444444444444443 0.01953125 0.06527777777777778
1 0.54765625 0.41388888888888886 0.0171875 0.07916666666666666
1 0.5203125 0.4166666666666667 0.01796875 0.0763888888888889
1 0.6046875 0.44722222222222224 0.02109375 0.07777777777777778
1 0.66015625 0.525 0.0359375 0.12638888888888888
1 0.73203125 0.5305555555555556 0.0453125 0.14583333333333334
1 0.71796875 0.49166666666666664 0.0296875 0.09861111111111111
1 0.9609375 0.6916666666666667 0.059375 0.18333333333333332
1 0.93125 0.675 0.06796875 0.16805555555555557
1 0.91171875 0.6555555555555556 0.0640625 0.19444444444444445
1 0.9015625 0.625 0.05 0.1763888888888889
1 0.8609375 0.6180555555555556 0.05234375 0.1527777777777778
1 0.203125 0.49166666666666664 0.04765625 0.1125
1 0.1234375 0.48055555555555557 0.03359375 0.04861111111111111
1 0.15 0.5666666666666667 0.03125 0.1
1 0.1484375 0.6333333333333333 0.0375 0.1388888888888889
1 0.1203125 0.6 0.03828125 0.12083333333333333
1 0.0953125 0.5222222222222223 0.025 0.09861111111111111
1 0.0828125 0.5833333333333334 0.03984375 0.12916666666666668
1 0.0578125 0.6375 0.046875 0.11944444444444445
0 0.0625 0.44583333333333336 0.04609375 0.14722222222222223
0 0.63671875 0.4444444444444444 0.0265625 0.13472222222222222