1 0.11640625 0.8597222222222223 0.0578125 0.16944444444444445
1 0.2765625 0.4583333333333333 0.02734375 0.0875
1 0.4296875 0.45694444444444443 0.01953125 0.075
1 0.4046875 0.45416666666666666 0.02109375 0.075
1 0.39140625 0.5083333333333333 0.0296875 0.08888888888888889
1 0.3265625 0.46944444444444444 0.02578125 0.08333333333333333
1 0.6546875 0.6277777777777778 0.02734375 0.08194444444444444
1 0.58828125 0.6083333333333333 0.0296875 0.07777777777777778
1 0.6328125 0.7527777777777778 0.05 0.1
0 0.54375 0.7055555555555556 0.04765625 0.29305555555555557
0 0.36875 0.4111111111111111 0.021875 0.12916666666666668