1 0.05625 0.6416666666666667 0.04375 0.10138888888888889
1 0.09375 0.4527777777777778 0.02421875 0.07361111111111111
1 0.0703125 0.5388888888888889 0.040625 0.09583333333333334
1 0.8484375 0.5722222222222222 0.03515625 0.1125
1 0.83359375 0.5472222222222223 0.0234375 0.1
1 0.8109375 0.5611111111111111 0.0375 0.10972222222222222
1 0.7875 0.5277777777777778 0.0375 0.1125
1 0.48828125 0.39861111111111114 0.0171875 0.075
1 0.4375 0.41944444444444445 0.02734375 0.059722222222222225
1 0.35 0.5027777777777778 0.02421875 0.0875
0 0.0515625 0.4444444444444444 0.034375 0.12222222222222222