1 0.51875 0.41944444444444445 0.01640625 0.08333333333333333
1 0.49375 0.4222222222222222 0.02734375 0.07222222222222222
1 0.4703125 0.41944444444444445 0.01796875 0.07916666666666666
1 0.8984375 0.575 0.03984375 0.10972222222222222
1 0.871875 0.5555555555555556 0.03125 0.10694444444444444
1 0.7625 0.5166666666666667 0.02421875 0.09861111111111111
1 0.67109375 0.49166666666666664 0.0234375 0.10138888888888889
1 0.646875 0.48333333333333334 0.01953125 0.10972222222222222
1 0.63125 0.4638888888888889 0.01875 0.09444444444444444
1 0.57734375 0.4222222222222222 0.0171875 0.08888888888888889
0 0.5953125 0.41944444444444445 0.01640625 0.12361111111111112