1 0.1578125 0.4152777777777778 0.021875 0.06388888888888888
1 0.5625 0.9430555555555555 0.05 0.11388888888888889
1 0.5015625 0.9486111111111111 0.06953125 0.10277777777777777
1 0.7234375 0.8722222222222222 0.078125 0.15694444444444444
1 0.67734375 0.8 0.0515625 0.12083333333333333
1 0.53828125 0.7444444444444445 0.0640625 0.13472222222222222
1 0.66640625 0.4375 0.0234375 0.075
1 0.6 0.5027777777777778 0.028125 0.08333333333333333
1 0.64375 0.5736111111111111 0.02265625 0.08611111111111111
1 0.74296875 0.5305555555555556 0.0203125 0.06111111111111111
1 0.7359375 0.5625 0.03515625 0.09722222222222222
1 0.70546875 0.5694444444444444 0.0359375 0.11666666666666667
1 0.69375 0.5194444444444445 0.02109375 0.07916666666666666
0 0.13203125 0.4111111111111111 0.0328125 0.11666666666666667
0 0.6078125 0.5930555555555556 0.05546875 0.13055555555555556
0 0.74609375 0.4888888888888889 0.0421875 0.09861111111111111