1 0.0578125 0.6138888888888889 0.04765625 0.12638888888888888
1 0.034375 0.6138888888888889 0.04140625 0.12777777777777777
1 0.0125 0.6236111111111111 0.025 0.1361111111111111
1 0.3296875 0.5833333333333334 0.04765625 0.10555555555555556
1 0.559375 0.8944444444444445 0.07109375 0.19583333333333333
1 0.9421875 0.7625 0.06015625 0.15833333333333333
1 0.734375 0.7722222222222223 0.065625 0.17083333333333334
1 0.79609375 0.5444444444444444 0.0328125 0.09444444444444444
1 0.70859375 0.5 0.0234375 0.1
1 0.6875 0.4722222222222222 0.03046875 0.09027777777777778
1 0.625 0.4625 0.03515625 0.10277777777777777
1 0.52578125 0.5138888888888888 0.0296875 0.05138888888888889
1 0.528125 0.48055555555555557 0.02890625 0.04861111111111111
1 0.428125 0.43333333333333335 0.025 0.044444444444444446
0 0.21640625 0.5972222222222222 0.0703125 0.28194444444444444
0 0.38046875 0.45416666666666666 0.0421875 0.1527777777777778
0 0.4140625 0.44722222222222224 0.04140625 0.16527777777777777
0 0.725 0.6361111111111111 0.0625 0.2791666666666667
0 0.684375 0.4125 0.02890625 0.09722222222222222