1 0.246875 0.5055555555555555 0.04375 0.10694444444444444
1 0.44140625 0.48333333333333334 0.0296875 0.09027777777777778
1 0.4171875 0.49166666666666664 0.025 0.07916666666666666
1 0.66796875 0.4888888888888889 0.0234375 0.10555555555555556
1 0.6078125 0.46944444444444444 0.028125 0.11527777777777778
1 0.571875 0.4888888888888889 0.03203125 0.12361111111111112
1 0.54453125 0.5069444444444444 0.0296875 0.04722222222222222
1 0.54140625 0.5958333333333333 0.0359375 0.1361111111111111
1 0.79765625 0.6666666666666666 0.0421875 0.12638888888888888
1 0.9203125 0.7166666666666667 0.05859375 0.14583333333333334
0 0.3953125 0.5194444444444445 0.05078125 0.22777777777777777