1 0.23984375 0.38055555555555554 0.0203125 0.05138888888888889
1 0.2234375 0.38333333333333336 0.01484375 0.05416666666666667
1 0.2703125 0.4638888888888889 0.01484375 0.09583333333333334
1 0.221875 0.4583333333333333 0.02578125 0.06805555555555555
1 0.1546875 0.40694444444444444 0.021875 0.058333333333333334
1 0.1484375 0.41805555555555557 0.02109375 0.06388888888888888
1 0.13203125 0.41388888888888886 0.0171875 0.04861111111111111
1 0.1 0.44722222222222224 0.01953125 0.04027777777777778
1 0.0640625 0.4444444444444444 0.02578125 0.07361111111111111
1 0.7078125 0.4027777777777778 0.02265625 0.04583333333333333
1 0.54375 0.5166666666666667 0.03984375 0.10416666666666667
1 0.534375 0.75 0.06640625 0.1111111111111111
1 0.7046875 0.825 0.053125 0.0875
1 0.5515625 0.8944444444444445 0.0625 0.11527777777777778
1 0.490625 0.9527777777777777 0.05625 0.09444444444444444
1 0.759375 0.4486111111111111 0.02109375 0.06388888888888888
1 0.73125 0.4305555555555556 0.01484375 0.05138888888888889
0 0.815625 0.8930555555555556 0.103125 0.21388888888888888
0 0.74921875 0.5472222222222223 0.0421875 0.15694444444444444