1 0.7296875 0.8916666666666667 0.065625 0.18472222222222223
1 0.6796875 0.8013888888888889 0.05078125 0.11944444444444445
1 0.5375 0.7472222222222222 0.06953125 0.13472222222222222
1 0.5625 0.9388888888888889 0.05625 0.12222222222222222
1 0.50234375 0.9569444444444445 0.0640625 0.08611111111111111
1 0.16328125 0.4111111111111111 0.0203125 0.07083333333333333
1 0.64140625 0.4 0.0171875 0.06666666666666667
1 0.6671875 0.44722222222222224 0.021875 0.06666666666666667
1 0.64296875 0.575 0.0234375 0.08472222222222223
1 0.74453125 0.525 0.0234375 0.05694444444444444
1 0.7328125 0.5666666666666667 0.02890625 0.1
1 0.69375 0.5222222222222223 0.025 0.06666666666666667
1 0.7 0.5638888888888889 0.04921875 0.1111111111111111
0 0.60859375 0.5888888888888889 0.0546875 0.15416666666666667
0 0.1359375 0.40555555555555556 0.02265625 0.1125