1 0.05 0.6638888888888889 0.05390625 0.0763888888888889
1 0.05 0.7055555555555556 0.046875 0.09444444444444444
1 0.1140625 0.5444444444444444 0.034375 0.11527777777777778
1 0.1671875 0.475 0.03125 0.1
1 0.29375 0.55 0.03359375 0.11805555555555555
1 0.69921875 0.48333333333333334 0.0234375 0.09583333333333334
1 0.3171875 0.4444444444444444 0.01796875 0.06666666666666667
1 0.52109375 0.4 0.0265625 0.08194444444444444
1 0.6875 0.3902777777777778 0.0125 0.06388888888888888
1 0.659375 0.3888888888888889 0.01484375 0.043055555555555555
1 0.6203125 0.39444444444444443 0.01875 0.05694444444444444
1 0.5453125 0.38333333333333336 0.01796875 0.06527777777777778
0 0.5765625 0.41388888888888886 0.02421875 0.12222222222222222