1 0.734375 0.6444444444444445 0.04140625 0.09861111111111111
1 0.63046875 0.9138888888888889 0.0703125 0.17083333333333334
1 0.628125 0.5222222222222223 0.028125 0.11666666666666667
1 0.6203125 0.49444444444444446 0.03515625 0.09583333333333334
1 0.6390625 0.5722222222222222 0.02734375 0.14027777777777778
1 0.5984375 0.5111111111111111 0.028125 0.13333333333333333
1 0.5484375 0.5916666666666667 0.02890625 0.13194444444444445
1 0.534375 0.5111111111111111 0.028125 0.09861111111111111
1 0.4359375 0.6083333333333333 0.04296875 0.15
1 0.4328125 0.49444444444444446 0.02890625 0.07222222222222222
1 0.40390625 0.4777777777777778 0.0328125 0.08194444444444444
0 0.38203125 0.5055555555555555 0.0359375 0.20972222222222223
0 0.35 0.4597222222222222 0.03046875 0.19722222222222222