1 0.5453125 0.95 0.09609375 0.1
1 0.9359375 0.5916666666666667 0.04140625 0.12083333333333333
1 0.9 0.575 0.0375 0.11666666666666667
1 0.759375 0.5166666666666667 0.03125 0.08888888888888889
1 0.5828125 0.41388888888888886 0.01875 0.07222222222222222
1 0.565625 0.4027777777777778 0.01328125 0.043055555555555555
1 0.5640625 0.4777777777777778 0.03359375 0.09444444444444444
1 0.49453125 0.4083333333333333 0.0109375 0.07083333333333333
1 0.4828125 0.3819444444444444 0.01328125 0.041666666666666664
1 0.47890625 0.4222222222222222 0.0234375 0.04583333333333333
0 0.79609375 0.5055555555555555 0.0296875 0.16111111111111112
0 0.0765625 0.6111111111111112 0.05859375 0.2611111111111111