1 0.778125 0.5875 0.03125 0.058333333333333334
1 0.6984375 0.525 0.03125 0.07916666666666666
1 0.5890625 0.7541666666666667 0.03984375 0.11944444444444445
1 0.5390625 0.7416666666666667 0.0625 0.1388888888888889
1 0.56640625 0.9472222222222222 0.0640625 0.10555555555555556
1 0.50234375 0.9416666666666667 0.0765625 0.11666666666666667
1 0.73359375 0.4888888888888889 0.0171875 0.06111111111111111
1 0.7328125 0.4444444444444444 0.01875 0.034722222222222224
1 0.2125 0.4041666666666667 0.021875 0.05277777777777778
1 0.171875 0.4097222222222222 0.01796875 0.06388888888888888
1 0.1578125 0.41944444444444445 0.01640625 0.0625
1 0.15 0.4222222222222222 0.015625 0.07083333333333333
1 0.1359375 0.4152777777777778 0.01171875 0.06388888888888888
1 0.096875 0.44722222222222224 0.025 0.05694444444444444
1 0.07734375 0.45555555555555555 0.0171875 0.043055555555555555
1 0.05859375 0.44166666666666665 0.0203125 0.0625
0 0.70625 0.8611111111111112 0.09453125 0.23333333333333334
0 0.77421875 0.4722222222222222 0.0296875 0.15
0 0.265625 0.3861111111111111 0.01875 0.09583333333333334
0 0.221875 0.3680555555555556 0.02109375 0.09166666666666666