1 0.98359375 0.5527777777777778 0.0328125 0.09027777777777778
1 0.82734375 0.6833333333333333 0.0515625 0.12222222222222222
1 0.5921875 0.9222222222222223 0.06328125 0.15416666666666667
1 0.21875 0.65 0.046875 0.1486111111111111
1 0.196875 0.5111111111111111 0.025 0.10555555555555556
1 0.878125 0.4666666666666667 0.02421875 0.08888888888888889
1 0.82734375 0.5083333333333333 0.0328125 0.08194444444444444
1 0.8359375 0.44166666666666665 0.021875 0.07361111111111111
1 0.5515625 0.43333333333333335 0.02265625 0.08333333333333333
1 0.55078125 0.3972222222222222 0.0171875 0.044444444444444446
0 0.78125 0.4486111111111111 0.04453125 0.14722222222222223