1 0.2765625 0.5972222222222222 0.03125 0.0875
1 0.2515625 0.5138888888888888 0.03671875 0.10694444444444444
1 0.546875 0.5861111111111111 0.034375 0.13472222222222222
1 0.43671875 0.475 0.0234375 0.10138888888888889
1 0.7453125 0.5472222222222223 0.03203125 0.11527777777777778
1 0.6890625 0.49722222222222223 0.02734375 0.10138888888888889
1 0.7140625 0.5444444444444444 0.03828125 0.12777777777777777
1 0.775 0.8291666666666667 0.07109375 0.13055555555555556
1 0.47421875 0.5805555555555556 0.0359375 0.1388888888888889
0 0.3921875 0.5305555555555556 0.03828125 0.23333333333333334
0 0.79921875 0.5944444444444444 0.0484375 0.24444444444444444