1 0.23515625 0.3763888888888889 0.0140625 0.06388888888888888
1 0.2265625 0.38333333333333336 0.01640625 0.05555555555555555
1 0.1984375 0.4305555555555556 0.01640625 0.06111111111111111
1 0.146875 0.4166666666666667 0.01796875 0.0625
1 0.13203125 0.41944444444444445 0.0171875 0.06805555555555555
1 0.1 0.45 0.01875 0.043055555555555555
1 0.0734375 0.44722222222222224 0.028125 0.07777777777777778
1 0.70859375 0.4083333333333333 0.0171875 0.04861111111111111
1 0.69140625 0.5222222222222223 0.0390625 0.09305555555555556
1 0.534375 0.7430555555555556 0.06796875 0.11944444444444445
1 0.62734375 0.8680555555555556 0.0609375 0.1638888888888889
1 0.5484375 0.8902777777777777 0.06484375 0.125
1 0.4984375 0.9541666666666667 0.0625 0.09166666666666666
0 0.7484375 0.5319444444444444 0.03671875 0.125
0 0.7546875 0.45 0.03046875 0.1388888888888889
0 0.8 0.9 0.090625 0.19583333333333333