1 0.51328125 0.3972222222222222 0.0234375 0.07777777777777778
1 0.49453125 0.3902777777777778 0.0171875 0.06388888888888888
1 0.79375 0.5402777777777777 0.04375 0.10833333333333334
1 0.71015625 0.46944444444444444 0.0203125 0.07222222222222222
1 0.66328125 0.49444444444444446 0.0328125 0.10138888888888889
1 0.63359375 0.8416666666666667 0.0828125 0.21805555555555556
1 0.325 0.4388888888888889 0.02734375 0.09027777777777778
1 0.2921875 0.43333333333333335 0.03671875 0.09305555555555556
1 0.1734375 0.5277777777777778 0.04609375 0.10972222222222222
1 0.1375 0.5222222222222223 0.03203125 0.10416666666666667
1 0.1125 0.4875 0.02890625 0.08611111111111111
1 0.084375 0.5597222222222222 0.04453125 0.10833333333333334
1 0.0546875 0.5111111111111111 0.02421875 0.05694444444444444
1 0.046875 0.5791666666666667 0.04296875 0.10833333333333334
0 0.5390625 0.4375 0.025 0.1361111111111111