1 0.80625 0.6138888888888889 0.0375 0.10972222222222222
1 0.6875 0.44722222222222224 0.028125 0.07361111111111111
1 0.69140625 0.5777777777777777 0.0328125 0.13194444444444445
1 0.59375 0.5972222222222222 0.03671875 0.15694444444444444
1 0.5 0.8305555555555556 0.04375 0.20694444444444443
1 0.503125 0.7125 0.03203125 0.06944444444444445
1 0.4734375 0.7722222222222223 0.03671875 0.14444444444444443
1 0.4421875 0.9 0.05859375 0.11805555555555555
1 0.425 0.8555555555555555 0.06328125 0.13194444444444445
1 0.4171875 0.7861111111111111 0.053125 0.15555555555555556
1 0.4953125 0.475 0.025 0.1
1 0.465625 0.4875 0.03203125 0.06388888888888888
1 0.38203125 0.4097222222222222 0.0203125 0.08055555555555556
1 0.359375 0.4888888888888889 0.03125 0.05555555555555555
1 0.3421875 0.4083333333333333 0.021875 0.04583333333333333
1 0.1953125 0.4722222222222222 0.02734375 0.0625
1 0.925 0.7791666666666667 0.0375 0.10277777777777777
0 0.27734375 0.45416666666666666 0.0421875 0.16944444444444445
0 0.584375 0.5138888888888888 0.046875 0.19583333333333333
0 0.33203125 0.39166666666666666 0.0265625 0.12083333333333333