1 0.1484375 0.4166666666666667 0.02578125 0.0763888888888889
1 0.321875 0.4652777777777778 0.02109375 0.058333333333333334
1 0.3109375 0.4583333333333333 0.01796875 0.07083333333333333
1 0.365625 0.7055555555555556 0.05 0.11805555555555555
1 0.5390625 0.7472222222222222 0.05859375 0.1125
1 0.58125 0.9111111111111111 0.04921875 0.14583333333333334
1 0.50625 0.9583333333333334 0.08515625 0.08333333333333333
1 0.7703125 0.5527777777777778 0.028125 0.13194444444444445
1 0.5796875 0.4986111111111111 0.02890625 0.075
1 0.56015625 0.5666666666666667 0.0265625 0.10555555555555556
1 0.6203125 0.37777777777777777 0.009375 0.043055555555555555
1 0.709375 0.44166666666666665 0.01484375 0.05
1 0.696875 0.41944444444444445 0.01640625 0.04861111111111111
1 0.74609375 0.5416666666666666 0.0265625 0.0875
1 0.71640625 0.49166666666666664 0.0265625 0.043055555555555555
1 0.6953125 0.5305555555555556 0.01796875 0.07916666666666666
1 0.68359375 0.5083333333333333 0.0234375 0.10972222222222222
1 0.71875 0.5666666666666667 0.03515625 0.11666666666666667
0 0.1203125 0.40694444444444444 0.02890625 0.10833333333333334
0 0.6359375 0.6888888888888889 0.07109375 0.26805555555555555
0 0.75 0.49444444444444446 0.02421875 0.1625