1 0.2796875 0.41944444444444445 0.028125 0.08333333333333333
1 0.07265625 0.4444444444444444 0.0359375 0.0763888888888889
1 0.83515625 0.6458333333333334 0.0421875 0.10833333333333334
1 0.78203125 0.7111111111111111 0.0546875 0.13472222222222222
1 0.73125 0.6222222222222222 0.0375 0.09027777777777778
1 0.74921875 0.5472222222222223 0.0453125 0.059722222222222225
1 0.7234375 0.4652777777777778 0.02265625 0.09722222222222222
1 0.6984375 0.44027777777777777 0.01796875 0.05277777777777778
1 0.678125 0.4722222222222222 0.025 0.09027777777777778
1 0.6890625 0.4888888888888889 0.01640625 0.05138888888888889
1 0.709375 0.49444444444444446 0.01875 0.06111111111111111
0 0.13671875 0.45555555555555555 0.0421875 0.19583333333333333