1 0.04375 0.5555555555555556 0.04453125 0.10416666666666667
1 0.046875 0.4708333333333333 0.028125 0.075
1 0.36484375 0.4 0.0265625 0.06805555555555555
1 0.675 0.36944444444444446 0.01796875 0.05694444444444444
1 0.6484375 0.3638888888888889 0.01796875 0.05416666666666667
1 0.64453125 0.41388888888888886 0.0234375 0.05555555555555555
1 0.3421875 0.5333333333333333 0.03671875 0.12361111111111112
1 0.30546875 0.6361111111111111 0.0359375 0.15555555555555556
1 0.284375 0.6138888888888889 0.03125 0.1486111111111111
1 0.3859375 0.5888888888888889 0.03046875 0.12777777777777777
1 0.3640625 0.5652777777777778 0.01953125 0.11944444444444445
1 0.659375 0.7888888888888889 0.053125 0.07222222222222222
1 0.4453125 0.9138888888888889 0.0625 0.13472222222222222
1 0.6828125 0.9486111111111111 0.071875 0.10277777777777777
1 0.653125 0.8722222222222222 0.05625 0.09444444444444444
0 0.5 0.5388888888888889 0.05078125 0.1986111111111111
0 0.5625 0.5027777777777778 0.0375 0.1597222222222222
0 0.578125 0.9277777777777778 0.0875 0.14305555555555555
0 0.340625 0.3263888888888889 0.01796875 0.09722222222222222