1 0.0484375 0.6694444444444444 0.04765625 0.07916666666666666
1 0.046875 0.7055555555555556 0.053125 0.07916666666666666
1 0.309375 0.5402777777777777 0.03046875 0.11388888888888889
1 0.259375 0.4638888888888889 0.025 0.09305555555555556
1 0.159375 0.5069444444444444 0.02734375 0.06944444444444445
1 0.309375 0.3861111111111111 0.025 0.05555555555555555
1 0.51171875 0.3888888888888889 0.0234375 0.044444444444444446
1 0.67890625 0.39305555555555555 0.0140625 0.04722222222222222
1 0.6578125 0.3902777777777778 0.01640625 0.03611111111111111
1 0.60625 0.3861111111111111 0.01953125 0.05694444444444444
1 0.584375 0.3861111111111111 0.02265625 0.06805555555555555
1 0.540625 0.37222222222222223 0.01640625 0.06805555555555555