1 0.2640625 0.36666666666666664 0.01875 0.05694444444444444
1 0.240625 0.38472222222222224 0.015625 0.05277777777777778
1 0.225 0.39444444444444443 0.02109375 0.06111111111111111
1 0.209375 0.39305555555555555 0.01796875 0.058333333333333334
1 0.15625 0.41388888888888886 0.01875 0.06805555555555555
1 0.1453125 0.41805555555555557 0.021875 0.06388888888888888
1 0.0921875 0.4513888888888889 0.02265625 0.04722222222222222
1 0.7484375 0.4236111111111111 0.0125 0.041666666666666664
1 0.7453125 0.39444444444444443 0.01171875 0.027777777777777776
1 0.73125 0.4305555555555556 0.01796875 0.06666666666666667
1 0.678125 0.4583333333333333 0.02265625 0.07916666666666666
1 0.603125 0.49583333333333335 0.01796875 0.08611111111111111
1 0.6859375 0.5333333333333333 0.04375 0.10138888888888889
1 0.6296875 0.5333333333333333 0.04296875 0.09861111111111111
1 0.59375 0.7666666666666667 0.05390625 0.1111111111111111
1 0.5375 0.7472222222222222 0.06015625 0.12916666666666668
1 0.5953125 0.9527777777777777 0.07109375 0.09444444444444444
1 0.509375 0.9527777777777777 0.071875 0.09444444444444444
0 0.8328125 0.8861111111111111 0.08984375 0.22361111111111112
0 0.5234375 0.4708333333333333 0.05 0.15833333333333333
0 0.76640625 0.45694444444444443 0.0359375 0.1638888888888889
0 0.11015625 0.41944444444444445 0.0453125 0.11666666666666667