1 0.5453125 0.3472222222222222 0.01171875 0.043055555555555555
1 0.5328125 0.3388888888888889 0.01015625 0.043055555555555555
1 0.5390625 0.375 0.015625 0.05416666666666667
1 0.5703125 0.4083333333333333 0.01875 0.06805555555555555
1 0.578125 0.3527777777777778 0.01015625 0.05416666666666667
1 0.56953125 0.35 0.0109375 0.04861111111111111
1 0.66328125 0.3861111111111111 0.0234375 0.04583333333333333
1 0.7640625 0.42083333333333334 0.01484375 0.058333333333333334
1 0.24765625 0.4111111111111111 0.0265625 0.08194444444444444
1 0.20546875 0.45555555555555555 0.0234375 0.08194444444444444
1 0.38359375 0.8958333333333334 0.0703125 0.14722222222222223
1 0.109375 0.4361111111111111 0.01875 0.03888888888888889
1 0.11484375 0.5027777777777778 0.0359375 0.10972222222222222
1 0.0546875 0.5847222222222223 0.04609375 0.08055555555555556
0 0.3046875 0.40555555555555556 0.03359375 0.13194444444444445
0 0.6328125 0.38055555555555554 0.03125 0.13333333333333333