1 0.753125 0.48194444444444445 0.02109375 0.08611111111111111
1 0.7390625 0.44722222222222224 0.02265625 0.07222222222222222
1 0.7140625 0.5361111111111111 0.03671875 0.07222222222222222
1 0.7140625 0.4708333333333333 0.02265625 0.08055555555555556
1 0.65 0.6055555555555555 0.04765625 0.09444444444444444
1 0.5015625 0.8472222222222222 0.06171875 0.10972222222222222
1 0.4921875 0.8083333333333333 0.05859375 0.13194444444444445
1 0.4734375 0.7819444444444444 0.04453125 0.1527777777777778
1 0.5140625 0.4861111111111111 0.021875 0.10138888888888889
1 0.4625 0.5916666666666667 0.04453125 0.12777777777777777
1 0.353125 0.4305555555555556 0.025 0.08472222222222223
1 0.19140625 0.5638888888888889 0.0265625 0.07916666666666666
1 0.39609375 0.4986111111111111 0.0203125 0.10833333333333334
1 0.44140625 0.4861111111111111 0.0234375 0.05416666666666667
0 0.8015625 0.475 0.046875 0.1736111111111111
0 0.4640625 0.40694444444444444 0.0375 0.13055555555555556
0 0.4234375 0.4666666666666667 0.05078125 0.19444444444444445