1 0.22109375 0.7930555555555555 0.0609375 0.15833333333333333
1 0.134375 0.5694444444444444 0.04140625 0.06805555555555555
1 0.91484375 0.8888888888888888 0.0703125 0.18888888888888888
1 0.98046875 0.7277777777777777 0.0390625 0.12638888888888888
1 0.93515625 0.7055555555555556 0.0546875 0.16111111111111112
1 0.97109375 0.5666666666666667 0.0328125 0.09861111111111111
1 0.8109375 0.5027777777777778 0.025 0.07777777777777778
1 0.803125 0.41388888888888886 0.02734375 0.07916666666666666
1 0.56640625 0.4222222222222222 0.0296875 0.07222222222222222
1 0.55078125 0.43194444444444446 0.0234375 0.08055555555555556
1 0.29375 0.6527777777777778 0.04921875 0.1375
0 0.86640625 0.4666666666666667 0.0390625 0.16111111111111112
0 0.2015625 0.5638888888888889 0.0625 0.2652777777777778