1 0.790625 0.5444444444444444 0.03671875 0.11527777777777778
1 0.6203125 0.4486111111111111 0.021875 0.09166666666666666
1 0.478125 0.3902777777777778 0.01953125 0.06944444444444445
1 0.2765625 0.4388888888888889 0.01640625 0.043055555555555555
1 0.29453125 0.4847222222222222 0.0234375 0.09722222222222222
1 0.2765625 0.5041666666666667 0.02890625 0.09166666666666666
1 0.24921875 0.5 0.0359375 0.10138888888888889
1 0.2171875 0.5097222222222222 0.03359375 0.10277777777777777
1 0.12578125 0.5416666666666666 0.0390625 0.09027777777777778
1 0.1078125 0.5791666666666667 0.0375 0.125
1 0.06484375 0.5611111111111111 0.0515625 0.12361111111111112
0 0.52734375 0.4 0.0234375 0.13333333333333333