1 0.82265625 0.6638888888888889 0.0453125 0.11805555555555555
1 0.653125 0.6305555555555555 0.03828125 0.14583333333333334
1 0.49375 0.8277777777777777 0.046875 0.19027777777777777
1 0.5109375 0.7416666666666667 0.03125 0.17083333333333334
1 0.46484375 0.7513888888888889 0.0515625 0.14166666666666666
1 0.43671875 0.8416666666666667 0.0515625 0.15138888888888888
1 0.415625 0.825 0.03984375 0.1625
1 0.40859375 0.7736111111111111 0.0421875 0.11388888888888889
1 0.4265625 0.6222222222222222 0.03046875 0.14583333333333334
1 0.6828125 0.44305555555555554 0.02421875 0.08055555555555556
1 0.4671875 0.4861111111111111 0.025 0.06666666666666667
1 0.41875 0.5055555555555555 0.021875 0.08472222222222223
1 0.37890625 0.4083333333333333 0.0234375 0.0763888888888889
1 0.353125 0.49444444444444446 0.03515625 0.06666666666666667
1 0.33828125 0.4097222222222222 0.0203125 0.041666666666666664
1 0.196875 0.45694444444444443 0.02890625 0.08611111111111111
1 0.128125 0.5583333333333333 0.03828125 0.08194444444444444
1 0.92265625 0.7694444444444445 0.0328125 0.09861111111111111
0 0.034375 0.6305555555555555 0.06796875 0.2847222222222222
0 0.271875 0.45555555555555555 0.04140625 0.16111111111111112
0 0.328125 0.41388888888888886 0.034375 0.17083333333333334
0 0.446875 0.5486111111111112 0.04609375 0.225