1 0.53203125 0.46944444444444444 0.0203125 0.15
1 0.4859375 0.39444444444444443 0.021875 0.07777777777777778
1 0.85390625 0.6555555555555556 0.0703125 0.1763888888888889
1 0.7765625 0.6013888888888889 0.04609375 0.15833333333333333
1 0.7234375 0.5555555555555556 0.04765625 0.15694444444444444
1 0.7078125 0.4986111111111111 0.02421875 0.09166666666666666
1 0.425 0.41388888888888886 0.03203125 0.09027777777777778
1 0.39765625 0.475 0.0390625 0.1
1 0.36875 0.4111111111111111 0.02578125 0.09444444444444444
1 0.340625 0.4638888888888889 0.03203125 0.08888888888888889
1 0.2546875 0.5194444444444445 0.04453125 0.1125
1 0.13046875 0.4722222222222222 0.0421875 0.10416666666666667
1 0.0453125 0.6277777777777778 0.059375 0.12638888888888888
1 0.0171875 0.6013888888888889 0.034375 0.14166666666666666
0 0.65625 0.4666666666666667 0.04765625 0.18333333333333332
0 0.07578125 0.4777777777777778 0.0640625 0.2