1 0.47421875 0.4 0.0140625 0.05
1 0.446875 0.4166666666666667 0.01796875 0.06111111111111111
1 0.3984375 0.3763888888888889 0.01640625 0.05277777777777778
1 0.621875 0.5180555555555556 0.025 0.058333333333333334
1 0.425 0.3875 0.009375 0.05277777777777778
1 0.796875 0.6583333333333333 0.03671875 0.0875
1 0.721875 0.6083333333333333 0.040625 0.059722222222222225
1 0.72734375 0.6722222222222223 0.0328125 0.08472222222222223
1 0.759375 0.7611111111111111 0.04296875 0.08888888888888889
1 0.63828125 0.8333333333333334 0.0703125 0.20416666666666666
0 0.8453125 0.7166666666666667 0.046875 0.12916666666666668