1 0.0828125 0.6055555555555555 0.05703125 0.14027777777777778
1 0.0328125 0.7777777777777778 0.065625 0.16111111111111112
1 0.159375 0.48055555555555557 0.02734375 0.07916666666666666
1 0.36796875 0.7277777777777777 0.0484375 0.15555555555555556
1 0.4453125 0.6763888888888889 0.04765625 0.14166666666666666
1 0.659375 0.4666666666666667 0.02578125 0.08472222222222223
1 0.596875 0.3611111111111111 0.01171875 0.05416666666666667
1 0.5828125 0.35833333333333334 0.01171875 0.05416666666666667
1 0.5671875 0.35 0.00859375 0.05
1 0.5328125 0.3458333333333333 0.0125 0.04722222222222222
1 0.2859375 0.4305555555555556 0.03515625 0.09583333333333334
0 0.359375 0.6277777777777778 0.05078125 0.3347222222222222
0 0.6890625 0.4597222222222222 0.03515625 0.10833333333333334