1 0.15390625 0.4111111111111111 0.0234375 0.07222222222222222
1 0.6765625 0.4388888888888889 0.01640625 0.07222222222222222
1 0.621875 0.39861111111111114 0.01640625 0.03611111111111111
1 0.4015625 0.6694444444444444 0.03671875 0.14444444444444443
1 0.53671875 0.7416666666666667 0.0609375 0.1375
1 0.49921875 0.9472222222222222 0.0640625 0.10555555555555556
1 0.6859375 0.8875 0.06953125 0.1527777777777778
1 0.7921875 0.6041666666666666 0.0375 0.10833333333333334
1 0.7421875 0.5444444444444444 0.025 0.10416666666666667
1 0.7203125 0.5652777777777778 0.021875 0.10833333333333334
1 0.6921875 0.5513888888888889 0.04375 0.10833333333333334
1 0.68125 0.5166666666666667 0.03515625 0.09305555555555556
1 0.653125 0.5319444444444444 0.02109375 0.06388888888888888
1 0.57421875 0.48333333333333334 0.0234375 0.06666666666666667
1 0.715625 0.46111111111111114 0.01484375 0.04583333333333333
0 0.6578125 0.7138888888888889 0.06953125 0.3263888888888889