1 0.915625 0.7486111111111111 0.065625 0.16944444444444445
1 0.90078125 0.6361111111111111 0.0484375 0.11527777777777778
1 0.678125 0.5041666666666667 0.02421875 0.09166666666666666
1 0.6328125 0.4388888888888889 0.01875 0.07916666666666666
1 0.6140625 0.44305555555555554 0.01796875 0.06944444444444445
1 0.55 0.4305555555555556 0.01640625 0.04583333333333333
1 0.35625 0.45694444444444443 0.02421875 0.058333333333333334
1 0.2578125 0.46111111111111114 0.02421875 0.059722222222222225
1 0.2234375 0.5861111111111111 0.03671875 0.1125
1 0.1671875 0.5222222222222223 0.03515625 0.08333333333333333
0 0.053125 0.6027777777777777 0.07109375 0.23472222222222222
0 0.1078125 0.5111111111111111 0.03828125 0.17777777777777778
0 0.43125 0.4666666666666667 0.02734375 0.14027777777777778