1 0.634375 0.49027777777777776 0.01875 0.09166666666666666
1 0.5828125 0.38333333333333336 0.01328125 0.04583333333333333
1 0.528125 0.35833333333333334 0.0125 0.05694444444444444
1 0.51640625 0.36666666666666664 0.0109375 0.0375
1 0.359375 0.5111111111111111 0.03828125 0.12638888888888888
1 0.121875 0.8 0.08203125 0.1763888888888889
1 0.5421875 0.4722222222222222 0.01953125 0.0875
1 0.5546875 0.4666666666666667 0.01953125 0.0625
1 0.5640625 0.49722222222222223 0.02890625 0.09583333333333334
1 0.5765625 0.5222222222222223 0.05078125 0.1
1 0.534375 0.7236111111111111 0.04765625 0.15833333333333333
1 0.6015625 0.7888888888888889 0.040625 0.09861111111111111
1 0.63359375 0.9416666666666667 0.0796875 0.11527777777777778
1 0.5453125 0.8611111111111112 0.05703125 0.09027777777777778
1 0.40546875 0.95 0.0671875 0.1
0 0.5265625 0.9277777777777778 0.1 0.14027777777777778
0 0.503125 0.4305555555555556 0.028125 0.12638888888888888
0 0.54765625 0.4166666666666667 0.0203125 0.12083333333333333
0 0.6234375 0.36666666666666664 0.01484375 0.10972222222222222