1 0.5625 0.6527777777777778 0.04296875 0.1597222222222222
1 0.5390625 0.49722222222222223 0.028125 0.1111111111111111
1 0.590625 0.5 0.02421875 0.09861111111111111
1 0.59765625 0.425 0.0203125 0.059722222222222225
1 0.59296875 0.3611111111111111 0.0109375 0.05138888888888889
1 0.5515625 0.38055555555555554 0.01484375 0.06111111111111111
1 0.528125 0.3972222222222222 0.01875 0.07083333333333333
1 0.4984375 0.38055555555555554 0.01484375 0.044444444444444446
1 0.2640625 0.4375 0.01875 0.08611111111111111
1 0.16953125 0.47638888888888886 0.0328125 0.09722222222222222
0 0.5734375 0.37777777777777777 0.02734375 0.12916666666666668
0 0.28828125 0.4125 0.0203125 0.15833333333333333