1 0.95 0.5916666666666667 0.05 0.07222222222222222
1 0.9421875 0.5388888888888889 0.04296875 0.07361111111111111
1 0.728125 0.5305555555555556 0.03984375 0.13194444444444445
1 0.6859375 0.5138888888888888 0.0375 0.1388888888888889
1 0.65625 0.5027777777777778 0.02890625 0.14444444444444443
1 0.628125 0.8069444444444445 0.084375 0.175
1 0.5828125 0.5166666666666667 0.03828125 0.1111111111111111
1 0.5484375 0.5027777777777778 0.04375 0.13472222222222222
1 0.50390625 0.49444444444444446 0.0359375 0.15694444444444444
1 0.484375 0.4861111111111111 0.01953125 0.1388888888888889
1 0.4625 0.5027777777777778 0.02890625 0.12916666666666668
1 0.4265625 0.49583333333333335 0.02109375 0.11388888888888889
1 0.44609375 0.4861111111111111 0.0140625 0.12083333333333333
1 0.40625 0.4708333333333333 0.025 0.125
1 0.37890625 0.775 0.0515625 0.16805555555555557
1 0.2703125 0.7861111111111111 0.06328125 0.18472222222222223
1 0.34375 0.45 0.021875 0.07777777777777778
1 0.3234375 0.45694444444444443 0.025 0.09166666666666666
1 0.2984375 0.475 0.03046875 0.10416666666666667
1 0.253125 0.4222222222222222 0.02109375 0.05694444444444444
1 0.2609375 0.5097222222222222 0.03125 0.1361111111111111
1 0.2046875 0.5861111111111111 0.03515625 0.12361111111111112
1 0.1421875 0.5666666666666667 0.03828125 0.1111111111111111
0 0.0703125 0.49027777777777776 0.04765625 0.16944444444444445
0 0.628125 0.5013888888888889 0.03984375 0.24166666666666667
0 0.3890625 0.5361111111111111 0.05234375 0.20555555555555555
0 0.17265625 0.49722222222222223 0.0390625 0.16805555555555557