1 0.040625 0.6402777777777777 0.05859375 0.13055555555555556
1 0.31015625 0.41388888888888886 0.0234375 0.044444444444444446
1 0.28125 0.39444444444444443 0.02109375 0.06666666666666667
1 0.2796875 0.4388888888888889 0.01875 0.08194444444444444
1 0.5796875 0.42777777777777776 0.015625 0.07222222222222222
1 0.5015625 0.3902777777777778 0.01484375 0.03611111111111111
1 0.484375 0.38055555555555554 0.01484375 0.04027777777777778
1 0.425 0.46111111111111114 0.02734375 0.05694444444444444
0 0.240625 0.42916666666666664 0.03046875 0.15833333333333333
0 0.68828125 0.4583333333333333 0.0265625 0.1388888888888889
0 0.58515625 0.37083333333333335 0.0265625 0.10833333333333334
0 0.553125 0.4 0.02890625 0.14027777777777778