1 0.125 0.4583333333333333 0.0375 0.07777777777777778
1 0.1640625 0.4444444444444444 0.02890625 0.07916666666666666
1 0.0703125 0.46111111111111114 0.02578125 0.08333333333333333
1 0.0484375 0.4791666666666667 0.02109375 0.06944444444444445
1 0.140625 0.5680555555555555 0.04140625 0.11944444444444445
1 0.4875 0.5083333333333333 0.04765625 0.13194444444444445
1 0.6609375 0.5222222222222223 0.04296875 0.13472222222222222
1 0.628125 0.49722222222222223 0.046875 0.14305555555555555
1 0.58671875 0.48333333333333334 0.0296875 0.14027777777777778
1 0.96875 0.5972222222222222 0.0375 0.08194444444444444
0 0.215625 0.49444444444444446 0.04296875 0.1736111111111111
0 0.384375 0.5069444444444444 0.04609375 0.21388888888888888
0 0.528125 0.44722222222222224 0.04609375 0.1875
0 0.7203125 0.5527777777777778 0.05 0.24027777777777778