1 0.4359375 0.6069444444444444 0.05078125 0.13055555555555556
1 0.603125 0.4722222222222222 0.02890625 0.06111111111111111
1 0.6515625 0.46111111111111114 0.01796875 0.1
1 0.78046875 0.5027777777777778 0.0265625 0.09027777777777778
1 0.9546875 0.5680555555555555 0.0375 0.11944444444444445
1 0.8890625 0.5222222222222223 0.03046875 0.0875
1 0.90234375 0.475 0.0234375 0.07777777777777778
1 0.853125 0.4444444444444444 0.02109375 0.06805555555555555
1 0.8328125 0.4444444444444444 0.01640625 0.06111111111111111
1 0.81015625 0.4166666666666667 0.0203125 0.07222222222222222
0 0.8421875 0.4236111111111111 0.03125 0.09722222222222222
0 0.9265625 0.46111111111111114 0.02734375 0.14444444444444443