1 0.1921875 0.5722222222222222 0.03203125 0.06805555555555555
1 0.55234375 0.7916666666666666 0.0484375 0.19444444444444445
1 0.51171875 0.8694444444444445 0.0703125 0.16666666666666666
1 0.484375 0.8291666666666667 0.046875 0.15833333333333333
1 0.7328125 0.4666666666666667 0.02109375 0.0763888888888889
1 0.67890625 0.5083333333333333 0.0296875 0.08888888888888889
1 0.6015625 0.49166666666666664 0.01953125 0.09444444444444444
1 0.58203125 0.49166666666666664 0.0265625 0.0763888888888889
1 0.44765625 0.425 0.0171875 0.08333333333333333
1 0.44140625 0.4888888888888889 0.0296875 0.059722222222222225
1 0.375 0.48055555555555557 0.02578125 0.08888888888888889
1 0.3515625 0.4625 0.02421875 0.075
1 0.42109375 0.42916666666666664 0.0265625 0.06388888888888888
0 0.4203125 0.38333333333333336 0.02265625 0.12638888888888888
0 0.375 0.43472222222222223 0.046875 0.11388888888888889
0 0.453125 0.40555555555555556 0.0375 0.12361111111111112
0 0.8 0.475 0.04453125 0.15694444444444444