1 0.71640625 0.6416666666666667 0.0390625 0.12777777777777777
1 0.5921875 0.5847222222222223 0.040625 0.14166666666666666
1 0.5890625 0.4638888888888889 0.03203125 0.0763888888888889
1 0.5359375 0.4875 0.04140625 0.10833333333333334
1 0.4921875 0.5972222222222222 0.03359375 0.08194444444444444
1 0.4765625 0.5083333333333333 0.0375 0.09444444444444444
1 0.46171875 0.475 0.0203125 0.05
1 0.4203125 0.5680555555555555 0.03125 0.13055555555555556
1 0.390625 0.41388888888888886 0.02265625 0.07222222222222222
0 0.35625 0.49166666666666664 0.02890625 0.2152777777777778
0 0.2609375 0.475 0.05625 0.15694444444444444