1 0.90859375 0.9472222222222222 0.0515625 0.10416666666666667
1 0.8640625 0.8138888888888889 0.07578125 0.14305555555555555
1 0.8828125 0.6805555555555556 0.06640625 0.13333333333333333
1 0.8171875 0.6041666666666666 0.03359375 0.06944444444444445
1 0.7890625 0.6166666666666667 0.0375 0.14444444444444443
1 0.77421875 0.5638888888888889 0.0328125 0.12222222222222222
1 0.7046875 0.4888888888888889 0.025 0.06527777777777778
1 0.68125 0.49027777777777776 0.02421875 0.05277777777777778
1 0.30625 0.4111111111111111 0.02421875 0.06805555555555555
1 0.1453125 0.4777777777777778 0.02890625 0.07777777777777778
1 0.025 0.5361111111111111 0.03984375 0.10555555555555556
0 0.3359375 0.44166666666666665 0.04375 0.18472222222222223
0 0.82578125 0.9333333333333333 0.1203125 0.13333333333333333