1 0.7140625 0.42777777777777776 0.02734375 0.0763888888888889
1 0.68828125 0.4236111111111111 0.0203125 0.06944444444444445
1 0.7359375 0.5444444444444444 0.02265625 0.09305555555555556
1 0.6921875 0.5291666666666667 0.02578125 0.09722222222222222
1 0.60703125 0.5097222222222222 0.0390625 0.10833333333333334
1 0.60078125 0.44722222222222224 0.0203125 0.07361111111111111
1 0.5765625 0.5611111111111111 0.03515625 0.12777777777777777
1 0.59453125 0.7583333333333333 0.0484375 0.12083333333333333
1 0.5390625 0.7416666666666667 0.06328125 0.13194444444444445
1 0.56328125 0.9347222222222222 0.0640625 0.13055555555555556
1 0.50078125 0.9347222222222222 0.0640625 0.13055555555555556
1 0.48203125 0.5111111111111111 0.0390625 0.10138888888888889
1 0.25 0.4166666666666667 0.02734375 0.08333333333333333
1 0.2296875 0.42777777777777776 0.01875 0.07083333333333333
1 0.15234375 0.4166666666666667 0.0296875 0.07916666666666666
0 0.696875 0.9069444444444444 0.109375 0.18611111111111112
0 0.10546875 0.41805555555555557 0.0328125 0.10277777777777777
0 0.64296875 0.5291666666666667 0.0390625 0.16944444444444445
0 0.75234375 0.5027777777777778 0.0296875 0.14444444444444443