1 0.8203125 0.9194444444444444 0.08671875 0.16111111111111112
1 0.70234375 0.7833333333333333 0.0890625 0.1763888888888889
1 0.64375 0.475 0.03046875 0.10416666666666667
1 0.625 0.6333333333333333 0.04375 0.11805555555555555
1 0.61875 0.5291666666666667 0.028125 0.09722222222222222
1 0.5875 0.5388888888888889 0.03203125 0.10416666666666667
1 0.546875 0.5527777777777778 0.02734375 0.12361111111111112
1 0.5546875 0.6805555555555556 0.04296875 0.14027777777777778
1 0.56796875 0.3958333333333333 0.0203125 0.08055555555555556
1 0.553125 0.44722222222222224 0.01796875 0.08194444444444444
1 0.5375 0.46111111111111114 0.01875 0.07777777777777778
1 0.459375 0.4791666666666667 0.028125 0.075
1 0.26015625 0.5222222222222223 0.0328125 0.12638888888888888
0 0.70859375 0.4736111111111111 0.0296875 0.1638888888888889
0 0.409375 0.55 0.04609375 0.2388888888888889