1 0.0515625 0.5861111111111111 0.04375 0.08333333333333333
1 0.053125 0.4722222222222222 0.03203125 0.08888888888888889
1 0.25390625 0.7333333333333333 0.0578125 0.2222222222222222
1 0.415625 0.8444444444444444 0.06328125 0.18333333333333332
1 0.240625 0.41388888888888886 0.03046875 0.07222222222222222
1 0.31796875 0.42777777777777776 0.0203125 0.06666666666666667
1 0.66171875 0.38333333333333336 0.0140625 0.04583333333333333
1 0.57890625 0.35555555555555557 0.0109375 0.05416666666666667
1 0.5703125 0.35 0.0125 0.04583333333333333
1 0.5453125 0.37916666666666665 0.015625 0.058333333333333334
1 0.53125 0.37222222222222223 0.01171875 0.0375
1 0.5359375 0.3333333333333333 0.009375 0.034722222222222224
0 0.675 0.37777777777777777 0.021875 0.1125