1 0.959375 0.6236111111111111 0.04765625 0.14722222222222223
1 0.69375 0.6583333333333333 0.034375 0.17083333333333334
1 0.6390625 0.4666666666666667 0.02109375 0.06666666666666667
1 0.6171875 0.5166666666666667 0.02734375 0.08333333333333333
1 0.6046875 0.6125 0.03125 0.11944444444444445
1 0.5859375 0.5347222222222222 0.025 0.08055555555555556
1 0.52578125 0.42083333333333334 0.0296875 0.11388888888888889
1 0.5421875 0.5583333333333333 0.03203125 0.11666666666666667
1 0.5453125 0.48194444444444445 0.01953125 0.05277777777777778
1 0.5015625 0.525 0.034375 0.09861111111111111
1 0.48671875 0.49722222222222223 0.0328125 0.10555555555555556
1 0.453125 0.48194444444444445 0.034375 0.06388888888888888
1 0.3734375 0.6194444444444445 0.0375 0.12083333333333333
0 0.40078125 0.5680555555555555 0.0390625 0.25833333333333336