1 0.76875 0.625 0.03203125 0.07916666666666666
1 0.6734375 0.5777777777777777 0.021875 0.08333333333333333
1 0.671875 0.5194444444444445 0.028125 0.09305555555555556
1 0.63671875 0.5138888888888888 0.0171875 0.08333333333333333
1 0.61640625 0.5611111111111111 0.0296875 0.05555555555555555
1 0.615625 0.5069444444444444 0.02734375 0.058333333333333334
1 0.4984375 0.5097222222222222 0.01953125 0.06388888888888888
1 0.490625 0.5555555555555556 0.03359375 0.06666666666666667
1 0.459375 0.5166666666666667 0.02265625 0.07777777777777778
1 0.43515625 0.475 0.0171875 0.05
1 0.42109375 0.425 0.0140625 0.0375
1 0.40625 0.4527777777777778 0.015625 0.04861111111111111
1 0.38203125 0.42916666666666664 0.0203125 0.06944444444444445
1 0.371875 0.4444444444444444 0.01171875 0.04861111111111111
1 0.28828125 0.5416666666666666 0.0296875 0.10138888888888889
0 0.48359375 0.4666666666666667 0.0296875 0.12222222222222222
0 0.740625 0.5347222222222222 0.021875 0.14722222222222223