1 0.25078125 0.9166666666666666 0.0796875 0.16666666666666666
1 0.2484375 0.45555555555555555 0.03203125 0.07916666666666666
1 0.13671875 0.4638888888888889 0.0296875 0.07222222222222222
1 0.78359375 0.5291666666666667 0.0328125 0.10833333333333334
1 0.7578125 0.5777777777777777 0.02734375 0.08472222222222223
1 0.7421875 0.5527777777777778 0.03359375 0.05694444444444444
1 0.72578125 0.625 0.0453125 0.08472222222222223
1 0.7203125 0.475 0.01953125 0.09305555555555556
1 0.7046875 0.48055555555555557 0.02109375 0.06805555555555555
1 0.68984375 0.4861111111111111 0.0171875 0.05694444444444444
1 0.675 0.4888888888888889 0.02109375 0.06111111111111111
0 0.0921875 0.4583333333333333 0.05078125 0.16805555555555557