1 0.053125 0.6 0.05234375 0.12361111111111112
1 0.0140625 0.6263888888888889 0.028125 0.1361111111111111
1 0.4421875 0.8777777777777778 0.05546875 0.14583333333333334
1 0.42890625 0.8319444444444445 0.0640625 0.18055555555555555
1 0.415625 0.7680555555555556 0.04375 0.11388888888888889
1 0.5046875 0.6097222222222223 0.03671875 0.13055555555555556
1 0.3375 0.4 0.025 0.03888888888888889
1 0.53125 0.49166666666666664 0.03359375 0.06111111111111111
1 0.68125 0.44166666666666665 0.021875 0.07083333333333333
1 0.690625 0.5236111111111111 0.03359375 0.09722222222222222
0 0.3625 0.39166666666666666 0.02421875 0.12638888888888888
0 0.425 0.44166666666666665 0.03984375 0.17916666666666667
0 0.77421875 0.5916666666666667 0.0609375 0.25555555555555554
0 0.76796875 0.525 0.0421875 0.2263888888888889