1 0.79375 0.5888888888888889 0.03671875 0.10972222222222222
1 0.734375 0.5055555555555555 0.015625 0.043055555555555555
1 0.74375 0.5472222222222223 0.02890625 0.0875
1 0.71796875 0.5652777777777778 0.0328125 0.10277777777777777
1 0.6921875 0.5305555555555556 0.03203125 0.0763888888888889
1 0.69375 0.48055555555555557 0.02109375 0.0375
1 0.6609375 0.5069444444444444 0.02578125 0.08611111111111111
1 0.55625 0.4638888888888889 0.02734375 0.08194444444444444
1 0.578125 0.5152777777777777 0.03515625 0.10833333333333334
1 0.40390625 0.4888888888888889 0.0359375 0.10138888888888889
1 0.15703125 0.4111111111111111 0.0234375 0.06666666666666667
1 0.396875 0.675 0.03984375 0.1388888888888889
1 0.5390625 0.7416666666666667 0.059375 0.12638888888888888
1 0.70859375 0.41388888888888886 0.0140625 0.05
1 0.69140625 0.41944444444444445 0.0203125 0.0625
1 0.63203125 0.925 0.0703125 0.1486111111111111
1 0.50078125 0.9513888888888888 0.0703125 0.09722222222222222
1 0.7453125 0.9666666666666667 0.053125 0.0625
0 0.13203125 0.4027777777777778 0.0265625 0.10694444444444444
0 0.6765625 0.75 0.05625 0.25416666666666665
0 0.6421875 0.4083333333333333 0.01875 0.13472222222222222