1 0.41953125 0.5777777777777777 0.0328125 0.12916666666666668
1 0.55859375 0.4083333333333333 0.0203125 0.07361111111111111
1 0.8390625 0.5555555555555556 0.03828125 0.10694444444444444
1 0.81875 0.5416666666666666 0.03046875 0.1125
1 0.79375 0.5416666666666666 0.028125 0.10694444444444444
1 0.77421875 0.5277777777777778 0.0296875 0.10138888888888889
1 0.49453125 0.4083333333333333 0.0171875 0.06666666666666667
1 0.46640625 0.4013888888888889 0.0109375 0.05277777777777778
1 0.34296875 0.4388888888888889 0.0234375 0.08888888888888889
1 0.1125 0.41805555555555557 0.02109375 0.04722222222222222
1 0.125 0.4777777777777778 0.03203125 0.09583333333333334
1 0.053125 0.4777777777777778 0.02890625 0.05555555555555555
1 0.0609375 0.5527777777777778 0.0375 0.10416666666666667