1 0.0515625 0.6458333333333334 0.053125 0.14166666666666666
1 0.6828125 0.44166666666666665 0.021875 0.08333333333333333
1 0.5328125 0.49027777777777776 0.02578125 0.058333333333333334
1 0.5109375 0.4861111111111111 0.03671875 0.10555555555555556
1 0.515625 0.8944444444444445 0.05390625 0.2111111111111111
1 0.53125 0.7916666666666666 0.03828125 0.12777777777777777
1 0.44921875 0.7222222222222222 0.0515625 0.1625
1 0.4390625 0.8861111111111111 0.05546875 0.12777777777777777
1 0.4265625 0.85 0.05234375 0.15555555555555556
1 0.415625 0.7958333333333333 0.04609375 0.14722222222222223
1 0.3625 0.4708333333333333 0.03046875 0.10277777777777777
1 0.3375 0.4166666666666667 0.025 0.044444444444444446
1 0.21875 0.4305555555555556 0.01875 0.0625
1 0.1515625 0.46944444444444444 0.02734375 0.0763888888888889
0 0.24375 0.4527777777777778 0.03671875 0.16666666666666666
0 0.16875 0.4305555555555556 0.00859375 0.14583333333333334
0 0.2046875 0.5166666666666667 0.05078125 0.18472222222222223