0 0.77578125 0.5222222222222223 0.0578125 0.19583333333333333
1 0.70703125 0.4888888888888889 0.0234375 0.09583333333333334
1 0.5921875 0.425 0.02578125 0.08888888888888889
1 0.5765625 0.44722222222222224 0.02734375 0.07777777777777778
1 0.48359375 0.3972222222222222 0.0203125 0.04861111111111111
1 0.4390625 0.3888888888888889 0.01875 0.06527777777777778
1 0.3359375 0.45 0.03515625 0.09444444444444444
1 0.0765625 0.8666666666666667 0.06015625 0.17777777777777778
1 0.090625 0.5472222222222223 0.040625 0.12083333333333333
1 0.0453125 0.49444444444444446 0.03046875 0.06527777777777778
1 0.0640625 0.5694444444444444 0.03515625 0.1375
1 0.0328125 0.5944444444444444 0.04140625 0.11527777777777778
0 0.86875 0.5986111111111111 0.05546875 0.2361111111111111