1 0.0515625 0.5027777777777778 0.034375 0.09027777777777778
1 0.2078125 0.5041666666666667 0.034375 0.10277777777777777
1 0.171875 0.48333333333333334 0.03359375 0.09583333333333334
1 0.10078125 0.5222222222222223 0.0390625 0.09583333333333334
1 0.2390625 0.6541666666666667 0.06484375 0.14166666666666666
1 0.678125 0.5 0.025 0.0875
1 0.6625 0.39166666666666666 0.01875 0.03888888888888889
1 0.565625 0.3625 0.01171875 0.04722222222222222
1 0.54375 0.3416666666666667 0.01328125 0.05555555555555555
1 0.53125 0.33055555555555555 0.01328125 0.03888888888888889
1 0.53359375 0.375 0.0140625 0.05555555555555555
1 0.5140625 0.36944444444444446 0.01328125 0.05555555555555555
0 0.58125 0.3861111111111111 0.021875 0.11527777777777778