1 0.0484375 0.5861111111111111 0.040625 0.0875
1 0.0203125 0.6930555555555555 0.040625 0.14722222222222223
1 0.134375 0.5833333333333334 0.04453125 0.11527777777777778
1 0.2921875 0.5777777777777777 0.03828125 0.12361111111111112
1 0.40625 0.7972222222222223 0.06484375 0.1625
1 0.42421875 0.8736111111111111 0.0671875 0.225
1 0.9203125 0.7638888888888888 0.05546875 0.16111111111111112
1 0.75859375 0.5194444444444445 0.0328125 0.09027777777777778
1 0.6984375 0.5277777777777778 0.02734375 0.08333333333333333
1 0.66640625 0.49166666666666664 0.0296875 0.07361111111111111
1 0.621875 0.4583333333333333 0.02890625 0.09861111111111111
1 0.58515625 0.6777777777777778 0.0453125 0.17222222222222222
1 0.4234375 0.44166666666666665 0.02890625 0.05
1 0.525 0.4861111111111111 0.02890625 0.0625
1 0.55546875 0.5027777777777778 0.0234375 0.1
0 0.825 0.5486111111111112 0.06953125 0.175
0 0.68515625 0.43472222222222223 0.0203125 0.14166666666666666
0 0.659375 0.4305555555555556 0.021875 0.13194444444444445
0 0.46484375 0.5208333333333334 0.0453125 0.24166666666666667
0 0.58125 0.5027777777777778 0.04140625 0.19027777777777777