1 0.14296875 0.4305555555555556 0.0234375 0.07222222222222222
1 0.4109375 0.44166666666666665 0.02578125 0.09027777777777778
1 0.371875 0.4722222222222222 0.03828125 0.09027777777777778
1 0.59375 0.7611111111111111 0.05390625 0.09861111111111111
1 0.5390625 0.7472222222222222 0.053125 0.12361111111111112
1 0.49453125 0.9472222222222222 0.0578125 0.10555555555555556
1 0.7609375 0.5763888888888888 0.021875 0.125
1 0.73671875 0.5541666666666667 0.0234375 0.08611111111111111
1 0.70859375 0.5694444444444444 0.0328125 0.1125
1 0.690625 0.5333333333333333 0.021875 0.08194444444444444
1 0.671875 0.4777777777777778 0.021875 0.0875
1 0.6109375 0.5041666666666667 0.021875 0.08611111111111111
0 0.5890625 0.9277777777777778 0.13203125 0.14027777777777778
0 0.1125 0.4111111111111111 0.03046875 0.1125
0 0.77890625 0.5416666666666666 0.0390625 0.17916666666666667
0 0.7296875 0.4861111111111111 0.03046875 0.1486111111111111