1 0.0546875 0.6861111111111111 0.053125 0.1625
1 0.9765625 0.8819444444444444 0.04609375 0.125
1 0.39140625 0.4847222222222222 0.0265625 0.11388888888888889
1 0.4765625 0.625 0.03125 0.14583333333333334
1 0.503125 0.475 0.02578125 0.1111111111111111
1 0.56484375 0.5888888888888889 0.0328125 0.13333333333333333
1 0.5296875 0.49166666666666664 0.03046875 0.06666666666666667
1 0.57109375 0.475 0.0328125 0.1
1 0.7453125 0.5152777777777777 0.03046875 0.09722222222222222
1 0.6875 0.5111111111111111 0.02265625 0.10555555555555556
1 0.6734375 0.45555555555555555 0.02578125 0.08888888888888889
1 0.646875 0.4388888888888889 0.025 0.08194444444444444
1 0.62578125 0.475 0.0234375 0.09444444444444444
1 0.07734375 0.5833333333333334 0.0484375 0.08194444444444444
0 0.6140625 0.4305555555555556 0.02734375 0.1388888888888889
0 0.709375 0.4722222222222222 0.04140625 0.17777777777777778
0 0.7640625 0.4777777777777778 0.03984375 0.18333333333333332