1 0.1828125 0.4305555555555556 0.025 0.06111111111111111
1 0.1546875 0.9361111111111111 0.071875 0.12777777777777777
1 0.109375 0.8486111111111111 0.04765625 0.21388888888888888
1 0.7109375 0.9652777777777778 0.07265625 0.06944444444444445
1 0.5359375 0.9472222222222222 0.06640625 0.10555555555555556
1 0.47109375 0.9388888888888889 0.0578125 0.12083333333333333
1 0.3984375 0.8027777777777778 0.06875 0.15
1 0.653125 0.7291666666666666 0.04609375 0.14166666666666666
1 0.50859375 0.7333333333333333 0.0453125 0.11805555555555555
1 0.67890625 0.3972222222222222 0.0140625 0.059722222222222225
1 0.634375 0.38055555555555554 0.01796875 0.05138888888888889
1 0.61875 0.41805555555555557 0.01875 0.058333333333333334
1 0.52421875 0.4375 0.0296875 0.06388888888888888
1 0.5296875 0.5305555555555556 0.03828125 0.10972222222222222
1 0.60234375 0.5527777777777778 0.0359375 0.12916666666666668
1 0.75625 0.5916666666666667 0.03125 0.07916666666666666
1 0.665625 0.5194444444444445 0.046875 0.09444444444444444
0 0.3765625 0.6333333333333333 0.07109375 0.2902777777777778
0 0.4265625 0.5402777777777777 0.06328125 0.2861111111111111
0 0.10390625 0.3972222222222222 0.0390625 0.10972222222222222