1 0.0671875 0.8666666666666667 0.084375 0.16527777777777777
1 0.790625 0.5388888888888889 0.0375 0.10138888888888889
1 0.034375 0.5916666666666667 0.03828125 0.1125
1 0.0421875 0.49722222222222223 0.03125 0.08472222222222223
1 0.121875 0.5333333333333333 0.02265625 0.12222222222222222
1 0.0953125 0.5527777777777778 0.04140625 0.11805555555555555
1 0.3203125 0.43194444444444446 0.03046875 0.08611111111111111
1 0.546875 0.4111111111111111 0.01796875 0.08472222222222223
1 0.496875 0.3875 0.01796875 0.075
0 0.6625 0.5097222222222222 0.053125 0.20277777777777778
0 0.70703125 0.48333333333333334 0.0421875 0.17777777777777778