1 0.6453125 0.46805555555555556 0.02265625 0.08055555555555556
1 0.625 0.5277777777777778 0.03984375 0.11805555555555555
1 0.596875 0.4638888888888889 0.03046875 0.10555555555555556
1 0.5734375 0.525 0.02890625 0.10555555555555556
1 0.5109375 0.5680555555555555 0.02265625 0.13055555555555556
1 0.496875 0.5388888888888889 0.02265625 0.0763888888888889
1 0.47890625 0.4722222222222222 0.0296875 0.0625
1 0.4515625 0.4722222222222222 0.02578125 0.05416666666666667
1 0.3640625 0.5902777777777778 0.03671875 0.125
0 0.3296875 0.49722222222222223 0.0375 0.22361111111111112
0 0.8921875 0.5819444444444445 0.06328125 0.21944444444444444