1 0.07890625 0.7916666666666666 0.0953125 0.1986111111111111
1 0.0203125 0.4583333333333333 0.03046875 0.08333333333333333
1 0.1484375 0.42083333333333334 0.028125 0.09166666666666666
1 0.2125 0.4388888888888889 0.02734375 0.0875
1 0.328125 0.4444444444444444 0.02421875 0.09583333333333334
1 0.2984375 0.4444444444444444 0.03125 0.09583333333333334
1 0.38203125 0.5041666666666667 0.0296875 0.14166666666666666
1 0.3984375 0.5 0.021875 0.12361111111111112
1 0.703125 0.5305555555555556 0.0375 0.16666666666666666
1 0.671875 0.5013888888888889 0.034375 0.14722222222222223
1 0.6515625 0.5083333333333333 0.025 0.11527777777777778
1 0.628125 0.5083333333333333 0.02890625 0.13194444444444445
1 0.60859375 0.5027777777777778 0.0296875 0.12083333333333333
1 0.58125 0.5 0.03125 0.14444444444444443
1 0.5578125 0.5 0.034375 0.12777777777777777
1 0.51796875 0.5083333333333333 0.0296875 0.13194444444444445
1 0.50390625 0.5097222222222222 0.0203125 0.1361111111111111
1 0.4859375 0.4986111111111111 0.02734375 0.14166666666666666
1 0.46875 0.49444444444444446 0.02109375 0.14027777777777778
1 0.43828125 0.5013888888888889 0.0296875 0.1361111111111111
1 0.4125 0.4777777777777778 0.01484375 0.12916666666666668
0 0.37734375 0.44027777777777777 0.0359375 0.14722222222222223