1 0.67109375 0.4375 0.0296875 0.058333333333333334
1 0.63984375 0.4041666666666667 0.0203125 0.04722222222222222
1 0.1546875 0.4111111111111111 0.02421875 0.06666666666666667
1 0.4484375 0.6333333333333333 0.04375 0.1375
1 0.5359375 0.7402777777777778 0.06484375 0.1361111111111111
1 0.5015625 0.9527777777777777 0.07109375 0.09444444444444444
1 0.7984375 0.8222222222222222 0.053125 0.1486111111111111
1 0.6796875 0.9027777777777778 0.059375 0.14583333333333334
1 0.575 0.9416666666666667 0.0625 0.11666666666666667
1 0.6921875 0.525 0.028125 0.06805555555555555
1 0.7390625 0.5180555555555556 0.021875 0.08611111111111111
1 0.7375 0.5652777777777778 0.0375 0.14166666666666666
1 0.71015625 0.5611111111111111 0.0390625 0.1111111111111111
1 0.646875 0.5611111111111111 0.021875 0.05
0 0.115625 0.4027777777777778 0.02734375 0.12222222222222222
0 0.64375 0.7027777777777777 0.05546875 0.26805555555555555
0 0.615625 0.5722222222222222 0.06015625 0.1763888888888889