1 0.13359375 0.6361111111111111 0.0359375 0.13472222222222222
1 0.11875 0.6111111111111112 0.03359375 0.12083333333333333
1 0.1453125 0.46805555555555556 0.02109375 0.09166666666666666
1 0.1265625 0.4777777777777778 0.025 0.03888888888888889
1 0.12734375 0.5222222222222223 0.0328125 0.07361111111111111
1 0.0609375 0.5388888888888889 0.03671875 0.12638888888888888
1 0.93359375 0.6652777777777777 0.0671875 0.18055555555555555
1 0.871875 0.6111111111111112 0.046875 0.14583333333333334
1 0.809375 0.5916666666666667 0.05 0.1625
1 0.09765625 0.44583333333333336 0.0234375 0.06388888888888888
1 0.690625 0.5583333333333333 0.03203125 0.12361111111111112
1 0.671875 0.5277777777777778 0.03359375 0.12222222222222222
1 0.621875 0.4527777777777778 0.021875 0.07916666666666666
1 0.59921875 0.475 0.0359375 0.12638888888888888
1 0.4984375 0.42777777777777776 0.02109375 0.09583333333333334
1 0.459375 0.4125 0.02890625 0.09722222222222222
1 0.428125 0.40555555555555556 0.02890625 0.10694444444444444
1 0.4078125 0.40555555555555556 0.01875 0.09305555555555556
1 0.37578125 0.4041666666666667 0.0203125 0.09722222222222222
0 0.55625 0.39444444444444443 0.02578125 0.08888888888888889