1 0.03984375 0.925 0.0796875 0.15
1 0.1796875 0.8527777777777777 0.071875 0.20555555555555555
1 0.2859375 0.8791666666666667 0.06875 0.19166666666666668
1 0.6515625 0.39444444444444443 0.01640625 0.05416666666666667
1 0.57421875 0.37777777777777777 0.0203125 0.059722222222222225
1 0.715625 0.5805555555555556 0.03828125 0.07222222222222222
1 0.621875 0.48333333333333334 0.02265625 0.07916666666666666
1 0.6 0.46805555555555556 0.02421875 0.075
1 0.515625 0.5569444444444445 0.0375 0.125
1 0.6234375 0.5208333333333334 0.03203125 0.10277777777777777
1 0.6578125 0.6861111111111111 0.04296875 0.10138888888888889
1 0.67890625 0.9611111111111111 0.0546875 0.07777777777777778
1 0.45 0.9388888888888889 0.065625 0.12222222222222222
1 0.50625 0.8138888888888889 0.04609375 0.17222222222222222
1 0.4671875 0.725 0.03515625 0.1111111111111111
0 0.53046875 0.725 0.0609375 0.14027777777777778
0 0.69375 0.49722222222222223 0.03046875 0.16805555555555557
0 0.04765625 0.4222222222222222 0.0234375 0.1125