1 0.234375 0.41944444444444445 0.03046875 0.09027777777777778
1 0.55546875 0.5375 0.0265625 0.09722222222222222
1 0.5859375 0.41805555555555557 0.01640625 0.08055555555555556
1 0.603125 0.36944444444444446 0.015625 0.05694444444444444
1 0.5921875 0.35555555555555557 0.01328125 0.05
1 0.58515625 0.3527777777777778 0.0140625 0.06111111111111111
1 0.56875 0.3388888888888889 0.01484375 0.04027777777777778
1 0.50625 0.39166666666666666 0.01640625 0.03194444444444444
1 0.55 0.3527777777777778 0.01171875 0.03333333333333333
1 0.490625 0.38055555555555554 0.01484375 0.043055555555555555
1 0.36875 0.49583333333333335 0.01953125 0.09722222222222222