1 0.79296875 0.5472222222222223 0.0359375 0.10972222222222222
1 0.7078125 0.4666666666666667 0.02109375 0.06805555555555555
1 0.6703125 0.49722222222222223 0.02734375 0.09861111111111111
1 0.49375 0.3888888888888889 0.01875 0.06527777777777778
1 0.484375 0.4027777777777778 0.01875 0.04861111111111111
1 0.3625 0.5472222222222223 0.04375 0.12083333333333333
1 0.3078125 0.43333333333333335 0.028125 0.09305555555555556
1 0.2359375 0.4791666666666667 0.040625 0.10833333333333334
1 0.16015625 0.48333333333333334 0.0234375 0.08333333333333333
1 0.14296875 0.5416666666666666 0.0421875 0.11666666666666667
1 0.1078125 0.5263888888888889 0.03203125 0.09722222222222222