1 0.821875 0.7027777777777777 0.103125 0.16666666666666666
1 0.546875 0.8277777777777777 0.05625 0.17083333333333334
1 0.49375 0.5791666666666667 0.02734375 0.1361111111111111
1 0.5421875 0.4166666666666667 0.02578125 0.05694444444444444
1 0.4875 0.44027777777777777 0.03203125 0.09166666666666666
1 0.4765625 0.5111111111111111 0.03125 0.0875
1 0.4609375 0.48055555555555557 0.02109375 0.0625
1 0.4265625 0.5361111111111111 0.04609375 0.12222222222222222
1 0.390625 0.41805555555555557 0.02265625 0.075
0 0.3375 0.4930555555555556 0.03671875 0.19166666666666668
0 0.215625 0.46111111111111114 0.03046875 0.1125