1 0.2625 0.36944444444444446 0.01875 0.059722222222222225
1 0.2234375 0.39305555555555555 0.01328125 0.04722222222222222
1 0.2078125 0.3888888888888889 0.01640625 0.05138888888888889
1 0.1578125 0.41388888888888886 0.01640625 0.06527777777777778
1 0.14453125 0.4097222222222222 0.0171875 0.075
1 0.0921875 0.4513888888888889 0.02421875 0.058333333333333334
1 0.18203125 0.4861111111111111 0.0296875 0.1125
1 0.7453125 0.40694444444444444 0.01875 0.06944444444444445
1 0.7265625 0.49166666666666664 0.02890625 0.06527777777777778
1 0.659375 0.5222222222222223 0.03203125 0.11666666666666667
1 0.65625 0.46111111111111114 0.028125 0.07222222222222222
1 0.53515625 0.7444444444444445 0.0640625 0.12361111111111112
1 0.5515625 0.875 0.05390625 0.10138888888888889
1 0.49453125 0.9541666666666667 0.0640625 0.09166666666666666
1 0.56875 0.9555555555555556 0.05703125 0.08472222222222223
0 0.75625 0.9277777777777778 0.11015625 0.14027777777777778
0 0.7703125 0.46944444444444444 0.02734375 0.15416666666666667
0 0.109375 0.41944444444444445 0.02578125 0.11666666666666667