1 0.25 0.5111111111111111 0.040625 0.12361111111111112
1 0.80390625 0.5166666666666667 0.0203125 0.07361111111111111
1 0.6328125 0.5583333333333333 0.04453125 0.09583333333333334
1 0.5703125 0.5069444444444444 0.02265625 0.11944444444444445
1 0.55546875 0.5833333333333334 0.0296875 0.10555555555555556
1 0.528125 0.5819444444444445 0.034375 0.125
1 0.50390625 0.5625 0.0234375 0.09722222222222222
1 0.49296875 0.44166666666666665 0.0234375 0.05694444444444444
1 0.4375 0.5402777777777777 0.03125 0.125
1 0.4140625 0.5194444444444445 0.02734375 0.1125
1 0.3546875 0.6055555555555555 0.03671875 0.08888888888888889
1 0.46328125 0.6291666666666667 0.0359375 0.1361111111111111