1 0.26328125 0.3680555555555556 0.0140625 0.05277777777777778
1 0.2234375 0.37916666666666665 0.01640625 0.05277777777777778
1 0.2078125 0.3958333333333333 0.01640625 0.05277777777777778
1 0.16640625 0.4111111111111111 0.0171875 0.059722222222222225
1 0.1484375 0.4222222222222222 0.02109375 0.06666666666666667
1 0.096875 0.4486111111111111 0.02109375 0.041666666666666664
1 0.590625 0.7638888888888888 0.046875 0.10416666666666667
1 0.5375 0.7472222222222222 0.06328125 0.12638888888888888
1 0.5640625 0.9472222222222222 0.05859375 0.10555555555555556
1 0.4984375 0.9472222222222222 0.05703125 0.10555555555555556
1 0.778125 0.5888888888888889 0.03125 0.06527777777777778
1 0.7484375 0.5416666666666666 0.025 0.08888888888888889
1 0.6953125 0.5277777777777778 0.02109375 0.08194444444444444
1 0.7375 0.46111111111111114 0.01875 0.07222222222222222
0 0.775 0.46944444444444444 0.03203125 0.13472222222222222
0 0.72421875 0.7166666666666667 0.0796875 0.19305555555555556
0 0.2390625 0.36944444444444446 0.021875 0.09444444444444444
0 0.065625 0.4305555555555556 0.03359375 0.10972222222222222