1 0.09765625 0.9180555555555555 0.0671875 0.1638888888888889
1 0.0296875 0.5069444444444444 0.034375 0.10833333333333334
1 0.1421875 0.5666666666666667 0.046875 0.11666666666666667
1 0.159375 0.4388888888888889 0.025 0.08333333333333333
1 0.12265625 0.45555555555555555 0.0296875 0.07916666666666666
1 0.253125 0.4444444444444444 0.025 0.07222222222222222
1 0.7046875 0.5138888888888888 0.03671875 0.12916666666666668
1 0.6375 0.5 0.02421875 0.12222222222222222
1 0.6234375 0.4847222222222222 0.01953125 0.11944444444444445
1 0.5515625 0.5013888888888889 0.02265625 0.125
1 0.525 0.5027777777777778 0.02421875 0.12638888888888888
1 0.5046875 0.47638888888888886 0.02578125 0.10833333333333334
1 0.48515625 0.46944444444444444 0.0234375 0.09027777777777778
1 0.465625 0.49722222222222223 0.02109375 0.1125
1 0.44609375 0.48333333333333334 0.0234375 0.13194444444444445
1 0.43125 0.5 0.02265625 0.12638888888888888
1 0.3921875 0.48055555555555557 0.03671875 0.13194444444444445
1 0.34921875 0.4486111111111111 0.0234375 0.09166666666666666
1 0.3234375 0.45 0.02734375 0.10555555555555556
1 0.94921875 0.5722222222222222 0.0453125 0.0875
0 0.590625 0.5861111111111111 0.05 0.29444444444444445
0 0.4875 0.5722222222222222 0.078125 0.12777777777777777
0 0.1 0.4736111111111111 0.046875 0.1527777777777778