1 0.04296875 0.4666666666666667 0.0359375 0.08333333333333333
1 0.13828125 0.4722222222222222 0.0328125 0.06666666666666667
1 0.30625 0.4166666666666667 0.02578125 0.06666666666666667
1 0.90546875 0.9402777777777778 0.0515625 0.11944444444444445
1 0.81953125 0.8666666666666667 0.0703125 0.0763888888888889
1 0.4640625 0.48055555555555557 0.03046875 0.10138888888888889
1 0.88359375 0.6888888888888889 0.0484375 0.14027777777777778
1 0.80859375 0.6138888888888889 0.0546875 0.1125
1 0.7390625 0.5069444444444444 0.03125 0.09722222222222222
1 0.703125 0.4361111111111111 0.01953125 0.05
1 0.703125 0.5 0.01796875 0.06527777777777778
1 0.68125 0.49166666666666664 0.021875 0.059722222222222225
1 0.66484375 0.4736111111111111 0.0234375 0.08611111111111111
0 0.284375 0.4013888888888889 0.028125 0.14166666666666666
0 0.8265625 0.9333333333333333 0.115625 0.13333333333333333