1 0.22109375 0.9430555555555555 0.0796875 0.11388888888888889
1 0.059375 0.6152777777777778 0.053125 0.13055555555555556
1 0.225 0.5027777777777778 0.02734375 0.0375
1 0.40625 0.41388888888888886 0.028125 0.07916666666666666
1 0.5546875 0.4861111111111111 0.021875 0.10555555555555556
1 0.5296875 0.49027777777777776 0.03046875 0.075
1 0.834375 0.6222222222222222 0.04296875 0.1
1 0.79921875 0.5694444444444444 0.0421875 0.10138888888888889
1 0.74140625 0.5527777777777778 0.0421875 0.11527777777777778
1 0.70546875 0.4638888888888889 0.0171875 0.08888888888888889
1 0.6859375 0.5194444444444445 0.02734375 0.10694444444444444
1 0.6734375 0.4486111111111111 0.02265625 0.05277777777777778
1 0.653125 0.45694444444444443 0.02265625 0.058333333333333334
1 0.6609375 0.5222222222222223 0.028125 0.12222222222222222
1 0.6984375 0.4361111111111111 0.021875 0.06527777777777778
0 0.2296875 0.4166666666666667 0.0375 0.13333333333333333
0 0.171875 0.6472222222222223 0.07890625 0.26805555555555555