1 0.040625 0.6402777777777777 0.04609375 0.11944444444444445
1 0.2609375 0.46111111111111114 0.02265625 0.10416666666666667
1 0.3109375 0.4875 0.03515625 0.09722222222222222
1 0.62734375 0.38333333333333336 0.0109375 0.05138888888888889
1 0.6125 0.38055555555555554 0.01015625 0.02638888888888889
1 0.565625 0.4027777777777778 0.01796875 0.06111111111111111
1 0.5625 0.49444444444444446 0.01953125 0.10138888888888889
1 0.540625 0.49722222222222223 0.02421875 0.10138888888888889
1 0.509375 0.525 0.03671875 0.12222222222222222
1 0.41640625 0.9375 0.0578125 0.125
1 0.6234375 0.8013888888888889 0.04375 0.08055555555555556
1 0.6578125 0.9472222222222222 0.07578125 0.10416666666666667
1 0.59296875 0.5194444444444445 0.0390625 0.08472222222222223
0 0.6546875 0.4930555555555556 0.03203125 0.18611111111111112
0 0.6046875 0.4263888888888889 0.0375 0.1527777777777778
0 0.559375 0.8986111111111111 0.08125 0.20277777777777778