1 0.265625 0.37222222222222223 0.015625 0.05555555555555555
1 0.2296875 0.3861111111111111 0.01953125 0.06805555555555555
1 0.2109375 0.40555555555555556 0.01796875 0.06805555555555555
1 0.1453125 0.41388888888888886 0.01875 0.07361111111111111
1 0.09140625 0.4513888888888889 0.0203125 0.05277777777777778
1 0.07578125 0.44722222222222224 0.0203125 0.08333333333333333
1 0.0578125 0.4361111111111111 0.01953125 0.06805555555555555
1 0.5328125 0.7388888888888889 0.06640625 0.12083333333333333
1 0.55234375 0.8805555555555555 0.0515625 0.0875
1 0.5734375 0.9527777777777777 0.05 0.09444444444444444
1 0.49375 0.9388888888888889 0.06015625 0.12222222222222222
1 0.746875 0.4083333333333333 0.0125 0.06527777777777778
1 0.7296875 0.4083333333333333 0.01328125 0.06527777777777778
1 0.671875 0.43333333333333335 0.02421875 0.05555555555555555
1 0.7625 0.5555555555555556 0.03203125 0.09305555555555556
1 0.6921875 0.5083333333333333 0.02890625 0.10138888888888889
0 0.7640625 0.9125 0.06328125 0.175
0 0.7703125 0.4527777777777778 0.03203125 0.14305555555555555
0 0.2875 0.3611111111111111 0.01640625 0.09583333333333334
0 0.159375 0.3958333333333333 0.021875 0.10277777777777777