1 0.0453125 0.6305555555555555 0.06328125 0.13194444444444445
1 0.1390625 0.7416666666666667 0.06953125 0.17777777777777778
1 0.15234375 0.6416666666666667 0.0421875 0.11805555555555555
1 0.259375 0.4597222222222222 0.028125 0.058333333333333334
1 0.653125 0.4666666666666667 0.01875 0.08888888888888889
1 0.59765625 0.3611111111111111 0.0171875 0.06111111111111111
1 0.5859375 0.35694444444444445 0.015625 0.05277777777777778
1 0.5703125 0.35 0.01015625 0.05
1 0.528125 0.3416666666666667 0.01328125 0.04583333333333333
1 0.3484375 0.5027777777777778 0.015625 0.06805555555555555
0 0.1796875 0.5611111111111111 0.05546875 0.24861111111111112
0 0.6765625 0.4666666666666667 0.0375 0.12222222222222222