1 0.0890625 0.5944444444444444 0.03828125 0.10555555555555556
1 0.05 0.6097222222222223 0.04375 0.10833333333333334
1 0.3 0.6361111111111111 0.053125 0.14305555555555555
1 0.72421875 0.5055555555555555 0.0359375 0.0763888888888889
1 0.68125 0.5055555555555555 0.025 0.10416666666666667
1 0.6796875 0.44166666666666665 0.02265625 0.08194444444444444
1 0.61640625 0.4222222222222222 0.0171875 0.05555555555555555
1 0.6125 0.5486111111111112 0.02890625 0.11944444444444445
1 0.62734375 0.48055555555555557 0.0234375 0.09027777777777778
1 0.5828125 0.47638888888888886 0.025 0.10277777777777777
1 0.56640625 0.49722222222222223 0.0296875 0.10694444444444444
1 0.5546875 0.4638888888888889 0.021875 0.10694444444444444
1 0.5375 0.5763888888888888 0.03125 0.11944444444444445
1 0.5359375 0.4888888888888889 0.02265625 0.10972222222222222
1 0.4546875 0.475 0.02734375 0.06805555555555555
0 0.49921875 0.48055555555555557 0.0328125 0.08333333333333333
0 0.75703125 0.4722222222222222 0.0359375 0.15694444444444444
0 0.709375 0.4388888888888889 0.03203125 0.16527777777777777