1 0.40625 0.5069444444444444 0.034375 0.10833333333333334
1 0.39296875 0.4166666666666667 0.0203125 0.08472222222222223
1 0.265625 0.4222222222222222 0.025 0.06666666666666667
1 0.27421875 0.49166666666666664 0.0328125 0.08472222222222223
1 0.23671875 0.38055555555555554 0.0171875 0.059722222222222225
1 0.225 0.38055555555555554 0.015625 0.059722222222222225
1 0.1578125 0.4083333333333333 0.02265625 0.0625
1 0.146875 0.425 0.01953125 0.06111111111111111
1 0.12890625 0.41944444444444445 0.0203125 0.05694444444444444
1 0.1 0.45 0.015625 0.04583333333333333
1 0.7578125 0.4666666666666667 0.02109375 0.07777777777777778
1 0.703125 0.4083333333333333 0.025 0.043055555555555555
1 0.625 0.6041666666666666 0.03671875 0.125
1 0.5359375 0.7527777777777778 0.05703125 0.1
1 0.49296875 0.9472222222222222 0.0609375 0.10555555555555556
1 0.553125 0.8888888888888888 0.05703125 0.11666666666666667
0 0.7203125 0.5361111111111111 0.02890625 0.18888888888888888
0 0.77734375 0.5 0.0359375 0.1763888888888889
0 0.7703125 0.8819444444444444 0.10703125 0.2361111111111111