1 0.1640625 0.575 0.05625 0.08472222222222223
1 0.3796875 0.8430555555555556 0.06015625 0.18055555555555555
1 0.7703125 0.5652777777777778 0.03984375 0.11388888888888889
1 0.6640625 0.6805555555555556 0.05703125 0.1875
1 0.5671875 0.43333333333333335 0.01796875 0.08472222222222223
1 0.52265625 0.4791666666666667 0.0265625 0.075
1 0.48359375 0.5305555555555556 0.0234375 0.1
1 0.4734375 0.4888888888888889 0.02109375 0.04861111111111111
1 0.440625 0.46111111111111114 0.025 0.08888888888888889
1 0.415625 0.4444444444444444 0.02421875 0.0763888888888889
1 0.3328125 0.4166666666666667 0.01875 0.03333333333333333
1 0.30625 0.40555555555555556 0.02265625 0.05
1 0.29609375 0.44722222222222224 0.0265625 0.08333333333333333
1 0.271875 0.4097222222222222 0.02109375 0.06388888888888888
1 0.23203125 0.42083333333333334 0.0296875 0.06388888888888888
1 0.2046875 0.4388888888888889 0.02890625 0.09861111111111111
1 0.3625 0.4666666666666667 0.01953125 0.07222222222222222
1 0.325 0.5486111111111112 0.03515625 0.10833333333333334
0 0.70625 0.45555555555555555 0.04375 0.15416666666666667
0 0.65 0.3972222222222222 0.03359375 0.13472222222222222
0 0.365625 0.5555555555555556 0.053125 0.22083333333333333
0 0.83984375 0.6083333333333333 0.0734375 0.21805555555555556