1 0.721875 0.45555555555555555 0.01953125 0.0763888888888889
1 0.6625 0.5152777777777777 0.025 0.08055555555555556
1 0.5828125 0.4888888888888889 0.02578125 0.09027777777777778
1 0.5296875 0.4722222222222222 0.03359375 0.10138888888888889
1 0.515625 0.8611111111111112 0.06953125 0.1986111111111111
1 0.4828125 0.8388888888888889 0.05625 0.15416666666666667
1 0.48828125 0.7416666666666667 0.0515625 0.09027777777777778
1 0.4375 0.48333333333333334 0.028125 0.05694444444444444
1 0.2671875 0.5416666666666666 0.04921875 0.07222222222222222
1 0.19453125 0.5708333333333333 0.0265625 0.075
1 0.4453125 0.4305555555555556 0.02265625 0.07777777777777778
1 0.421875 0.42777777777777776 0.02421875 0.07222222222222222
1 0.3484375 0.42083333333333334 0.02265625 0.04722222222222222
1 0.33359375 0.4583333333333333 0.0265625 0.0875
1 0.35390625 0.47638888888888886 0.0265625 0.08055555555555556
0 0.375 0.4305555555555556 0.04375 0.14027777777777778
0 0.41875 0.3861111111111111 0.02890625 0.11527777777777778
0 0.4546875 0.4097222222222222 0.0375 0.14166666666666666
0 0.79765625 0.4791666666666667 0.0359375 0.175