1 0.05078125 0.5875 0.0359375 0.08611111111111111
1 0.0734375 0.4666666666666667 0.03515625 0.08194444444444444
1 0.221875 0.45555555555555555 0.02265625 0.07361111111111111
1 0.2109375 0.48333333333333334 0.02421875 0.10138888888888889
1 0.55 0.6277777777777778 0.03515625 0.14583333333333334
1 0.65625 0.3888888888888889 0.02109375 0.04583333333333333
1 0.5671875 0.3472222222222222 0.01640625 0.05555555555555555
1 0.55234375 0.33194444444444443 0.0140625 0.03611111111111111
1 0.53984375 0.33611111111111114 0.0109375 0.03194444444444444
1 0.55390625 0.39444444444444443 0.0203125 0.06111111111111111
1 0.5421875 0.37083333333333335 0.015625 0.05277777777777778
1 0.5265625 0.3888888888888889 0.015625 0.059722222222222225
1 0.51640625 0.4 0.0171875 0.059722222222222225
1 0.5015625 0.375 0.01796875 0.05694444444444444