1 0.334375 0.4486111111111111 0.02109375 0.09166666666666666
1 0.20625 0.47638888888888886 0.03359375 0.06388888888888888
1 0.1921875 0.4638888888888889 0.02734375 0.1
1 0.8796875 0.75 0.05859375 0.14444444444444443
1 0.9375 0.5472222222222223 0.03671875 0.08888888888888889
1 0.79375 0.5222222222222223 0.03515625 0.0875
1 0.6796875 0.4666666666666667 0.028125 0.09305555555555556
1 0.65703125 0.5305555555555556 0.0296875 0.07916666666666666
1 0.4234375 0.6152777777777778 0.02578125 0.08611111111111111
1 0.4046875 0.5777777777777777 0.03203125 0.07361111111111111
0 0.621875 0.4513888888888889 0.03203125 0.14722222222222223