1 0.25 0.5138888888888888 0.0375 0.10972222222222222
1 0.884375 0.7611111111111111 0.07890625 0.17916666666666667
1 0.809375 0.5416666666666666 0.04453125 0.08888888888888889
1 0.70546875 0.6472222222222223 0.0390625 0.14027777777777778
1 0.49453125 0.7833333333333333 0.0609375 0.20555555555555555
1 0.6296875 0.5555555555555556 0.034375 0.10416666666666667
1 0.5578125 0.5833333333333334 0.0375 0.1111111111111111
1 0.5 0.6138888888888889 0.04296875 0.12083333333333333
1 0.53125 0.5444444444444444 0.02421875 0.11666666666666667
1 0.4890625 0.5263888888888889 0.040625 0.11388888888888889
1 0.41796875 0.5166666666666667 0.0359375 0.11805555555555555
0 0.359375 0.4597222222222222 0.025 0.19722222222222222
0 0.4421875 0.5416666666666666 0.03671875 0.24444444444444444
0 0.5203125 0.4583333333333333 0.03046875 0.16666666666666666