1 0.72109375 0.6166666666666667 0.0578125 0.1486111111111111
1 0.7078125 0.49722222222222223 0.03515625 0.10138888888888889
1 0.653125 0.5527777777777778 0.02734375 0.11805555555555555
1 0.62109375 0.5833333333333334 0.0390625 0.12083333333333333
1 0.5796875 0.5097222222222222 0.03984375 0.11388888888888889
1 0.54296875 0.5388888888888889 0.0359375 0.10694444444444444
1 0.4953125 0.5666666666666667 0.03125 0.12361111111111112
1 0.48125 0.46944444444444444 0.02578125 0.059722222222222225
1 0.4609375 0.42916666666666664 0.02421875 0.05277777777777778
1 0.39921875 0.6277777777777778 0.0484375 0.12638888888888888
1 0.3125 0.5972222222222222 0.03359375 0.08472222222222223
0 0.34609375 0.5194444444444445 0.0484375 0.23333333333333334
0 0.2515625 0.6583333333333333 0.06875 0.30416666666666664
0 0.7484375 0.5555555555555556 0.04453125 0.20555555555555555