1 0.2859375 0.3958333333333333 0.02734375 0.075
1 0.35234375 0.5916666666666667 0.0421875 0.12777777777777777
1 0.4421875 0.4638888888888889 0.02734375 0.08194444444444444
1 0.503125 0.38055555555555554 0.01484375 0.04583333333333333
1 0.5515625 0.37222222222222223 0.015625 0.03888888888888889
1 0.6109375 0.37777777777777777 0.01796875 0.06111111111111111
1 0.56640625 0.3888888888888889 0.0234375 0.06805555555555555
1 0.58359375 0.35555555555555557 0.0109375 0.059722222222222225
1 0.59453125 0.3611111111111111 0.0140625 0.059722222222222225
0 0.55 0.5458333333333333 0.053125 0.225
0 0.265625 0.8916666666666667 0.1375 0.21666666666666667
0 0.2578125 0.4236111111111111 0.02421875 0.1527777777777778