1 0.74375 0.4930555555555556 0.02421875 0.08055555555555556
1 0.7125 0.5 0.02734375 0.10972222222222222
1 0.70703125 0.6555555555555556 0.0515625 0.15694444444444444
1 0.62578125 0.6291666666666667 0.0296875 0.1361111111111111
1 0.61953125 0.5430555555555555 0.0296875 0.1361111111111111
1 0.5921875 0.5361111111111111 0.02578125 0.09861111111111111
1 0.57578125 0.3861111111111111 0.0203125 0.06805555555555555
1 0.57109375 0.4583333333333333 0.0203125 0.09305555555555556
1 0.54453125 0.45 0.0234375 0.08472222222222223
1 0.5453125 0.5527777777777778 0.028125 0.12083333333333333
1 0.56875 0.6277777777777778 0.02734375 0.12916666666666668
1 0.54609375 0.7 0.0421875 0.19027777777777777
1 0.4796875 0.5208333333333334 0.021875 0.13055555555555556
1 0.4578125 0.48333333333333334 0.01796875 0.06527777777777778
0 0.40625 0.5611111111111111 0.05234375 0.24305555555555555
1 0.3328125 0.5319444444444444 0.03828125 0.1361111111111111
0 0.790625 0.5625 0.05234375 0.21944444444444444