1 0.146875 0.47638888888888886 0.02109375 0.06944444444444445
1 0.17578125 0.4444444444444444 0.0234375 0.08194444444444444
1 0.18125 0.5083333333333333 0.03046875 0.05694444444444444
1 0.246875 0.40694444444444444 0.02265625 0.08055555555555556
1 0.459375 0.5513888888888889 0.028125 0.10833333333333334
1 0.68125 0.48194444444444445 0.02578125 0.09166666666666666
1 0.59140625 0.4708333333333333 0.0234375 0.08055555555555556
1 0.65546875 0.3861111111111111 0.0203125 0.04583333333333333
1 0.59921875 0.3638888888888889 0.0140625 0.059722222222222225
1 0.58046875 0.36944444444444446 0.0140625 0.05138888888888889
1 0.5671875 0.35694444444444445 0.01328125 0.06388888888888888
1 0.5328125 0.36944444444444446 0.01640625 0.0625
0 0.6203125 0.45 0.0375 0.17083333333333334