1 0.240625 0.3763888888888889 0.01484375 0.04722222222222222
1 0.2296875 0.39166666666666666 0.02421875 0.03194444444444444
1 0.20703125 0.42777777777777776 0.0234375 0.05694444444444444
1 0.15234375 0.4166666666666667 0.0234375 0.06527777777777778
1 0.1265625 0.4097222222222222 0.01328125 0.041666666666666664
1 0.0953125 0.4361111111111111 0.02421875 0.04583333333333333
1 0.709375 0.4097222222222222 0.01796875 0.04722222222222222
1 0.69296875 0.45555555555555555 0.0203125 0.07083333333333333
1 0.690625 0.5138888888888888 0.03828125 0.09861111111111111
1 0.5359375 0.75 0.06484375 0.09861111111111111
1 0.6203125 0.9194444444444444 0.05390625 0.1597222222222222
1 0.5546875 0.8944444444444445 0.05625 0.1111111111111111
1 0.4953125 0.9597222222222223 0.065625 0.08055555555555556
0 0.71875 0.8819444444444444 0.11015625 0.2361111111111111
0 0.753125 0.4583333333333333 0.03671875 0.1486111111111111
0 0.7453125 0.5527777777777778 0.03125 0.1486111111111111