1 0.23984375 0.37777777777777777 0.0234375 0.06527777777777778
1 0.225 0.3819444444444444 0.01953125 0.058333333333333334
1 0.19921875 0.43333333333333335 0.0203125 0.06527777777777778
1 0.178125 0.4361111111111111 0.02421875 0.07777777777777778
1 0.1578125 0.40555555555555556 0.01640625 0.059722222222222225
1 0.1453125 0.4152777777777778 0.01484375 0.06388888888888888
1 0.13203125 0.43194444444444446 0.0171875 0.058333333333333334
1 0.103125 0.44722222222222224 0.021875 0.04027777777777778
1 0.70625 0.4083333333333333 0.02265625 0.05416666666666667
1 0.6875 0.5291666666666667 0.03671875 0.10833333333333334
1 0.5375 0.7388888888888889 0.05625 0.11666666666666667
1 0.615625 0.8194444444444444 0.05625 0.13194444444444445
1 0.55078125 0.8916666666666667 0.0578125 0.12916666666666668
1 0.4859375 0.9444444444444444 0.06171875 0.1111111111111111
0 0.81328125 0.9 0.0859375 0.19583333333333333
0 0.74375 0.5277777777777778 0.04609375 0.1486111111111111
0 0.759375 0.4708333333333333 0.03046875 0.1527777777777778