1 0.203125 0.49722222222222223 0.03671875 0.09305555555555556
1 0.78984375 0.5444444444444444 0.0390625 0.10972222222222222
1 0.6078125 0.475 0.03515625 0.09861111111111111
1 0.559375 0.4263888888888889 0.01953125 0.08055555555555556
1 0.484375 0.3972222222222222 0.01328125 0.07777777777777778
1 0.2953125 0.4027777777777778 0.02265625 0.08472222222222223
1 0.146875 0.5333333333333333 0.046875 0.1388888888888889
1 0.09921875 0.4777777777777778 0.0359375 0.05416666666666667
1 0.10625 0.5611111111111111 0.03515625 0.12777777777777777
1 0.0765625 0.6277777777777778 0.053125 0.14444444444444443
1 0.0703125 0.5513888888888889 0.02890625 0.05277777777777778
1 0.05 0.5333333333333333 0.03203125 0.05416666666666667
0 0.68671875 0.475 0.0328125 0.15555555555555556