1 0.25 0.5111111111111111 0.04453125 0.12361111111111112
1 0.73671875 0.5097222222222222 0.0421875 0.11388888888888889
1 0.5578125 0.3958333333333333 0.015625 0.075
1 0.6578125 0.6166666666666667 0.0375 0.12361111111111112
1 0.6421875 0.5472222222222223 0.028125 0.13194444444444445
1 0.596875 0.4652777777777778 0.03203125 0.06944444444444445
1 0.58828125 0.5416666666666666 0.0296875 0.0875
1 0.55546875 0.5597222222222222 0.0296875 0.125
1 0.490625 0.49722222222222223 0.02421875 0.10972222222222222
1 0.47421875 0.5805555555555556 0.0390625 0.10694444444444444
1 0.453125 0.5055555555555555 0.028125 0.12222222222222222
1 0.6109375 0.6277777777777778 0.04375 0.10555555555555556
0 0.575 0.4027777777777778 0.021875 0.12777777777777777
0 0.39296875 0.5361111111111111 0.0453125 0.2263888888888889