1 0.0515625 0.6666666666666666 0.05625 0.08194444444444444
1 0.0484375 0.7055555555555556 0.04921875 0.09027777777777778
1 0.10859375 0.5861111111111111 0.0390625 0.07777777777777778
1 0.18046875 0.48194444444444445 0.0328125 0.09722222222222222
1 0.23984375 0.5791666666666667 0.0359375 0.125
1 0.1296875 0.4736111111111111 0.01796875 0.08055555555555556
1 0.36171875 0.8680555555555556 0.0953125 0.2638888888888889
1 0.3203125 0.4361111111111111 0.02109375 0.0763888888888889
1 0.671875 0.3902777777777778 0.01328125 0.04722222222222222
1 0.66640625 0.42777777777777776 0.0171875 0.0625
1 0.6625 0.38055555555555554 0.01640625 0.04583333333333333
1 0.6359375 0.3958333333333333 0.01953125 0.05277777777777778
1 0.5484375 0.34305555555555556 0.01328125 0.04722222222222222
1 0.5390625 0.3888888888888889 0.01640625 0.06805555555555555
1 0.53046875 0.38055555555555554 0.0171875 0.05694444444444444
0 0.4515625 0.5138888888888888 0.04140625 0.2263888888888889