1 0.1234375 0.48333333333333334 0.03125 0.08472222222222223
1 0.04453125 0.4861111111111111 0.0421875 0.07361111111111111
1 0.33125 0.44166666666666665 0.03046875 0.07083333333333333
1 0.9140625 0.9138888888888889 0.046875 0.16805555555555557
1 0.8265625 0.8680555555555556 0.078125 0.075
1 0.88515625 0.6805555555555556 0.0453125 0.13472222222222222
1 0.83984375 0.6194444444444445 0.0390625 0.12222222222222222
1 0.78046875 0.5875 0.0453125 0.11944444444444445
1 0.7328125 0.48055555555555557 0.02265625 0.08888888888888889
1 0.70703125 0.4986111111111111 0.0234375 0.058333333333333334
1 0.6859375 0.5277777777777778 0.03828125 0.11805555555555555
0 0.3515625 0.3888888888888889 0.03203125 0.13333333333333333
0 0.83828125 0.9361111111111111 0.1265625 0.12638888888888888