1 0.03359375 0.5902777777777778 0.0453125 0.075
1 0.0890625 0.4930555555555556 0.034375 0.08611111111111111
1 0.0890625 0.6277777777777778 0.046875 0.12777777777777777
1 0.31484375 0.44722222222222224 0.0203125 0.07916666666666666
1 0.825 0.6444444444444445 0.03515625 0.08472222222222223
1 0.8234375 0.7361111111111112 0.05859375 0.16805555555555557
1 0.665625 0.6236111111111111 0.04140625 0.09722222222222222
1 0.6828125 0.49444444444444446 0.01640625 0.10694444444444444
1 0.665625 0.5111111111111111 0.02109375 0.07222222222222222
0 0.1828125 0.42777777777777776 0.0375 0.15555555555555556
0 0.7421875 0.6888888888888889 0.06328125 0.24305555555555555