1 0.253125 0.5111111111111111 0.0375 0.1111111111111111
1 0.81015625 0.5361111111111111 0.0359375 0.09027777777777778
1 0.903125 0.8041666666666667 0.08515625 0.175
1 0.88046875 0.7083333333333334 0.0453125 0.14444444444444443
1 0.5421875 0.8361111111111111 0.05703125 0.20972222222222223
1 0.63671875 0.6083333333333333 0.0640625 0.14305555555555555
1 0.63125 0.5527777777777778 0.034375 0.10416666666666667
1 0.5546875 0.5847222222222223 0.03515625 0.125
1 0.509375 0.6222222222222222 0.034375 0.12916666666666668
1 0.5125 0.5263888888888889 0.03046875 0.08055555555555556
1 0.48984375 0.46944444444444444 0.0171875 0.11666666666666667
1 0.48046875 0.5388888888888889 0.0234375 0.12222222222222222
1 0.4296875 0.5430555555555555 0.03203125 0.11944444444444445
1 0.3796875 0.5194444444444445 0.03359375 0.1125
0 0.34140625 0.49166666666666664 0.0328125 0.22777777777777777
0 0.453125 0.5305555555555556 0.03515625 0.25
0 0.5015625 0.43194444444444446 0.028125 0.14166666666666666