1 0.24609375 0.43194444444444446 0.0296875 0.058333333333333334
1 0.3234375 0.48333333333333334 0.02421875 0.10972222222222222
1 0.31640625 0.7055555555555556 0.0671875 0.17083333333333334
1 0.2265625 0.9138888888888889 0.08046875 0.17083333333333334
1 0.37734375 0.8277777777777777 0.0640625 0.17083333333333334
1 0.7171875 0.4097222222222222 0.01328125 0.058333333333333334
1 0.69375 0.40694444444444444 0.01875 0.058333333333333334
1 0.6703125 0.4222222222222222 0.01484375 0.04861111111111111
1 0.534375 0.46111111111111114 0.01640625 0.07916666666666666
1 0.7796875 0.6055555555555555 0.0375 0.09027777777777778
1 0.69921875 0.49722222222222223 0.0296875 0.034722222222222224
1 0.678125 0.5597222222222222 0.0375 0.10833333333333334
1 0.6265625 0.5638888888888889 0.03671875 0.12777777777777777
1 0.69140625 0.8222222222222222 0.0546875 0.15555555555555556
1 0.57109375 0.9194444444444444 0.0609375 0.16111111111111112
1 0.4890625 0.9416666666666667 0.06875 0.11666666666666667
1 0.528125 0.7416666666666667 0.05703125 0.11666666666666667
0 0.1390625 0.39444444444444443 0.025 0.1
0 0.503125 0.5361111111111111 0.03203125 0.23333333333333334
0 0.575 0.7222222222222222 0.07421875 0.16111111111111112
0 0.6171875 0.4888888888888889 0.02421875 0.2013888888888889