1 0.7625 0.4888888888888889 0.034375 0.09583333333333334
1 0.72109375 0.46805555555555556 0.0328125 0.08611111111111111
1 0.71875 0.7055555555555556 0.05390625 0.14027777777777778
1 0.6796875 0.9055555555555556 0.075 0.14583333333333334
1 0.6390625 0.4722222222222222 0.015625 0.07361111111111111
1 0.615625 0.4736111111111111 0.02109375 0.09166666666666666
1 0.5765625 0.4777777777777778 0.03359375 0.0763888888888889
1 0.49765625 0.8444444444444444 0.0734375 0.14583333333333334
1 0.4703125 0.7930555555555555 0.05234375 0.1527777777777778
1 0.4703125 0.4166666666666667 0.01640625 0.06805555555555555
1 0.4078125 0.4013888888888889 0.01796875 0.030555555555555555
1 0.35859375 0.43472222222222223 0.0234375 0.058333333333333334
1 0.3421875 0.45 0.01875 0.05
1 0.24375 0.5472222222222223 0.03046875 0.08333333333333333
1 0.196875 0.5513888888888889 0.028125 0.05277777777777778
1 0.178125 0.5833333333333334 0.040625 0.09027777777777778
0 0.36875 0.6 0.05 0.25555555555555554
0 0.384375 0.4625 0.040625 0.09166666666666666
0 0.65546875 0.45416666666666666 0.0328125 0.075