1 0.8375 0.6555555555555556 0.04375 0.12916666666666668
1 0.6796875 0.4444444444444444 0.02734375 0.0763888888888889
1 0.465625 0.48333333333333334 0.03046875 0.0763888888888889
1 0.38125 0.40555555555555556 0.01953125 0.07361111111111111
1 0.4875 0.6333333333333333 0.03203125 0.1486111111111111
1 0.5171875 0.7388888888888889 0.03671875 0.18333333333333332
1 0.4921875 0.8305555555555556 0.04375 0.18472222222222223
1 0.4578125 0.7402777777777778 0.040625 0.11388888888888889
1 0.43984375 0.9 0.0515625 0.13333333333333333
1 0.42734375 0.8472222222222222 0.0640625 0.1486111111111111
1 0.4140625 0.7777777777777778 0.03984375 0.15416666666666667
1 0.3421875 0.4041666666666667 0.021875 0.041666666666666664
1 0.3546875 0.525 0.02109375 0.10972222222222222
1 0.24375 0.4722222222222222 0.02578125 0.08194444444444444
1 0.2265625 0.43194444444444446 0.02109375 0.058333333333333334
1 0.2546875 0.7208333333333333 0.04453125 0.175
1 0.91875 0.7708333333333334 0.03203125 0.09722222222222222
0 0.1609375 0.6013888888888889 0.05546875 0.25833333333333336
0 0.2734375 0.44722222222222224 0.02578125 0.18194444444444444
0 0.32265625 0.3902777777777778 0.0265625 0.11388888888888889
0 0.25234375 0.6430555555555556 0.0734375 0.26944444444444443