1 0.6109375 0.3458333333333333 0.01328125 0.05277777777777778
1 0.58671875 0.34444444444444444 0.0234375 0.05555555555555555
1 0.5421875 0.3416666666666667 0.01796875 0.07222222222222222
1 0.228125 0.5222222222222223 0.034375 0.12638888888888888
1 0.0921875 0.4638888888888889 0.02890625 0.08194444444444444
1 0.66484375 0.4861111111111111 0.0140625 0.0763888888888889
1 0.6484375 0.47638888888888886 0.02265625 0.11388888888888889
1 0.6359375 0.48333333333333334 0.02421875 0.1
1 0.5703125 0.46111111111111114 0.02265625 0.10972222222222222
1 0.5875 0.4861111111111111 0.02890625 0.09027777777777778
1 0.6671875 0.7 0.046875 0.12361111111111112
1 0.646875 0.9125 0.059375 0.13055555555555556
1 0.56015625 0.8319444444444445 0.0734375 0.1361111111111111
1 0.440625 0.9347222222222222 0.08359375 0.11944444444444445
1 0.16796875 0.9597222222222223 0.0578125 0.08055555555555556
0 0.60625 0.7125 0.06484375 0.25833333333333336
0 0.1015625 0.4041666666666667 0.03984375 0.14166666666666666