1 0.4421875 0.40694444444444444 0.01484375 0.058333333333333334
1 0.44609375 0.5930555555555556 0.0421875 0.11388888888888889
1 0.428125 0.36666666666666664 0.01015625 0.06666666666666667
1 0.415625 0.36944444444444446 0.00859375 0.05555555555555555
1 0.7875 0.6541666666666667 0.04375 0.09722222222222222
1 0.7234375 0.6208333333333333 0.03046875 0.075
1 0.7640625 0.7666666666666667 0.04765625 0.0875
1 0.746875 0.6833333333333333 0.0375 0.12777777777777777
0 0.4515625 0.3486111111111111 0.02109375 0.11388888888888889
0 0.81875 0.5972222222222222 0.03515625 0.10694444444444444
0 0.84375 0.7083333333333334 0.04765625 0.12638888888888888