1 0.046875 0.6166666666666667 0.06171875 0.14583333333333334
1 0.2640625 0.40555555555555556 0.01953125 0.07777777777777778
1 0.23984375 0.4847222222222222 0.0203125 0.10277777777777777
1 0.2171875 0.49583333333333335 0.028125 0.09722222222222222
1 0.20625 0.45 0.021875 0.04861111111111111
1 0.609375 0.36944444444444446 0.015625 0.04027777777777778
1 0.603125 0.41388888888888886 0.02109375 0.0625
1 0.5125 0.4041666666666667 0.01171875 0.041666666666666664
1 0.5765625 0.3333333333333333 0.01484375 0.05138888888888889
1 0.5609375 0.36944444444444446 0.015625 0.05555555555555555
0 0.2234375 0.43333333333333335 0.02734375 0.13333333333333333
0 0.5859375 0.3888888888888889 0.01875 0.13194444444444445