1 0.09609375 0.6055555555555555 0.0328125 0.08472222222222223
1 0.128125 0.5430555555555555 0.040625 0.09722222222222222
1 0.2703125 0.5472222222222223 0.03125 0.10138888888888889
1 0.3265625 0.5111111111111111 0.028125 0.07916666666666666
1 0.25625 0.4986111111111111 0.02578125 0.058333333333333334
1 0.2328125 0.525 0.03046875 0.10555555555555556
1 0.5609375 0.6055555555555555 0.03046875 0.1
1 0.5484375 0.5472222222222223 0.02890625 0.044444444444444446
1 0.753125 0.9083333333333333 0.07265625 0.16805555555555557
1 0.9640625 0.9222222222222223 0.06953125 0.14583333333333334
1 0.97734375 0.8069444444444445 0.0453125 0.1361111111111111
1 0.9453125 0.6944444444444444 0.03515625 0.09305555555555556
1 0.840625 0.7430555555555556 0.04375 0.1361111111111111
1 0.8953125 0.7013888888888888 0.04453125 0.10277777777777777
1 0.815625 0.6027777777777777 0.02265625 0.05694444444444444
1 0.796875 0.6 0.02890625 0.06666666666666667
1 0.29375 0.4527777777777778 0.02109375 0.0763888888888889
0 0.31875 0.44166666666666665 0.03671875 0.15
0 0.90234375 0.8416666666666667 0.1203125 0.20555555555555555