1 0.13125 0.44166666666666665 0.02421875 0.08472222222222223
1 0.103125 0.7138888888888889 0.06953125 0.1388888888888889
1 0.025 0.9111111111111111 0.04921875 0.17777777777777778
1 0.3765625 0.5138888888888888 0.02578125 0.11527777777777778
1 0.61484375 0.36666666666666664 0.0140625 0.059722222222222225
1 0.5734375 0.37777777777777777 0.01875 0.05416666666666667
1 0.528125 0.3541666666666667 0.0125 0.04722222222222222
1 0.684375 0.6111111111111112 0.04375 0.12083333333333333
1 0.6515625 0.5055555555555555 0.02578125 0.10972222222222222
1 0.6375 0.4597222222222222 0.02109375 0.04722222222222222
1 0.609375 0.44027777777777777 0.01953125 0.05277777777777778
1 0.59609375 0.4861111111111111 0.0265625 0.10138888888888889
1 0.6046875 0.5027777777777778 0.015625 0.09027777777777778
1 0.6234375 0.5222222222222223 0.034375 0.10972222222222222
1 0.57421875 0.6944444444444444 0.0328125 0.1388888888888889
1 0.459375 0.7194444444444444 0.05546875 0.11805555555555555
1 0.428125 0.9305555555555556 0.06875 0.1388888888888889
1 0.665625 0.9472222222222222 0.07265625 0.10416666666666667
1 0.5703125 0.8555555555555555 0.040625 0.17777777777777778
0 0.0484375 0.575 0.07109375 0.2625
0 0.31171875 0.42916666666666664 0.0296875 0.1527777777777778
0 0.50390625 0.7180555555555556 0.0734375 0.125