0 0.3234375 0.08333333333333333 0.2875 0.08333333333333333 0.2875 0.15416666666666667 0.3234375 0.15416666666666667 0.3234375 0.08333333333333333
0 0.290625 0.07708333333333334 0.2546875 0.07708333333333334 0.2546875 0.15 0.290625 0.15 0.290625 0.07708333333333334
0 0.20625 0.125 0.1765625 0.125 0.1765625 0.22916666666666666 0.20625 0.22916666666666666 0.20625 0.125
0 0.2421875 0.12291666666666666 0.2109375 0.12291666666666666 0.2109375 0.23333333333333334 0.2421875 0.23333333333333334 0.2421875 0.12291666666666666
0 0.3140625 0.16041666666666668 0.2796875 0.16041666666666668 0.2796875 0.2833333333333333 0.3140625 0.2833333333333333 0.3140625 0.16041666666666668
0 0.3546875 0.15625 0.315625 0.15625 0.315625 0.28541666666666665 0.3546875 0.28541666666666665 0.3546875 0.15625
0 0.4203125 0.4791666666666667 0.3625 0.4791666666666667 0.3625 0.5583333333333333 0.4203125 0.5583333333333333 0.4203125 0.4791666666666667
0 0.33125 0.3333333333333333 0.29375 0.3333333333333333 0.29375 0.5541666666666667 0.33125 0.5541666666666667 0.33125 0.3333333333333333
0 0.296875 0.3625 0.259375 0.3625 0.259375 0.55 0.296875 0.55 0.296875 0.3625
0 0.25 0.35208333333333336 0.2109375 0.35208333333333336 0.2109375 0.5458333333333333 0.25 0.5458333333333333 0.25 0.35208333333333336
0 0.178125 0.41458333333333336 0.1125 0.41458333333333336 0.1125 0.6208333333333333 0.178125 0.6208333333333333 0.178125 0.41458333333333336
0 0.3015625 0.7270833333333333 0.240625 0.7270833333333333 0.240625 0.9708333333333333 0.3015625 0.9708333333333333 0.3015625 0.7270833333333333
0 0.3484375 0.7395833333333334 0.2671875 0.7395833333333334 0.2671875 0.9979166666666667 0.3484375 0.9979166666666667 0.3484375 0.7395833333333334
0 0.409375 0.7708333333333334 0.33125 0.7708333333333334 0.33125 0.9833333333333333 0.409375 0.9833333333333333 0.409375 0.7708333333333334
0 0.60625 0.4875 0.571875 0.4875 0.571875 0.6333333333333333 0.60625 0.6333333333333333 0.60625 0.4875
0 0.7453125 0.10416666666666667 0.70625 0.10416666666666667 0.70625 0.24166666666666667 0.7453125 0.24166666666666667 0.7453125 0.10416666666666667
0 0.78125 0.10416666666666667 0.7484375 0.10416666666666667 0.7484375 0.2125 0.78125 0.2125 0.78125 0.10416666666666667
0 0.7375 0.40208333333333335 0.690625 0.40208333333333335 0.690625 0.6270833333333333 0.7375 0.6270833333333333 0.7375 0.40208333333333335
0 0.7765625 0.41458333333333336 0.7359375 0.41458333333333336 0.7359375 0.6145833333333334 0.7765625 0.6145833333333334 0.7765625 0.41458333333333336
0 0.809375 0.4375 0.7703125 0.4375 0.7703125 0.6291666666666667 0.809375 0.6291666666666667 0.809375 0.4375
2 0.6703125 0.5645833333333333 0.5984375 0.5645833333333333 0.5984375 0.7583333333333333 0.6703125 0.7583333333333333 0.6703125 0.5645833333333333
2 0.7015625 0.50625 0.6375 0.50625 0.6375 0.7145833333333333 0.7015625 0.7145833333333333 0.7015625 0.50625
0 0.746875 0.725 0.64375 0.725 0.64375 0.9979166666666667 0.746875 0.9979166666666667 0.746875 0.725
2 0.934375 0.80625 0.85 0.80625 0.85 0.9979166666666667 0.934375 0.9979166666666667 0.934375 0.80625
2 0.9109375 0.4 0.8734375 0.4 0.8734375 0.6333333333333333 0.9109375 0.6333333333333333 0.9109375 0.4
2 0.946875 0.45416666666666666 0.915625 0.45416666666666666 0.915625 0.6833333333333333 0.946875 0.6833333333333333 0.946875 0.45416666666666666
2 0.48125 0.6104166666666667 0.4296875 0.6104166666666667 0.4296875 0.8104166666666667 0.48125 0.8104166666666667 0.48125 0.6104166666666667
2 0.540625 0.5166666666666667 0.478125 0.5166666666666667 0.478125 0.6875 0.540625 0.6875 0.540625 0.5166666666666667