0 0.421875 0.49166666666666664 0.375 0.49166666666666664 0.375 0.5541666666666667 0.421875 0.5541666666666667 0.421875 0.49166666666666664
1 0.3125 0.17291666666666666 0.2890625 0.17291666666666666 0.2890625 0.2708333333333333 0.3125 0.2708333333333333 0.3125 0.17291666666666666
0 0.284375 0.07916666666666666 0.259375 0.07916666666666666 0.259375 0.14791666666666667 0.284375 0.14791666666666667 0.284375 0.07916666666666666
0 0.2625 0.10208333333333333 0.2453125 0.10208333333333333 0.2453125 0.22083333333333333 0.2625 0.22083333333333333 0.2625 0.10208333333333333
0 0.246875 0.1 0.215625 0.1 0.215625 0.22083333333333333 0.246875 0.22083333333333333 0.246875 0.1
0 0.203125 0.1125 0.178125 0.1125 0.178125 0.225 0.203125 0.225 0.203125 0.1125
0 0.303125 0.30416666666666664 0.259375 0.30416666666666664 0.259375 0.49166666666666664 0.303125 0.49166666666666664 0.303125 0.30416666666666664
0 0.25625 0.3104166666666667 0.21875 0.3104166666666667 0.21875 0.4583333333333333 0.25625 0.4583333333333333 0.25625 0.3104166666666667
0 0.2875 0.175 0.2609375 0.175 0.2609375 0.30833333333333335 0.2875 0.30833333333333335 0.2875 0.175
0 0.621875 0.12708333333333333 0.5875 0.12708333333333333 0.5875 0.2708333333333333 0.621875 0.2708333333333333 0.621875 0.12708333333333333
0 0.659375 0.125 0.6234375 0.125 0.6234375 0.2604166666666667 0.659375 0.2604166666666667 0.659375 0.125
0 0.790625 0.28958333333333336 0.73125 0.28958333333333336 0.73125 0.49375 0.790625 0.49375 0.790625 0.28958333333333336
0 0.771875 0.3958333333333333 0.71875 0.3958333333333333 0.71875 0.5958333333333333 0.771875 0.5958333333333333 0.771875 0.3958333333333333
0 0.7078125 0.3958333333333333 0.653125 0.3958333333333333 0.653125 0.6083333333333333 0.7078125 0.6083333333333333 0.7078125 0.3958333333333333
0 0.828125 0.31875 0.78125 0.31875 0.78125 0.50625 0.828125 0.50625 0.828125 0.31875
2 0.3328125 0.4270833333333333 0.2734375 0.4270833333333333 0.2734375 0.5541666666666667 0.3328125 0.5541666666666667 0.3328125 0.4270833333333333
2 0.265625 0.4166666666666667 0.2140625 0.4166666666666667 0.2140625 0.6354166666666666 0.265625 0.6354166666666666 0.265625 0.4166666666666667
2 0.540625 0.5125 0.475 0.5125 0.475 0.7020833333333333 0.540625 0.7020833333333333 0.540625 0.5125
0 0.6203125 0.48541666666666666 0.5703125 0.48541666666666666 0.5703125 0.6604166666666667 0.6203125 0.6604166666666667 0.6203125 0.48541666666666666