2 0.465625 0.4895833333333333 0.4171875 0.4895833333333333 0.4171875 0.6875 0.465625 0.6875 0.465625 0.4895833333333333
2 0.6453125 0.4666666666666667 0.5484375 0.4666666666666667 0.5484375 0.6333333333333333 0.6453125 0.6333333333333333 0.6453125 0.4666666666666667
2 0.640625 0.5020833333333333 0.5234375 0.5020833333333333 0.5234375 0.6708333333333333 0.640625 0.6708333333333333 0.640625 0.5020833333333333
2 0.54375 0.51875 0.4765625 0.51875 0.4765625 0.69375 0.54375 0.69375 0.54375 0.51875
0 0.2140625 0.09583333333333334 0.1875 0.09583333333333334 0.1875 0.20416666666666666 0.2140625 0.20416666666666666 0.2140625 0.09583333333333334
0 0.3859375 0.14375 0.34375 0.14375 0.34375 0.2791666666666667 0.3859375 0.2791666666666667 0.3859375 0.14375
0 0.3734375 0.07708333333333334 0.34375 0.07708333333333334 0.34375 0.175 0.3734375 0.175 0.3734375 0.07708333333333334
0 0.3484375 0.0875 0.3078125 0.0875 0.3078125 0.19166666666666668 0.3484375 0.19166666666666668 0.3484375 0.0875
0 0.3046875 0.09375 0.2703125 0.09375 0.2703125 0.1875 0.3046875 0.1875 0.3046875 0.09375
0 0.28125 0.0875 0.2515625 0.0875 0.2515625 0.17291666666666666 0.28125 0.17291666666666666 0.28125 0.0875
0 0.24375 0.1 0.215625 0.1 0.215625 0.2 0.24375 0.2 0.24375 0.1
0 0.309375 0.15833333333333333 0.275 0.15833333333333333 0.275 0.29583333333333334 0.309375 0.29583333333333334 0.309375 0.15833333333333333
0 0.3453125 0.1625 0.3125 0.1625 0.3125 0.28125 0.3453125 0.28125 0.3453125 0.1625
0 0.3375 0.7375 0.2859375 0.7375 0.2859375 0.9208333333333333 0.3375 0.9208333333333333 0.3375 0.7375
0 0.378125 0.79375 0.315625 0.79375 0.315625 0.99375 0.378125 0.99375 0.378125 0.79375
0 0.48125 0.7583333333333333 0.4046875 0.7583333333333333 0.4046875 0.9979166666666667 0.48125 0.9979166666666667 0.48125 0.7583333333333333
0 0.321875 0.9020833333333333 0.240625 0.9020833333333333 0.240625 0.99375 0.321875 0.99375 0.321875 0.9020833333333333
0 0.1625 0.7854166666666667 0.071875 0.7854166666666667 0.071875 0.9979166666666667 0.1625 0.9979166666666667 0.1625 0.7854166666666667
0 0.3140625 0.28125 0.25625 0.28125 0.25625 0.4875 0.3140625 0.4875 0.3140625 0.28125