0 0.328125 0.0875 0.2921875 0.0875 0.2921875 0.15208333333333332 0.328125 0.15208333333333332 0.328125 0.0875
2 0.225 0.075 0.1875 0.075 0.1875 0.15833333333333333 0.225 0.15833333333333333 0.225 0.075
2 0.6234375 0.4979166666666667 0.55 0.4979166666666667 0.55 0.6729166666666667 0.6234375 0.6729166666666667 0.6234375 0.4979166666666667
2 0.64375 0.47708333333333336 0.571875 0.47708333333333336 0.571875 0.6395833333333333 0.64375 0.6395833333333333 0.64375 0.47708333333333336
0 0.484375 0.53125 0.43125 0.53125 0.43125 0.69375 0.484375 0.69375 0.484375 0.53125
0 0.5578125 0.5291666666666667 0.49375 0.5291666666666667 0.49375 0.6958333333333333 0.5578125 0.6958333333333333 0.5578125 0.5291666666666667
0 0.4390625 0.3458333333333333 0.3890625 0.3458333333333333 0.3890625 0.53125 0.4390625 0.53125 0.4390625 0.3458333333333333
0 0.390625 0.3625 0.35 0.3625 0.35 0.5229166666666667 0.390625 0.5229166666666667 0.390625 0.3625
0 0.1890625 0.7291666666666666 0.11875 0.7291666666666666 0.11875 0.9979166666666667 0.1890625 0.9979166666666667 0.1890625 0.7291666666666666
0 0.25 0.7270833333333333 0.171875 0.7270833333333333 0.171875 0.9979166666666667 0.25 0.9979166666666667 0.25 0.7270833333333333
0 0.675 0.27708333333333335 0.609375 0.27708333333333335 0.609375 0.4375 0.675 0.4375 0.675 0.27708333333333335
0 0.69375 0.25 0.6359375 0.25 0.6359375 0.42291666666666666 0.69375 0.42291666666666666 0.69375 0.25
0 0.6875 0.65625 0.609375 0.65625 0.609375 0.9333333333333333 0.6875 0.9333333333333333 0.6875 0.65625
0 0.7734375 0.6729166666666667 0.6921875 0.6729166666666667 0.6921875 0.9583333333333334 0.7734375 0.9583333333333334 0.7734375 0.6729166666666667