0 0.2921875 0.07916666666666666 0.259375 0.07916666666666666 0.259375 0.13958333333333334 0.2921875 0.13958333333333334 0.2921875 0.07916666666666666
0 0.25 0.10625 0.2125 0.10625 0.2125 0.19375 0.25 0.19375 0.25 0.10625
0 0.21875 0.10625 0.190625 0.10625 0.190625 0.19375 0.21875 0.19375 0.21875 0.10625
0 0.3265625 0.10625 0.2859375 0.10625 0.2859375 0.2125 0.3265625 0.2125 0.3265625 0.10625
0 0.43125 0.49166666666666664 0.3640625 0.49166666666666664 0.3640625 0.5541666666666667 0.43125 0.5541666666666667 0.43125 0.49166666666666664
0 0.9109375 0.22291666666666668 0.8640625 0.22291666666666668 0.8640625 0.39791666666666664 0.9109375 0.39791666666666664 0.9109375 0.22291666666666668
0 0.2484375 0.14583333333333334 0.2125 0.14583333333333334 0.2125 0.2625 0.2484375 0.2625 0.2484375 0.14583333333333334
0 0.1296875 0.5541666666666667 0.0546875 0.5541666666666667 0.0546875 0.8 0.1296875 0.8 0.1296875 0.5541666666666667
0 0.4046875 0.7666666666666667 0.334375 0.7666666666666667 0.334375 0.9270833333333334 0.4046875 0.9270833333333334 0.4046875 0.7666666666666667
0 0.69375 0.2 0.6421875 0.2 0.6421875 0.36875 0.69375 0.36875 0.69375 0.2
0 0.3015625 0.7583333333333333 0.2234375 0.7583333333333333 0.2234375 0.9979166666666667 0.3015625 0.9979166666666667 0.3015625 0.7583333333333333
0 0.753125 0.19791666666666666 0.703125 0.19791666666666666 0.703125 0.37083333333333335 0.753125 0.37083333333333335 0.753125 0.19791666666666666
0 0.6265625 0.47708333333333336 0.5625 0.47708333333333336 0.5625 0.6604166666666667 0.6265625 0.6604166666666667 0.6265625 0.47708333333333336
2 0.3828125 0.9208333333333333 0.3265625 0.9208333333333333 0.3265625 0.9979166666666667 0.3828125 0.9979166666666667 0.3828125 0.9208333333333333
2 0.496875 0.5479166666666667 0.4328125 0.5479166666666667 0.4328125 0.78125 0.496875 0.78125 0.496875 0.5479166666666667
2 0.5421875 0.5125 0.48125 0.5125 0.48125 0.7020833333333333 0.5421875 0.7020833333333333 0.5421875 0.5125