0 0.20625 0.027083333333333334 0.1875 0.027083333333333334 0.1875 0.07708333333333334 0.20625 0.07708333333333334 0.20625 0.027083333333333334
0 0.3859375 0.05416666666666667 0.3625 0.05416666666666667 0.3625 0.13333333333333333 0.3859375 0.13333333333333333 0.3859375 0.05416666666666667
0 0.321875 0.0875 0.2953125 0.0875 0.2953125 0.15833333333333333 0.321875 0.15833333333333333 0.321875 0.0875
0 0.28125 0.0875 0.259375 0.0875 0.259375 0.15 0.28125 0.15 0.28125 0.0875
0 0.29375 0.0875 0.275 0.0875 0.275 0.15416666666666667 0.29375 0.15416666666666667 0.29375 0.0875
0 0.3546875 0.08333333333333333 0.3265625 0.08333333333333333 0.3265625 0.15416666666666667 0.3546875 0.15416666666666667 0.3546875 0.08333333333333333
0 0.2046875 0.1125 0.184375 0.1125 0.184375 0.20833333333333334 0.2046875 0.20833333333333334 0.2046875 0.1125
0 0.26875 0.12083333333333333 0.2375 0.12083333333333333 0.2375 0.22291666666666668 0.26875 0.22291666666666668 0.26875 0.12083333333333333
0 0.45625 0.17708333333333334 0.4046875 0.17708333333333334 0.4046875 0.3 0.45625 0.3 0.45625 0.17708333333333334
0 0.59375 0.12916666666666668 0.553125 0.12916666666666668 0.553125 0.2604166666666667 0.59375 0.2604166666666667 0.59375 0.12916666666666668
0 0.6265625 0.13125 0.5921875 0.13125 0.5921875 0.25 0.6265625 0.25 0.6265625 0.13125
0 0.8328125 0.17708333333333334 0.8046875 0.17708333333333334 0.8046875 0.29375 0.8328125 0.29375 0.8328125 0.17708333333333334
0 0.8265625 0.20416666666666666 0.7828125 0.20416666666666666 0.7828125 0.35208333333333336 0.8265625 0.35208333333333336 0.8265625 0.20416666666666666
2 0.8265625 0.3104166666666667 0.7796875 0.3104166666666667 0.7796875 0.49583333333333335 0.8265625 0.49583333333333335 0.8265625 0.3104166666666667
2 0.7828125 0.3125 0.7359375 0.3125 0.7359375 0.46458333333333335 0.7828125 0.46458333333333335 0.7828125 0.3125
0 0.553125 0.5208333333333334 0.490625 0.5208333333333334 0.490625 0.7 0.553125 0.7 0.553125 0.5208333333333334
0 0.484375 0.5166666666666667 0.4296875 0.5166666666666667 0.4296875 0.6979166666666666 0.484375 0.6979166666666666 0.484375 0.5166666666666667
0 0.378125 0.48125 0.3375 0.48125 0.3375 0.6833333333333333 0.378125 0.6833333333333333 0.378125 0.48125
0 0.3375 0.49583333333333335 0.2875 0.49583333333333335 0.2875 0.6625 0.3375 0.6625 0.3375 0.49583333333333335
0 0.296875 0.3770833333333333 0.2375 0.3770833333333333 0.2375 0.5854166666666667 0.296875 0.5854166666666667 0.296875 0.3770833333333333
0 0 0.7104166666666667 0.0640625 0.7104166666666667 0.0640625 0.49375 0 0.49375 0 0.7104166666666667
0 0.2890625 0.7291666666666666 0.2296875 0.7291666666666666 0.2296875 0.9979166666666667 0.2890625 0.9979166666666667 0.2890625 0.7291666666666666
0 0.3453125 0.74375 0.26875 0.74375 0.26875 0.9979166666666667 0.3453125 0.9979166666666667 0.3453125 0.74375
0 0.6234375 0.63125 0.5515625 0.63125 0.5515625 0.91875 0.6234375 0.91875 0.6234375 0.63125
0 0.940625 0.41875 0.8734375 0.41875 0.8734375 0.6479166666666667 0.940625 0.6479166666666667 0.940625 0.41875
0 0.88125 0.46041666666666664 0.8265625 0.46041666666666664 0.8265625 0.6708333333333333 0.88125 0.6708333333333333 0.88125 0.46041666666666664
0 0.7890625 0.43333333333333335 0.74375 0.43333333333333335 0.74375 0.6625 0.7890625 0.6625 0.7890625 0.43333333333333335
0 0.740625 0.43125 0.68125 0.43125 0.68125 0.6333333333333333 0.740625 0.6333333333333333 0.740625 0.43125