2 0.55 0.5166666666666667 0.475 0.5166666666666667 0.475 0.69375 0.55 0.69375 0.55 0.5166666666666667
0 0.421875 0.4875 0.3640625 0.4875 0.3640625 0.55 0.421875 0.55 0.421875 0.4875
0 0.290625 0.075 0.2546875 0.075 0.2546875 0.14791666666666667 0.290625 0.14791666666666667 0.290625 0.075
0 0.2359375 0.16875 0.196875 0.16875 0.196875 0.30833333333333335 0.2359375 0.30833333333333335 0.2359375 0.16875
0 0.2453125 0.13958333333333334 0.21875 0.13958333333333334 0.21875 0.25 0.2453125 0.25 0.2453125 0.13958333333333334
0 0.2171875 0.12916666666666668 0.1828125 0.12916666666666668 0.1828125 0.27291666666666664 0.2171875 0.27291666666666664 0.2171875 0.12916666666666668
0 0.3140625 0.14791666666666667 0.2859375 0.14791666666666667 0.2859375 0.2791666666666667 0.3140625 0.2791666666666667 0.3140625 0.14791666666666667
0 0.3859375 0.19583333333333333 0.35 0.19583333333333333 0.35 0.3416666666666667 0.3859375 0.3416666666666667 0.3859375 0.19583333333333333
0 0.4640625 0.1875 0.421875 0.1875 0.421875 0.28541666666666665 0.4640625 0.28541666666666665 0.4640625 0.1875
0 0.409375 0.21458333333333332 0.384375 0.21458333333333332 0.384375 0.3458333333333333 0.409375 0.3458333333333333 0.409375 0.21458333333333332
0 0.2421875 0.31875 0.203125 0.31875 0.203125 0.49583333333333335 0.2421875 0.49583333333333335 0.2421875 0.31875
0 0.284375 0.3375 0.234375 0.3375 0.234375 0.53125 0.284375 0.53125 0.284375 0.3375
0 0.2109375 0.35 0.1734375 0.35 0.1734375 0.5375 0.2109375 0.5375 0.2109375 0.35
0 0.2875 0.46041666666666664 0.240625 0.46041666666666664 0.240625 0.66875 0.2875 0.66875 0.2875 0.46041666666666664
0 0.2390625 0.45416666666666666 0.18125 0.45416666666666666 0.18125 0.6729166666666667 0.2390625 0.6729166666666667 0.2390625 0.45416666666666666
0 0.1203125 0.4041666666666667 0.0671875 0.4041666666666667 0.0671875 0.6125 0.1203125 0.6125 0.1203125 0.4041666666666667
2 0.3171875 0.8104166666666667 0.246875 0.8104166666666667 0.246875 0.9979166666666667 0.3171875 0.9979166666666667 0.3171875 0.8104166666666667
0 0.3609375 0.725 0.2921875 0.725 0.2921875 0.9979166666666667 0.3609375 0.9979166666666667 0.3609375 0.725
0 0.225 0.6395833333333333 0.1671875 0.6395833333333333 0.1671875 0.8916666666666667 0.225 0.8916666666666667 0.225 0.6395833333333333
0 0.846875 0.15208333333333332 0.8078125 0.15208333333333332 0.8078125 0.3020833333333333 0.846875 0.3020833333333333 0.846875 0.15208333333333332
0 0.9515625 0.5604166666666667 0.8828125 0.5604166666666667 0.8828125 0.8166666666666667 0.9515625 0.8166666666666667 0.9515625 0.5604166666666667
0 0.8828125 0.54375 0.809375 0.54375 0.809375 0.8125 0.8828125 0.8125 0.8828125 0.54375
0 0.8171875 0.34375 0.746875 0.34375 0.746875 0.5666666666666667 0.8171875 0.5666666666666667 0.8171875 0.34375
0 0.7171875 0.3770833333333333 0.6546875 0.3770833333333333 0.6546875 0.6020833333333333 0.7171875 0.6020833333333333 0.7171875 0.3770833333333333