2 0.6 0.45208333333333334 0.5296875 0.45208333333333334 0.5296875 0.55625 0.6 0.55625 0.6 0.45208333333333334
0 0.4796875 0.5166666666666667 0.43125 0.5166666666666667 0.43125 0.6958333333333333 0.4796875 0.6958333333333333 0.4796875 0.5166666666666667
0 0.5609375 0.525 0.4984375 0.525 0.4984375 0.6958333333333333 0.5609375 0.6958333333333333 0.5609375 0.525
0 0.3578125 0.08333333333333333 0.325 0.08333333333333333 0.325 0.15833333333333333 0.3578125 0.15833333333333333 0.3578125 0.08333333333333333
0 0.284375 0.07916666666666666 0.2625 0.07916666666666666 0.2625 0.15833333333333333 0.284375 0.15833333333333333 0.284375 0.07916666666666666
0 0.2734375 0.09375 0.2453125 0.09375 0.2453125 0.17291666666666666 0.2734375 0.17291666666666666 0.2734375 0.09375
0 0.228125 0.08541666666666667 0.2 0.08541666666666667 0.2 0.175 0.228125 0.175 0.228125 0.08541666666666667
0 0.7265625 0.08541666666666667 0.7 0.08541666666666667 0.7 0.18541666666666667 0.7265625 0.18541666666666667 0.7265625 0.08541666666666667
0 0.709375 0.14375 0.678125 0.14375 0.678125 0.2708333333333333 0.709375 0.2708333333333333 0.709375 0.14375
0 0.66875 0.15833333333333333 0.6359375 0.15833333333333333 0.6359375 0.2791666666666667 0.66875 0.2791666666666667 0.66875 0.15833333333333333
0 0.35 0.21875 0.30625 0.21875 0.30625 0.3958333333333333 0.35 0.3958333333333333 0.35 0.21875
0 0.2796875 0.22083333333333333 0.2421875 0.22083333333333333 0.2421875 0.37916666666666665 0.2796875 0.37916666666666665 0.2796875 0.22083333333333333
0 0.2375 0.23958333333333334 0.19375 0.23958333333333334 0.19375 0.3854166666666667 0.2375 0.3854166666666667 0.2375 0.23958333333333334
0 0.196875 0.39166666666666666 0.1453125 0.39166666666666666 0.1453125 0.6 0.196875 0.6 0.196875 0.39166666666666666
0 0.2796875 0.73125 0.2203125 0.73125 0.2203125 0.9979166666666667 0.2796875 0.9979166666666667 0.2796875 0.73125
0 0.3421875 0.7520833333333333 0.271875 0.7520833333333333 0.271875 0.9979166666666667 0.3421875 0.9979166666666667 0.3421875 0.7520833333333333
0 0.4421875 0.7354166666666667 0.34375 0.7354166666666667 0.34375 0.9979166666666667 0.4421875 0.9979166666666667 0.4421875 0.7354166666666667
0 0.5796875 0.81875 0.51875 0.81875 0.51875 0.9979166666666667 0.5796875 0.9979166666666667 0.5796875 0.81875
0 0.8703125 0.22916666666666666 0.83125 0.22916666666666666 0.83125 0.375 0.8703125 0.375 0.8703125 0.22916666666666666
0 0.8296875 0.24166666666666667 0.796875 0.24166666666666667 0.796875 0.3875 0.8296875 0.3875 0.8296875 0.24166666666666667
2 0.940625 0.70625 0.871875 0.70625 0.871875 0.9895833333333334 0.940625 0.9895833333333334 0.940625 0.70625
2 0.8703125 0.71875 0.8109375 0.71875 0.8109375 0.99375 0.8703125 0.99375 0.8703125 0.71875
2 0.753125 0.20833333333333334 0.7046875 0.20833333333333334 0.7046875 0.35625 0.753125 0.35625 0.753125 0.20833333333333334