2 0.271875 0.375 0.2078125 0.375 0.2078125 0.55625 0.271875 0.55625 0.271875 0.375
2 0.1640625 0.5166666666666667 0.053125 0.5166666666666667 0.053125 0.7291666666666666 0.1640625 0.7291666666666666 0.1640625 0.5166666666666667
2 0.6375 0.4625 0.5546875 0.4625 0.5546875 0.60625 0.6375 0.60625 0.6375 0.4625
2 0.6453125 0.5 0.5296875 0.5 0.5296875 0.6645833333333333 0.6453125 0.6645833333333333 0.6453125 0.5
2 0.546875 0.5145833333333333 0.478125 0.5145833333333333 0.478125 0.6979166666666666 0.546875 0.6979166666666666 0.546875 0.5145833333333333
0 0.296875 0.075 0.2515625 0.075 0.2515625 0.15625 0.296875 0.15625 0.296875 0.075
0 0.3375 0.1 0.3109375 0.1 0.3109375 0.15208333333333332 0.3375 0.15208333333333332 0.3375 0.1
0 0.2296875 0.075 0.1859375 0.075 0.1859375 0.17708333333333334 0.2296875 0.17708333333333334 0.2296875 0.075
0 0.2984375 0.15625 0.24375 0.15625 0.24375 0.3020833333333333 0.2984375 0.3020833333333333 0.2984375 0.15625
0 0.275 0.22083333333333333 0.228125 0.22083333333333333 0.228125 0.3416666666666667 0.275 0.3416666666666667 0.275 0.22083333333333333
0 0.253125 0.17291666666666666 0.23125 0.17291666666666666 0.23125 0.29583333333333334 0.253125 0.29583333333333334 0.253125 0.17291666666666666
0 0.228125 0.17708333333333334 0.1890625 0.17708333333333334 0.1890625 0.28958333333333336 0.228125 0.28958333333333336 0.228125 0.17708333333333334
0 0.303125 0.2125 0.259375 0.2125 0.259375 0.38958333333333334 0.303125 0.38958333333333334 0.303125 0.2125
0 0.328125 0.21875 0.28125 0.21875 0.28125 0.37083333333333335 0.328125 0.37083333333333335 0.328125 0.21875
0 0.3359375 0.7625 0.2640625 0.7625 0.2640625 0.9979166666666667 0.3359375 0.9979166666666667 0.3359375 0.7625
0 0.4 0.7854166666666667 0.3328125 0.7854166666666667 0.3328125 0.9979166666666667 0.4 0.9979166666666667 0.4 0.7854166666666667
0 0.459375 0.7458333333333333 0.3671875 0.7458333333333333 0.3671875 0.9958333333333333 0.459375 0.9958333333333333 0.459375 0.7458333333333333
0 0.4953125 0.6625 0.4390625 0.6625 0.4390625 0.9104166666666667 0.4953125 0.9104166666666667 0.4953125 0.6625
0 0.3328125 0.4041666666666667 0.2859375 0.4041666666666667 0.2859375 0.5854166666666667 0.3328125 0.5854166666666667 0.3328125 0.4041666666666667
0 0.709375 0.10833333333333334 0.675 0.10833333333333334 0.675 0.22708333333333333 0.709375 0.22708333333333333 0.709375 0.10833333333333334
0 0.6984375 0.3229166666666667 0.659375 0.3229166666666667 0.659375 0.5145833333333333 0.6984375 0.5145833333333333 0.6984375 0.3229166666666667
0 0.7359375 0.29375 0.6921875 0.29375 0.6921875 0.5020833333333333 0.7359375 0.5020833333333333 0.7359375 0.29375