0 0.7171875 0.16458333333333333 0.6890625 0.16458333333333333 0.6890625 0.26666666666666666 0.7171875 0.26666666666666666 0.7171875 0.16458333333333333
0 0.74375 0.15 0.7125 0.15 0.7125 0.28958333333333336 0.74375 0.28958333333333336 0.74375 0.15
0 0.78125 0.22708333333333333 0.7265625 0.22708333333333333 0.7265625 0.3958333333333333 0.78125 0.3958333333333333 0.78125 0.22708333333333333
0 0.728125 0.24583333333333332 0.6875 0.24583333333333332 0.6875 0.4083333333333333 0.728125 0.4083333333333333 0.728125 0.24583333333333332
0 0.390625 0.21041666666666667 0.346875 0.21041666666666667 0.346875 0.36875 0.390625 0.36875 0.390625 0.21041666666666667
0 0.1625 0.35833333333333334 0.1296875 0.35833333333333334 0.1296875 0.54375 0.1625 0.54375 0.1625 0.35833333333333334
0 0.23125 0.35 0.1890625 0.35 0.1890625 0.54375 0.23125 0.54375 0.23125 0.35
0 0.61875 0.48541666666666666 0.5703125 0.48541666666666666 0.5703125 0.6583333333333333 0.61875 0.6583333333333333 0.61875 0.48541666666666666
0 0.371875 0.3625 0.3296875 0.3625 0.3296875 0.5520833333333334 0.371875 0.5520833333333334 0.371875 0.3625
0 0.3203125 0.7395833333333334 0.26875 0.7395833333333334 0.26875 0.9979166666666667 0.3203125 0.9979166666666667 0.3203125 0.7395833333333334
0 0.384375 0.78125 0.3203125 0.78125 0.3203125 0.9979166666666667 0.384375 0.9979166666666667 0.384375 0.78125
0 0.459375 0.7270833333333333 0.3859375 0.7270833333333333 0.3859375 0.9979166666666667 0.459375 0.9979166666666667 0.459375 0.7270833333333333
1 0.2421875 0.5416666666666666 0.196875 0.5416666666666666 0.196875 0.6958333333333333 0.2421875 0.6958333333333333 0.2421875 0.5416666666666666
0 0.2 0.5020833333333333 0.1421875 0.5020833333333333 0.1421875 0.7208333333333333 0.2 0.7208333333333333 0.2 0.5020833333333333
0 0.2921875 0.07708333333333334 0.2546875 0.07708333333333334 0.2546875 0.15 0.2921875 0.15 0.2921875 0.07708333333333334
0 0.25625 0.11875 0.221875 0.11875 0.221875 0.23958333333333334 0.25625 0.23958333333333334 0.25625 0.11875
2 0.334375 0.22291666666666668 0.2984375 0.22291666666666668 0.2984375 0.375 0.334375 0.375 0.334375 0.22291666666666668
2 0.303125 0.23958333333333334 0.2625 0.23958333333333334 0.2625 0.375 0.303125 0.375 0.303125 0.23958333333333334
2 0.221875 0.12291666666666666 0.178125 0.12291666666666666 0.178125 0.24583333333333332 0.221875 0.24583333333333332 0.221875 0.12291666666666666
2 0.540625 0.5166666666666667 0.475 0.5166666666666667 0.475 0.6979166666666666 0.540625 0.6979166666666666 0.540625 0.5166666666666667