0 0.153125 0.35625 0.1046875 0.35625 0.1046875 0.55625 0.153125 0.55625 0.153125 0.35625
0 0.2125 0.37083333333333335 0.1578125 0.37083333333333335 0.1578125 0.55625 0.2125 0.55625 0.2125 0.37083333333333335
0 0.3 0.25833333333333336 0.2609375 0.25833333333333336 0.2609375 0.4125 0.3 0.4125 0.3 0.25833333333333336
0 0.325 0.3416666666666667 0.2921875 0.3416666666666667 0.2921875 0.5145833333333333 0.325 0.5145833333333333 0.325 0.3416666666666667
0 0.9015625 0.775 0.8515625 0.775 0.8515625 0.9979166666666667 0.9015625 0.9979166666666667 0.9015625 0.775
0 0.840625 0.8604166666666667 0.771875 0.8604166666666667 0.771875 0.9916666666666667 0.840625 0.9916666666666667 0.840625 0.8604166666666667
0 0.2625 0.7354166666666667 0.19375 0.7354166666666667 0.19375 0.9979166666666667 0.2625 0.9979166666666667 0.2625 0.7354166666666667
0 0.903125 0.2604166666666667 0.865625 0.2604166666666667 0.865625 0.44375 0.903125 0.44375 0.903125 0.2604166666666667
0 0.8359375 0.2520833333333333 0.8078125 0.2520833333333333 0.8078125 0.39375 0.8359375 0.39375 0.8359375 0.2520833333333333
0 0.846875 0.23541666666666666 0.8203125 0.23541666666666666 0.8203125 0.3770833333333333 0.846875 0.3770833333333333 0.846875 0.23541666666666666
0 0.759375 0.1 0.7359375 0.1 0.7359375 0.19791666666666666 0.759375 0.19791666666666666 0.759375 0.1
0 0.25625 0.1125 0.2328125 0.1125 0.2328125 0.22291666666666668 0.25625 0.22291666666666668 0.25625 0.1125
0 0.2234375 0.11666666666666667 0.203125 0.11666666666666667 0.203125 0.22708333333333333 0.2234375 0.22708333333333333 0.2234375 0.11666666666666667
0 0.2 0.08333333333333333 0.18125 0.08333333333333333 0.18125 0.17083333333333334 0.2 0.17083333333333334 0.2 0.08333333333333333
0 0.225 0.07708333333333334 0.2046875 0.07708333333333334 0.2046875 0.17916666666666667 0.225 0.17916666666666667 0.225 0.07708333333333334
0 0.3359375 0.12708333333333333 0.315625 0.12708333333333333 0.315625 0.24583333333333332 0.3359375 0.24583333333333332 0.3359375 0.12708333333333333
2 0.35 0.11458333333333333 0.3234375 0.11458333333333333 0.3234375 0.22708333333333333 0.35 0.22708333333333333 0.35 0.11458333333333333
2 0.6796875 0.7270833333333333 0.6 0.7270833333333333 0.6 0.9854166666666667 0.6796875 0.9854166666666667 0.6796875 0.7270833333333333
2 0.7671875 0.6958333333333333 0.6890625 0.6958333333333333 0.6890625 0.9895833333333334 0.7671875 0.9895833333333334 0.7671875 0.6958333333333333
2 0.63125 0.49583333333333335 0.5703125 0.49583333333333335 0.5703125 0.6895833333333333 0.63125 0.6895833333333333 0.63125 0.49583333333333335
2 0.5359375 0.51875 0.4890625 0.51875 0.4890625 0.7333333333333333 0.5359375 0.7333333333333333 0.5359375 0.51875
2 0.5328125 0.47708333333333336 0.5 0.47708333333333336 0.5 0.6958333333333333 0.5328125 0.6958333333333333 0.5328125 0.47708333333333336
0 0.4015625 0.41875 0.365625 0.41875 0.365625 0.5541666666666667 0.4015625 0.5541666666666667 0.4015625 0.41875
0 0.3640625 0.45208333333333334 0.325 0.45208333333333334 0.325 0.55 0.3640625 0.55 0.3640625 0.45208333333333334
0 0.45 0.5104166666666666 0.40625 0.5104166666666666 0.40625 0.6770833333333334 0.45 0.6770833333333334 0.45 0.5104166666666666
1 0.2796875 0.08541666666666667 0.2671875 0.08541666666666667 0.2671875 0.15208333333333332 0.2796875 0.15208333333333332 0.2796875 0.08541666666666667
1 0.9234375 0.8145833333333333 0.8609375 0.8145833333333333 0.8609375 0.8875 0.9234375 0.8875 0.9234375 0.8145833333333333
1 0.3109375 0.19375 0.296875 0.19375 0.296875 0.25625 0.3109375 0.25625 0.3109375 0.19375