1 0.740625 0.29791666666666666 0.71875 0.29791666666666666 0.71875 0.37083333333333335 0.740625 0.37083333333333335 0.740625 0.29791666666666666
1 0.74375 0.3541666666666667 0.7078125 0.3541666666666667 0.7078125 0.43333333333333335 0.74375 0.43333333333333335 0.74375 0.3541666666666667
0 0.3421875 0.4708333333333333 0.275 0.4708333333333333 0.275 0.58125 0.3421875 0.58125 0.3421875 0.4708333333333333
0 0.2109375 0.10625 0.178125 0.10625 0.178125 0.20625 0.2109375 0.20625 0.2109375 0.10625
0 0.225 0.17083333333333334 0.1890625 0.17083333333333334 0.1890625 0.2916666666666667 0.225 0.2916666666666667 0.225 0.17083333333333334
0 0.2265625 0.27291666666666664 0.190625 0.27291666666666664 0.190625 0.42291666666666666 0.2265625 0.42291666666666666 0.2265625 0.27291666666666664
0 0.3078125 0.21666666666666667 0.2625 0.21666666666666667 0.2625 0.375 0.3078125 0.375 0.3078125 0.21666666666666667
0 0.34375 0.20416666666666666 0.3046875 0.20416666666666666 0.3046875 0.35625 0.34375 0.35625 0.34375 0.20416666666666666
0 0.384375 0.7854166666666667 0.321875 0.7854166666666667 0.321875 0.9875 0.384375 0.9875 0.384375 0.7854166666666667
0 0.509375 0.5958333333333333 0.4578125 0.5958333333333333 0.4578125 0.8458333333333333 0.509375 0.8458333333333333 0.509375 0.5958333333333333
0 0.91875 0.47291666666666665 0.8625 0.47291666666666665 0.8625 0.73125 0.91875 0.73125 0.91875 0.47291666666666665
0 0.7546875 0.24583333333333332 0.7140625 0.24583333333333332 0.7140625 0.3333333333333333 0.7546875 0.3333333333333333 0.7546875 0.24583333333333332
0 0.7671875 0.15416666666666667 0.734375 0.15416666666666667 0.734375 0.26666666666666666 0.7671875 0.26666666666666666 0.7671875 0.15416666666666667
0 0.7046875 0.25416666666666665 0.68125 0.25416666666666665 0.68125 0.4166666666666667 0.7046875 0.4166666666666667 0.7046875 0.25416666666666665
2 0.2109375 0.45208333333333334 0.1734375 0.45208333333333334 0.1734375 0.6854166666666667 0.2109375 0.6854166666666667 0.2109375 0.45208333333333334
2 0.2625 0.41875 0.2046875 0.41875 0.2046875 0.6416666666666667 0.2625 0.6416666666666667 0.2625 0.41875
2 0.471875 0.49375 0.421875 0.49375 0.421875 0.6854166666666667 0.471875 0.6854166666666667 0.471875 0.49375
2 0.5359375 0.5625 0.475 0.5625 0.475 0.8 0.5359375 0.8 0.5359375 0.5625
2 0.5390625 0.5041666666666667 0.4765625 0.5041666666666667 0.4765625 0.6458333333333334 0.5390625 0.6458333333333334 0.5390625 0.5041666666666667