0 0.3203125 0.09375 0.296875 0.09375 0.296875 0.15 0.3203125 0.15 0.3203125 0.09375
0 0.29375 0.09375 0.2734375 0.09375 0.2734375 0.15 0.29375 0.15 0.29375 0.09375
0 0.2765625 0.09583333333333334 0.2609375 0.09583333333333334 0.2609375 0.14791666666666667 0.2765625 0.14791666666666667 0.2765625 0.09583333333333334
0 0.3875 0.18958333333333333 0.35 0.18958333333333333 0.35 0.3229166666666667 0.3875 0.3229166666666667 0.3875 0.18958333333333333
0 0.340625 0.1875 0.2984375 0.1875 0.2984375 0.30625 0.340625 0.30625 0.340625 0.1875
2 0.3203125 0.225 0.2875 0.225 0.2875 0.32083333333333336 0.3203125 0.32083333333333336 0.3203125 0.225
1 0.275 0.15 0.2453125 0.15 0.2453125 0.25625 0.275 0.25625 0.275 0.15
1 0.25625 0.14375 0.2296875 0.14375 0.2296875 0.25833333333333336 0.25625 0.25833333333333336 0.25625 0.14375
1 0.23125 0.14375 0.2015625 0.14375 0.2015625 0.26666666666666666 0.23125 0.26666666666666666 0.23125 0.14375
0 0.0765625 0.675 0.015625 0.675 0.015625 0.9145833333333333 0.0765625 0.9145833333333333 0.0765625 0.675
0 0.1515625 0.6583333333333333 0.0875 0.6583333333333333 0.0875 0.925 0.1515625 0.925 0.1515625 0.6583333333333333
0 0.24375 0.6916666666666667 0.18125 0.6916666666666667 0.18125 0.9229166666666667 0.24375 0.9229166666666667 0.24375 0.6916666666666667
0 0.2453125 0.7520833333333333 0.1796875 0.7520833333333333 0.1796875 0.9979166666666667 0.2453125 0.9979166666666667 0.2453125 0.7520833333333333
2 0.6375 0.47291666666666665 0.56875 0.47291666666666665 0.56875 0.6333333333333333 0.6375 0.6333333333333333 0.6375 0.47291666666666665
2 0.603125 0.5 0.5453125 0.5 0.5453125 0.6729166666666667 0.603125 0.6729166666666667 0.603125 0.5
0 0.48125 0.5104166666666666 0.428125 0.5104166666666666 0.428125 0.6895833333333333 0.48125 0.6895833333333333 0.48125 0.5104166666666666
0 0.5515625 0.5208333333333334 0.496875 0.5208333333333334 0.496875 0.6958333333333333 0.5515625 0.6958333333333333 0.5515625 0.5208333333333334
0 0.95 0.7 0.8828125 0.7 0.8828125 0.9875 0.95 0.9875 0.95 0.7
0 0.8921875 0.7458333333333333 0.8140625 0.7458333333333333 0.8140625 0.9979166666666667 0.8921875 0.9979166666666667 0.8921875 0.7458333333333333
0 0.81875 0.7208333333333333 0.7578125 0.7208333333333333 0.7578125 0.9979166666666667 0.81875 0.9979166666666667 0.81875 0.7208333333333333
0 0.828125 0.46041666666666664 0.7828125 0.46041666666666664 0.7828125 0.7208333333333333 0.828125 0.7208333333333333 0.828125 0.46041666666666664
0 0.765625 0.49583333333333335 0.709375 0.49583333333333335 0.709375 0.7166666666666667 0.765625 0.7166666666666667 0.765625 0.49583333333333335
0 0.6484375 0.14791666666666667 0.6125 0.14791666666666667 0.6125 0.26458333333333334 0.6484375 0.26458333333333334 0.6484375 0.14791666666666667
0 0.6609375 0.17083333333333334 0.625 0.17083333333333334 0.625 0.2916666666666667 0.6609375 0.2916666666666667 0.6609375 0.17083333333333334