0 0.29375 0.08541666666666667 0.278125 0.08541666666666667 0.278125 0.14791666666666667 0.29375 0.14791666666666667 0.29375 0.08541666666666667
0 0.278125 0.08541666666666667 0.265625 0.08541666666666667 0.265625 0.14583333333333334 0.278125 0.14583333333333334 0.278125 0.08541666666666667
0 0.2984375 0.1125 0.271875 0.1125 0.271875 0.20625 0.2984375 0.20625 0.2984375 0.1125
0 0.33125 0.1 0.3109375 0.1 0.3109375 0.18541666666666667 0.33125 0.18541666666666667 0.33125 0.1
0 0.2328125 0.06041666666666667 0.209375 0.06041666666666667 0.209375 0.15 0.2328125 0.15 0.2328125 0.06041666666666667
0 0.25625 0.06458333333333334 0.228125 0.06458333333333334 0.228125 0.16875 0.25625 0.16875 0.25625 0.06458333333333334
0 0.328125 0.14583333333333334 0.290625 0.14583333333333334 0.290625 0.26666666666666666 0.328125 0.26666666666666666 0.328125 0.14583333333333334
0 0.278125 0.15833333333333333 0.2546875 0.15833333333333333 0.2546875 0.29791666666666666 0.278125 0.29791666666666666 0.278125 0.15833333333333333
0 0.2578125 0.16041666666666668 0.2265625 0.16041666666666668 0.2265625 0.30625 0.2578125 0.30625 0.2578125 0.16041666666666668
0 0.2359375 0.175 0.2046875 0.175 0.2046875 0.3125 0.2359375 0.3125 0.2359375 0.175
0 0.2953125 0.2520833333333333 0.2609375 0.2520833333333333 0.2609375 0.41458333333333336 0.2953125 0.41458333333333336 0.2953125 0.2520833333333333
0 0.346875 0.2375 0.3078125 0.2375 0.3078125 0.4083333333333333 0.346875 0.4083333333333333 0.346875 0.2375
1 0.784375 0.6770833333333334 0.734375 0.6770833333333334 0.734375 0.8041666666666667 0.784375 0.8041666666666667 0.784375 0.6770833333333334
0 0.3265625 0.4270833333333333 0.265625 0.4270833333333333 0.265625 0.5979166666666667 0.3265625 0.5979166666666667 0.3265625 0.4270833333333333
0 0.221875 0.41875 0.1734375 0.41875 0.1734375 0.625 0.221875 0.625 0.221875 0.41875
0 0.3296875 0.7583333333333333 0.2671875 0.7583333333333333 0.2671875 0.9979166666666667 0.3296875 0.9979166666666667 0.3296875 0.7583333333333333
0 0.4953125 0.74375 0.421875 0.74375 0.421875 0.9979166666666667 0.4953125 0.9979166666666667 0.4953125 0.74375
0 0.934375 0.5395833333333333 0.8671875 0.5395833333333333 0.8671875 0.7770833333333333 0.934375 0.7770833333333333 0.934375 0.5395833333333333
0 0.8484375 0.53125 0.778125 0.53125 0.778125 0.7770833333333333 0.8484375 0.7770833333333333 0.8484375 0.53125
0 0.7734375 0.51875 0.7140625 0.51875 0.7140625 0.75 0.7734375 0.75 0.7734375 0.51875