0 0.36875 0.07708333333333334 0.3453125 0.07708333333333334 0.3453125 0.16875 0.36875 0.16875 0.36875 0.07708333333333334
0 0.284375 0.08333333333333333 0.2625 0.08333333333333333 0.2625 0.15833333333333333 0.284375 0.15833333333333333 0.284375 0.08333333333333333
0 0.3375 0.07708333333333334 0.315625 0.07708333333333334 0.315625 0.16875 0.3375 0.16875 0.3375 0.07708333333333334
0 0.15625 0.0875 0.1328125 0.0875 0.1328125 0.18333333333333332 0.15625 0.18333333333333332 0.15625 0.0875
0 0.2171875 0.10833333333333334 0.1890625 0.10833333333333334 0.1890625 0.19166666666666668 0.2171875 0.19166666666666668 0.2171875 0.10833333333333334
0 0.215625 0.06875 0.190625 0.06875 0.190625 0.16041666666666668 0.215625 0.16041666666666668 0.215625 0.06875
0 0.228125 0.2520833333333333 0.18125 0.2520833333333333 0.18125 0.41041666666666665 0.228125 0.41041666666666665 0.228125 0.2520833333333333
0 0.2734375 0.25 0.2328125 0.25 0.2328125 0.4166666666666667 0.2734375 0.4166666666666667 0.2734375 0.25
0 0.2421875 0.3375 0.1921875 0.3375 0.1921875 0.5458333333333333 0.2421875 0.5458333333333333 0.2421875 0.3375
0 0.6125 0.16041666666666668 0.5671875 0.16041666666666668 0.5671875 0.30833333333333335 0.6125 0.30833333333333335 0.6125 0.16041666666666668
2 0.2875 0.4270833333333333 0.2375 0.4270833333333333 0.2375 0.6166666666666667 0.2875 0.6166666666666667 0.2875 0.4270833333333333
2 0.4140625 0.4791666666666667 0.3671875 0.4791666666666667 0.3671875 0.6375 0.4140625 0.6375 0.4140625 0.4791666666666667
0 0.2125 0.7375 0.14375 0.7375 0.14375 0.9979166666666667 0.2125 0.9979166666666667 0.2125 0.7375
0 0.890625 0.4270833333333333 0.8328125 0.4270833333333333 0.8328125 0.6395833333333333 0.890625 0.6395833333333333 0.890625 0.4270833333333333