0 0.4234375 0.48333333333333334 0.3703125 0.48333333333333334 0.3703125 0.55625 0.4234375 0.55625 0.4234375 0.48333333333333334
0 0.3203125 0.07083333333333333 0.2875 0.07083333333333333 0.2875 0.15416666666666667 0.3203125 0.15416666666666667 0.3203125 0.07083333333333333
0 0.3 0.07916666666666666 0.2625 0.07916666666666666 0.2625 0.15 0.3 0.15 0.3 0.07916666666666666
0 0.2265625 0.05625 0.1921875 0.05625 0.1921875 0.15 0.2265625 0.15 0.2265625 0.05625
0 0.271875 0.08958333333333333 0.246875 0.08958333333333333 0.246875 0.18958333333333333 0.271875 0.18958333333333333 0.271875 0.08958333333333333
0 0.7453125 0.13125 0.7109375 0.13125 0.7109375 0.2520833333333333 0.7453125 0.2520833333333333 0.7453125 0.13125
0 0.88125 0.25416666666666665 0.8296875 0.25416666666666665 0.8296875 0.42083333333333334 0.88125 0.42083333333333334 0.88125 0.25416666666666665
0 0.81875 0.25416666666666665 0.7765625 0.25416666666666665 0.7765625 0.425 0.81875 0.425 0.81875 0.25416666666666665
0 0.7109375 0.24583333333333332 0.6625 0.24583333333333332 0.6625 0.41458333333333336 0.7109375 0.41458333333333336 0.7109375 0.24583333333333332
0 0.6765625 0.27708333333333335 0.625 0.27708333333333335 0.625 0.4479166666666667 0.6765625 0.4479166666666667 0.6765625 0.27708333333333335
0 0.2421875 0.25833333333333336 0.1921875 0.25833333333333336 0.1921875 0.42291666666666666 0.2421875 0.42291666666666666 0.2421875 0.25833333333333336
0 0.2859375 0.24791666666666667 0.2375 0.24791666666666667 0.2375 0.42291666666666666 0.2859375 0.42291666666666666 0.2859375 0.24791666666666667
0 0.328125 0.23958333333333334 0.2796875 0.23958333333333334 0.2796875 0.4125 0.328125 0.4125 0.328125 0.23958333333333334
0 0.2875 0.7208333333333333 0.2046875 0.7208333333333333 0.2046875 0.9979166666666667 0.2875 0.9979166666666667 0.2875 0.7208333333333333
0 0.3609375 0.7458333333333333 0.29375 0.7458333333333333 0.29375 0.9979166666666667 0.3609375 0.9979166666666667 0.3609375 0.7458333333333333
0 0.4484375 0.7229166666666667 0.35625 0.7229166666666667 0.35625 0.9979166666666667 0.4484375 0.9979166666666667 0.4484375 0.7229166666666667
2 0.890625 0.4375 0.8265625 0.4375 0.8265625 0.6583333333333333 0.890625 0.6583333333333333 0.890625 0.4375
2 0.55 0.5166666666666667 0.475 0.5166666666666667 0.475 0.69375 0.55 0.69375 0.55 0.5166666666666667
0 0.8140625 0.4395833333333333 0.753125 0.4395833333333333 0.753125 0.6520833333333333 0.8140625 0.6520833333333333 0.8140625 0.4395833333333333
0 0.7453125 0.3958333333333333 0.6859375 0.3958333333333333 0.6859375 0.65625 0.7453125 0.65625 0.7453125 0.3958333333333333
0 0.628125 0.49166666666666664 0.578125 0.49166666666666664 0.578125 0.65 0.628125 0.65 0.628125 0.49166666666666664
0 0.8625 0.6041666666666666 0.7875 0.6041666666666666 0.7875 0.8770833333333333 0.8625 0.8770833333333333 0.8625 0.6041666666666666