2 0.596875 0.45208333333333334 0.534375 0.45208333333333334 0.534375 0.5541666666666667 0.596875 0.5541666666666667 0.596875 0.45208333333333334
0 0.2921875 0.08333333333333333 0.278125 0.08333333333333333 0.278125 0.14583333333333334 0.2921875 0.14583333333333334 0.2921875 0.08333333333333333
0 0.278125 0.08541666666666667 0.2640625 0.08541666666666667 0.2640625 0.15 0.278125 0.15 0.278125 0.08541666666666667
0 0.2421875 0.06875 0.215625 0.06875 0.215625 0.15 0.2421875 0.15 0.2421875 0.06875
0 0.640625 0.07291666666666667 0.6171875 0.07291666666666667 0.6171875 0.17083333333333334 0.640625 0.17083333333333334 0.640625 0.07291666666666667
0 0.340625 0.125 0.3125 0.125 0.3125 0.24583333333333332 0.340625 0.24583333333333332 0.340625 0.125
2 0.3140625 0.13333333333333333 0.275 0.13333333333333333 0.275 0.24375 0.3140625 0.24375 0.3140625 0.13333333333333333
0 0.26875 0.21875 0.2265625 0.21875 0.2265625 0.36875 0.26875 0.36875 0.26875 0.21875
0 0.3171875 0.24791666666666667 0.278125 0.24791666666666667 0.278125 0.39166666666666666 0.3171875 0.39166666666666666 0.3171875 0.24791666666666667
0 0.2625 0.7541666666666667 0.18125 0.7541666666666667 0.18125 0.9979166666666667 0.2625 0.9979166666666667 0.2625 0.7541666666666667
0 0.7390625 0.4791666666666667 0.6890625 0.4791666666666667 0.6890625 0.6958333333333333 0.7390625 0.6958333333333333 0.7390625 0.4791666666666667
2 0.8265625 0.4979166666666667 0.765625 0.4979166666666667 0.765625 0.70625 0.8265625 0.70625 0.8265625 0.4979166666666667
2 0.790625 0.6125 0.7296875 0.6125 0.7296875 0.8833333333333333 0.790625 0.8833333333333333 0.790625 0.6125
2 0.73125 0.6354166666666666 0.6828125 0.6354166666666666 0.6828125 0.8979166666666667 0.73125 0.8979166666666667 0.73125 0.6354166666666666