2 0.7625 0.17916666666666667 0.725 0.17916666666666667 0.725 0.34375 0.7625 0.34375 0.7625 0.17916666666666667
2 0.6609375 0.475 0.5484375 0.475 0.5484375 0.6479166666666667 0.6609375 0.6479166666666667 0.6609375 0.475
2 0.64375 0.5 0.528125 0.5 0.528125 0.6791666666666667 0.64375 0.6791666666666667 0.64375 0.5
2 0.5484375 0.5104166666666666 0.471875 0.5104166666666666 0.471875 0.7020833333333333 0.5484375 0.7020833333333333 0.5484375 0.5104166666666666
0 0.2765625 0.125 0.2421875 0.125 0.2421875 0.23541666666666666 0.2765625 0.23541666666666666 0.2765625 0.125
0 0.3125 0.12083333333333333 0.2765625 0.12083333333333333 0.2765625 0.22083333333333333 0.3125 0.22083333333333333 0.3125 0.12083333333333333
0 0.2265625 0.06041666666666667 0.1734375 0.06041666666666667 0.1734375 0.17916666666666667 0.2265625 0.17916666666666667 0.2265625 0.06041666666666667
0 0.1875 0.1375 0.15 0.1375 0.15 0.25 0.1875 0.25 0.1875 0.1375
0 0.234375 0.1625 0.175 0.1625 0.175 0.29791666666666666 0.234375 0.29791666666666666 0.234375 0.1625
0 0.7390625 0.22083333333333333 0.6859375 0.22083333333333333 0.6859375 0.36875 0.7390625 0.36875 0.7390625 0.22083333333333333
0 0.703125 0.22916666666666666 0.64375 0.22916666666666666 0.64375 0.3729166666666667 0.703125 0.3729166666666667 0.703125 0.22916666666666666
0 0.8078125 0.23958333333333334 0.7625 0.23958333333333334 0.7625 0.4083333333333333 0.8078125 0.4083333333333333 0.8078125 0.23958333333333334
0 0.846875 0.23333333333333334 0.796875 0.23333333333333334 0.796875 0.40208333333333335 0.846875 0.40208333333333335 0.846875 0.23333333333333334
0 0.66875 0.3375 0.6 0.3375 0.6 0.5604166666666667 0.66875 0.5604166666666667 0.66875 0.3375
0 0.715625 0.31875 0.6546875 0.31875 0.6546875 0.5375 0.715625 0.5375 0.715625 0.31875
0 0.7484375 0.3104166666666667 0.7046875 0.3104166666666667 0.7046875 0.5208333333333334 0.7484375 0.5208333333333334 0.7484375 0.3104166666666667
0 0.790625 0.3416666666666667 0.740625 0.3416666666666667 0.740625 0.53125 0.790625 0.53125 0.790625 0.3416666666666667
0 0.5 0.6604166666666667 0.4203125 0.6604166666666667 0.4203125 0.9145833333333333 0.5 0.9145833333333333 0.5 0.6604166666666667
0 0.5015625 0.7145833333333333 0.4203125 0.7145833333333333 0.4203125 0.9875 0.5015625 0.9875 0.5015625 0.7145833333333333