0 0.590625 0.8875 0.5140625 0.8875 0.5140625 0.9979166666666667 0.590625 0.9979166666666667 0.590625 0.8875
2 0.625 0.5041666666666667 0.5484375 0.5041666666666667 0.5484375 0.6729166666666667 0.625 0.6729166666666667 0.625 0.5041666666666667
2 0.64375 0.48125 0.5765625 0.48125 0.5765625 0.6479166666666667 0.64375 0.6479166666666667 0.64375 0.48125
2 0.79375 0.14166666666666666 0.759375 0.14166666666666666 0.759375 0.25 0.79375 0.25 0.79375 0.14166666666666666
2 0.7640625 0.1375 0.728125 0.1375 0.728125 0.26458333333333334 0.7640625 0.26458333333333334 0.7640625 0.1375
0 0.7109375 0.12708333333333333 0.684375 0.12708333333333333 0.684375 0.22916666666666666 0.7109375 0.22916666666666666 0.7109375 0.12708333333333333
0 0.3265625 0.0875 0.29375 0.0875 0.29375 0.15625 0.3265625 0.15625 0.3265625 0.0875
0 0.3109375 0.2625 0.26875 0.2625 0.26875 0.43333333333333335 0.3109375 0.43333333333333335 0.3109375 0.2625
0 0.271875 0.27291666666666664 0.2265625 0.27291666666666664 0.2265625 0.43333333333333335 0.271875 0.43333333333333335 0.271875 0.27291666666666664
0 0.1609375 0.70625 0.0671875 0.70625 0.0671875 0.9541666666666667 0.1609375 0.9541666666666667 0.1609375 0.70625
0 0.484375 0.5083333333333333 0.425 0.5083333333333333 0.425 0.7083333333333334 0.484375 0.7083333333333334 0.484375 0.5083333333333333
0 0.5546875 0.5229166666666667 0.496875 0.5229166666666667 0.496875 0.7083333333333334 0.5546875 0.7083333333333334 0.5546875 0.5229166666666667
0 0.4609375 0.7145833333333333 0.403125 0.7145833333333333 0.403125 0.975 0.4609375 0.975 0.4609375 0.7145833333333333
0 0.453125 0.7458333333333333 0.39375 0.7458333333333333 0.39375 0.9854166666666667 0.453125 0.9854166666666667 0.453125 0.7458333333333333
0 0.3328125 0.7854166666666667 0.259375 0.7854166666666667 0.259375 0.9979166666666667 0.3328125 0.9979166666666667 0.3328125 0.7854166666666667
0 0.3125 0.7354166666666667 0.2453125 0.7354166666666667 0.2453125 0.9979166666666667 0.3125 0.9979166666666667 0.3125 0.7354166666666667
0 0.4 0.7416666666666667 0.321875 0.7416666666666667 0.321875 0.9979166666666667 0.4 0.9979166666666667 0.4 0.7416666666666667
0 0.4734375 0.78125 0.4078125 0.78125 0.4078125 0.9979166666666667 0.4734375 0.9979166666666667 0.4734375 0.78125
0 0.6046875 0.6395833333333333 0.5125 0.6395833333333333 0.5125 0.9020833333333333 0.6046875 0.9020833333333333 0.6046875 0.6395833333333333
0 0.7984375 0.19791666666666666 0.7578125 0.19791666666666666 0.7578125 0.35625 0.7984375 0.35625 0.7984375 0.19791666666666666
0 0.8375 0.19375 0.7953125 0.19375 0.7953125 0.34791666666666665 0.8375 0.34791666666666665 0.8375 0.19375
0 0.7453125 0.22916666666666666 0.696875 0.22916666666666666 0.696875 0.3729166666666667 0.7453125 0.3729166666666667 0.7453125 0.22916666666666666