0 0.2046875 0.075 0.1765625 0.075 0.1765625 0.1875 0.2046875 0.1875 0.2046875 0.075
0 0.253125 0.06875 0.209375 0.06875 0.209375 0.1875 0.253125 0.1875 0.253125 0.06875
0 0.325 0.075 0.3046875 0.075 0.3046875 0.19583333333333333 0.325 0.19583333333333333 0.325 0.075
0 0.3109375 0.07708333333333334 0.271875 0.07708333333333334 0.271875 0.19583333333333333 0.3109375 0.19583333333333333 0.3109375 0.07708333333333334
0 0.1640625 0.3458333333333333 0.0984375 0.3458333333333333 0.0984375 0.51875 0.1640625 0.51875 0.1640625 0.3458333333333333
0 0.2203125 0.3125 0.1703125 0.3125 0.1703125 0.50625 0.2203125 0.50625 0.2203125 0.3125
0 0.278125 0.28958333333333336 0.215625 0.28958333333333336 0.215625 0.5 0.278125 0.5 0.278125 0.28958333333333336
0 0.321875 0.32916666666666666 0.26875 0.32916666666666666 0.26875 0.46875 0.321875 0.46875 0.321875 0.32916666666666666
0 0.28125 0.19166666666666668 0.228125 0.19166666666666668 0.228125 0.33541666666666664 0.28125 0.33541666666666664 0.28125 0.19166666666666668
0 0.3171875 0.18958333333333333 0.2765625 0.18958333333333333 0.2765625 0.3375 0.3171875 0.3375 0.3171875 0.18958333333333333
0 0.3890625 0.2625 0.34375 0.2625 0.34375 0.4041666666666667 0.3890625 0.4041666666666667 0.3890625 0.2625
0 0.403125 0.29583333333333334 0.3375 0.29583333333333334 0.3375 0.4395833333333333 0.403125 0.4395833333333333 0.403125 0.29583333333333334
0 0.4546875 0.28541666666666665 0.4203125 0.28541666666666665 0.4203125 0.41041666666666665 0.4546875 0.41041666666666665 0.4546875 0.28541666666666665
0 0.5890625 0.11875 0.5421875 0.11875 0.5421875 0.26666666666666666 0.5890625 0.26666666666666666 0.5890625 0.11875
0 0.6296875 0.10416666666666667 0.5890625 0.10416666666666667 0.5890625 0.25 0.6296875 0.25 0.6296875 0.10416666666666667
0 0.7453125 0.10833333333333334 0.6875 0.10833333333333334 0.6875 0.2625 0.7453125 0.2625 0.7453125 0.10833333333333334
0 0.815625 0.17291666666666666 0.765625 0.17291666666666666 0.765625 0.3229166666666667 0.815625 0.3229166666666667 0.815625 0.17291666666666666
0 0.809375 0.4583333333333333 0.740625 0.4583333333333333 0.740625 0.5958333333333333 0.809375 0.5958333333333333 0.809375 0.4583333333333333
0 0.7859375 0.35208333333333336 0.7375 0.35208333333333336 0.7375 0.49583333333333335 0.7859375 0.49583333333333335 0.7859375 0.35208333333333336
0 0.7359375 0.33541666666666664 0.6828125 0.33541666666666664 0.6828125 0.5020833333333333 0.7359375 0.5020833333333333 0.7359375 0.33541666666666664
0 0.69375 0.4270833333333333 0.6359375 0.4270833333333333 0.6359375 0.6333333333333333 0.69375 0.6333333333333333 0.69375 0.4270833333333333
0 0.8875 0.5083333333333333 0.8171875 0.5083333333333333 0.8171875 0.8083333333333333 0.8875 0.8083333333333333 0.8875 0.5083333333333333
0 0.484375 0.7416666666666667 0.3921875 0.7416666666666667 0.3921875 0.9541666666666667 0.484375 0.9541666666666667 0.484375 0.7416666666666667
0 0.446875 0.7895833333333333 0.371875 0.7895833333333333 0.371875 0.9854166666666667 0.446875 0.9854166666666667 0.446875 0.7895833333333333
0 0.3734375 0.7833333333333333 0.28125 0.7833333333333333 0.28125 0.9979166666666667 0.3734375 0.9979166666666667 0.3734375 0.7833333333333333
0 0.3046875 0.7416666666666667 0.21875 0.7416666666666667 0.21875 0.9979166666666667 0.3046875 0.9979166666666667 0.3046875 0.7416666666666667
2 0.140625 0.39375 0.06875 0.39375 0.06875 0.5729166666666666 0.140625 0.5729166666666666 0.140625 0.39375
2 0.6328125 0.46875 0.55 0.46875 0.55 0.6145833333333334 0.6328125 0.6145833333333334 0.6328125 0.46875
2 0.65 0.49583333333333335 0.5265625 0.49583333333333335 0.5265625 0.6645833333333333 0.65 0.6645833333333333 0.65 0.49583333333333335
2 0.5578125 0.50625 0.459375 0.50625 0.459375 0.6895833333333333 0.5578125 0.6895833333333333 0.5578125 0.50625
1 0.7828125 0.5854166666666667 0.7484375 0.5854166666666667 0.7484375 0.6958333333333333 0.7828125 0.6958333333333333 0.7828125 0.5854166666666667
1 0.7421875 0.4708333333333333 0.7046875 0.4708333333333333 0.7046875 0.5770833333333333 0.7421875 0.5770833333333333 0.7421875 0.4708333333333333
1 0.94375 0.5770833333333333 0.9 0.5770833333333333 0.9 0.7916666666666666 0.94375 0.7916666666666666 0.94375 0.5770833333333333