0 0.4546875 0.19791666666666666 0.4171875 0.19791666666666666 0.4171875 0.28125 0.4546875 0.28125 0.4546875 0.19791666666666666
0 0.35625 0.08125 0.3390625 0.08125 0.3390625 0.16666666666666666 0.35625 0.16666666666666666 0.35625 0.08125
0 0.3203125 0.07916666666666666 0.2890625 0.07916666666666666 0.2890625 0.16666666666666666 0.3203125 0.16666666666666666 0.3203125 0.07916666666666666
0 0.3796875 0.24583333333333332 0.3375 0.24583333333333332 0.3375 0.4 0.3796875 0.4 0.3796875 0.24583333333333332
0 0.2546875 0.12291666666666666 0.2203125 0.12291666666666666 0.2203125 0.23541666666666666 0.2546875 0.23541666666666666 0.2546875 0.12291666666666666
0 0.73125 0.11875 0.6953125 0.11875 0.6953125 0.22916666666666666 0.73125 0.22916666666666666 0.73125 0.11875
0 0.6875 0.11875 0.659375 0.11875 0.659375 0.24166666666666667 0.6875 0.24166666666666667 0.6875 0.11875
0 0.6171875 0.10833333333333334 0.596875 0.10833333333333334 0.596875 0.2125 0.6171875 0.2125 0.6171875 0.10833333333333334
0 0.2703125 0.18125 0.225 0.18125 0.225 0.31666666666666665 0.2703125 0.31666666666666665 0.2703125 0.18125
0 0.221875 0.17916666666666667 0.1875 0.17916666666666667 0.1875 0.3104166666666667 0.221875 0.3104166666666667 0.221875 0.17916666666666667
0 0.2140625 0.28958333333333336 0.171875 0.28958333333333336 0.171875 0.4666666666666667 0.2140625 0.4666666666666667 0.2140625 0.28958333333333336
2 0.2546875 0.30416666666666664 0.2203125 0.30416666666666664 0.2203125 0.4625 0.2546875 0.4625 0.2546875 0.30416666666666664
2 0.284375 0.29791666666666666 0.246875 0.29791666666666666 0.246875 0.47291666666666665 0.284375 0.47291666666666665 0.284375 0.29791666666666666
0 0.43125 0.3375 0.3890625 0.3375 0.3890625 0.5041666666666667 0.43125 0.5041666666666667 0.43125 0.3375
1 0.3859375 0.36666666666666664 0.3515625 0.36666666666666664 0.3515625 0.4875 0.3859375 0.4875 0.3859375 0.36666666666666664
0 0.3671875 0.29791666666666666 0.325 0.29791666666666666 0.325 0.4875 0.3671875 0.4875 0.3671875 0.29791666666666666
0 0.2234375 0.5479166666666667 0.1734375 0.5479166666666667 0.1734375 0.7625 0.2234375 0.7625 0.2234375 0.5479166666666667
0 0.2046875 0.51875 0.1546875 0.51875 0.1546875 0.7854166666666667 0.2046875 0.7854166666666667 0.2046875 0.51875
0 0.9421875 0.5895833333333333 0.890625 0.5895833333333333 0.890625 0.8479166666666667 0.9421875 0.8479166666666667 0.9421875 0.5895833333333333
0 0.890625 0.5833333333333334 0.8265625 0.5833333333333334 0.8265625 0.84375 0.890625 0.84375 0.890625 0.5833333333333334
0 0.8046875 0.5729166666666666 0.74375 0.5729166666666666 0.74375 0.8416666666666667 0.8046875 0.8416666666666667 0.8046875 0.5729166666666666
0 0.7546875 0.2125 0.7109375 0.2125 0.7109375 0.37916666666666665 0.7546875 0.37916666666666665 0.7546875 0.2125
0 0.784375 0.2125 0.7484375 0.2125 0.7484375 0.3770833333333333 0.784375 0.3770833333333333 0.784375 0.2125
2 0.5375 0.5083333333333333 0.475 0.5083333333333333 0.475 0.7 0.5375 0.7 0.5375 0.5083333333333333