0 0.2921875 0.7229166666666667 0.23125 0.7229166666666667 0.23125 0.9145833333333333 0.2921875 0.9145833333333333 0.2921875 0.7229166666666667
0 0.3359375 0.7583333333333333 0.246875 0.7583333333333333 0.246875 0.9958333333333333 0.3359375 0.9958333333333333 0.3359375 0.7583333333333333
0 0.3953125 0.775 0.31875 0.775 0.31875 0.9833333333333333 0.3953125 0.9833333333333333 0.3953125 0.775
0 0.6 0.5979166666666667 0.521875 0.5979166666666667 0.521875 0.8479166666666667 0.6 0.8479166666666667 0.6 0.5979166666666667
0 0.6296875 0.5104166666666666 0.578125 0.5104166666666666 0.578125 0.6395833333333333 0.6296875 0.6395833333333333 0.6296875 0.5104166666666666
0 0.421875 0.4875 0.3703125 0.4875 0.3703125 0.5541666666666667 0.421875 0.5541666666666667 0.421875 0.4875
0 0.090625 0.5541666666666667 0.009375 0.5541666666666667 0.009375 0.8208333333333333 0.090625 0.8208333333333333 0.090625 0.5541666666666667
0 0.165625 0.6375 0.0953125 0.6375 0.0953125 0.9083333333333333 0.165625 0.9083333333333333 0.165625 0.6375
0 0.35625 0.08333333333333333 0.328125 0.08333333333333333 0.328125 0.15416666666666667 0.35625 0.15416666666666667 0.35625 0.08333333333333333
0 0.3234375 0.09375 0.296875 0.09375 0.296875 0.15 0.3234375 0.15 0.3234375 0.09375
0 0.2859375 0.08333333333333333 0.2546875 0.08333333333333333 0.2546875 0.15208333333333332 0.2859375 0.15208333333333332 0.2859375 0.08333333333333333
0 0.2734375 0.23958333333333334 0.234375 0.23958333333333334 0.234375 0.4125 0.2734375 0.4125 0.2734375 0.23958333333333334
0 0.3109375 0.2520833333333333 0.26875 0.2520833333333333 0.26875 0.40625 0.3109375 0.40625 0.3109375 0.2520833333333333
0 0.3484375 0.23125 0.3046875 0.23125 0.3046875 0.4083333333333333 0.3484375 0.4083333333333333 0.3484375 0.23125
0 0.7171875 0.125 0.6671875 0.125 0.6671875 0.2875 0.7171875 0.2875 0.7171875 0.125
2 0.790625 0.2708333333333333 0.7390625 0.2708333333333333 0.7390625 0.4708333333333333 0.790625 0.4708333333333333 0.790625 0.2708333333333333
0 0.7546875 0.1375 0.7171875 0.1375 0.7171875 0.26875 0.7546875 0.26875 0.7546875 0.1375
0 0.8015625 0.13541666666666666 0.7625 0.13541666666666666 0.7625 0.2791666666666667 0.8015625 0.2791666666666667 0.8015625 0.13541666666666666
2 0.5421875 0.51875 0.4703125 0.51875 0.4703125 0.6958333333333333 0.5421875 0.6958333333333333 0.5421875 0.51875
1 0.0875 0.6479166666666667 0.0296875 0.6479166666666667 0.0296875 0.90625 0.0875 0.90625 0.0875 0.6479166666666667