0 0.2890625 0.07291666666666667 0.2578125 0.07291666666666667 0.2578125 0.15416666666666667 0.2890625 0.15416666666666667 0.2890625 0.07291666666666667
0 0.309375 0.075 0.2859375 0.075 0.2859375 0.14583333333333334 0.309375 0.14583333333333334 0.309375 0.075
0 0.353125 0.08333333333333333 0.321875 0.08333333333333333 0.321875 0.15833333333333333 0.353125 0.15833333333333333 0.353125 0.08333333333333333
0 0.6515625 0.16875 0.61875 0.16875 0.61875 0.3 0.6515625 0.3 0.6515625 0.16875
0 0.31875 0.1125 0.2796875 0.1125 0.2796875 0.21041666666666667 0.31875 0.21041666666666667 0.31875 0.1125
0 0.2875 0.1 0.2546875 0.1 0.2546875 0.21458333333333332 0.2875 0.21458333333333332 0.2875 0.1
0 0.30625 0.3229166666666667 0.2515625 0.3229166666666667 0.2515625 0.5145833333333333 0.30625 0.5145833333333333 0.30625 0.3229166666666667
0 0.3640625 0.31666666666666665 0.309375 0.31666666666666665 0.309375 0.4875 0.3640625 0.4875 0.3640625 0.31666666666666665
0 0.353125 0.45208333333333334 0.309375 0.45208333333333334 0.309375 0.6166666666666667 0.353125 0.6166666666666667 0.353125 0.45208333333333334
0 0.2828125 0.4 0.2390625 0.4 0.2390625 0.6041666666666666 0.2828125 0.6041666666666666 0.2828125 0.4
0 0.2140625 0.4041666666666667 0.1703125 0.4041666666666667 0.1703125 0.6 0.2140625 0.6 0.2140625 0.4041666666666667
0 0.0640625 0.5354166666666667 0.0078125 0.5354166666666667 0.0078125 0.74375 0.0640625 0.74375 0.0640625 0.5354166666666667
0 0.0921875 0.5708333333333333 0.028125 0.5708333333333333 0.028125 0.8270833333333333 0.0921875 0.8270833333333333 0.0921875 0.5708333333333333
0 0.4796875 0.6083333333333333 0.421875 0.6083333333333333 0.421875 0.8145833333333333 0.4796875 0.8145833333333333 0.4796875 0.6083333333333333
0 0.4875 0.78125 0.41875 0.78125 0.41875 0.9979166666666667 0.4875 0.9979166666666667 0.4875 0.78125
2 0.959375 0.56875 0.8890625 0.56875 0.8890625 0.8354166666666667 0.959375 0.8354166666666667 0.959375 0.56875
2 0.871875 0.5645833333333333 0.8109375 0.5645833333333333 0.8109375 0.81875 0.871875 0.81875 0.871875 0.5645833333333333
0 0.8046875 0.3770833333333333 0.7484375 0.3770833333333333 0.7484375 0.58125 0.8046875 0.58125 0.8046875 0.3770833333333333
0 0.7328125 0.37916666666666665 0.684375 0.37916666666666665 0.684375 0.58125 0.7328125 0.58125 0.7328125 0.37916666666666665
0 0.6703125 0.4041666666666667 0.6171875 0.4041666666666667 0.6171875 0.6375 0.6703125 0.6375 0.6703125 0.4041666666666667