0 0.9625 0.2604166666666667 0.91875 0.2604166666666667 0.91875 0.4354166666666667 0.9625 0.4354166666666667 0.9625 0.2604166666666667
0 0.4046875 0.41875 0.35625 0.41875 0.35625 0.5479166666666667 0.4046875 0.5479166666666667 0.4046875 0.41875
0 0 0.9104166666666667 0.0421875 0.9104166666666667 0.0421875 0.6645833333333333 0 0.6645833333333333 0 0.9104166666666667
0 0.053125 0.6041666666666666 0.003125 0.6041666666666666 0.003125 0.8145833333333333 0.053125 0.8145833333333333 0.053125 0.6041666666666666
2 0.8421875 0.22916666666666666 0.803125 0.22916666666666666 0.803125 0.3875 0.8421875 0.3875 0.8421875 0.22916666666666666
1 0.284375 0.08333333333333333 0.2625 0.08333333333333333 0.2625 0.15625 0.284375 0.15625 0.284375 0.08333333333333333
0 0.2078125 0.016666666666666666 0.1890625 0.016666666666666666 0.1890625 0.08333333333333333 0.2078125 0.08333333333333333 0.2078125 0.016666666666666666
0 0.3 0.15416666666666667 0.2546875 0.15416666666666667 0.2546875 0.28541666666666665 0.3 0.28541666666666665 0.3 0.15416666666666667
0 0.4703125 0.26666666666666666 0.4265625 0.26666666666666666 0.4265625 0.4375 0.4703125 0.4375 0.4703125 0.26666666666666666
2 0.4328125 0.5104166666666666 0.3828125 0.5104166666666666 0.3828125 0.68125 0.4328125 0.68125 0.4328125 0.5104166666666666
2 0.3859375 0.475 0.340625 0.475 0.340625 0.5520833333333334 0.3859375 0.5520833333333334 0.3859375 0.475
2 0.4265625 0.26875 0.3828125 0.26875 0.3828125 0.43333333333333335 0.4265625 0.43333333333333335 0.4265625 0.26875
0 0.3171875 0.45208333333333334 0.2671875 0.45208333333333334 0.2671875 0.5875 0.3171875 0.5875 0.3171875 0.45208333333333334
0 0.2734375 0.8354166666666667 0.2125 0.8354166666666667 0.2125 0.9979166666666667 0.2734375 0.9979166666666667 0.2734375 0.8354166666666667
0 0.2109375 0.8541666666666666 0.13125 0.8541666666666666 0.13125 0.9979166666666667 0.2109375 0.9979166666666667 0.2109375 0.8541666666666666
0 0.290625 0.74375 0.2203125 0.74375 0.2203125 0.9854166666666667 0.290625 0.9854166666666667 0.290625 0.74375
0 0.109375 0.65 0.04375 0.65 0.04375 0.9125 0.109375 0.9125 0.109375 0.65
0 0.2421875 0.07916666666666666 0.2234375 0.07916666666666666 0.2234375 0.16666666666666666 0.2421875 0.16666666666666666 0.2421875 0.07916666666666666
0 0.20625 0.13333333333333333 0.18125 0.13333333333333333 0.18125 0.24791666666666667 0.20625 0.24791666666666667 0.20625 0.13333333333333333
0 0.228125 0.14583333333333334 0.2 0.14583333333333334 0.2 0.25833333333333336 0.228125 0.25833333333333336 0.228125 0.14583333333333334
0 0.390625 0.26666666666666666 0.359375 0.26666666666666666 0.359375 0.4354166666666667 0.390625 0.4354166666666667 0.390625 0.26666666666666666
0 0.6203125 0.052083333333333336 0.5984375 0.052083333333333336 0.5984375 0.1375 0.6203125 0.1375 0.6203125 0.052083333333333336
0 0.903125 0.2604166666666667 0.84375 0.2604166666666667 0.84375 0.46041666666666664 0.903125 0.46041666666666664 0.903125 0.2604166666666667
0 0.8140625 0.20833333333333334 0.7765625 0.20833333333333334 0.7765625 0.3104166666666667 0.8140625 0.3104166666666667 0.8140625 0.20833333333333334
0 0.7890625 0.23958333333333334 0.74375 0.23958333333333334 0.74375 0.38958333333333334 0.7890625 0.38958333333333334 0.7890625 0.23958333333333334
0 0.7203125 0.32083333333333336 0.665625 0.32083333333333336 0.665625 0.48541666666666666 0.7203125 0.48541666666666666 0.7203125 0.32083333333333336
0 0.65 0.33541666666666664 0.6078125 0.33541666666666664 0.6078125 0.5020833333333333 0.65 0.5020833333333333 0.65 0.33541666666666664
0 0.8859375 0.5125 0.8046875 0.5125 0.8046875 0.7375 0.8859375 0.7375 0.8859375 0.5125
0 0.8015625 0.53125 0.73125 0.53125 0.73125 0.7416666666666667 0.8015625 0.7416666666666667 0.8015625 0.53125
0 0.0828125 0.4270833333333333 0.025 0.4270833333333333 0.025 0.65 0.0828125 0.65 0.0828125 0.4270833333333333
0 0.2796875 0.21041666666666667 0.2359375 0.21041666666666667 0.2359375 0.35833333333333334 0.2796875 0.35833333333333334 0.2796875 0.21041666666666667
0 0.3390625 0.28125 0.30625 0.28125 0.30625 0.45625 0.3390625 0.45625 0.3390625 0.28125
0 0.2375 0.3145833333333333 0.1890625 0.3145833333333333 0.1890625 0.4791666666666667 0.2375 0.4791666666666667 0.2375 0.3145833333333333
1 0.6390625 0.12083333333333333 0.6234375 0.12083333333333333 0.6234375 0.175 0.6390625 0.175 0.6390625 0.12083333333333333
1 0.7578125 0.38125 0.728125 0.38125 0.728125 0.4875 0.7578125 0.4875 0.7578125 0.38125