0 0.3515625 0.07916666666666666 0.325 0.07916666666666666 0.325 0.1625 0.3515625 0.1625 0.3515625 0.07916666666666666
0 0.29375 0.0875 0.2765625 0.0875 0.2765625 0.15416666666666667 0.29375 0.15416666666666667 0.29375 0.0875
0 0.2796875 0.08541666666666667 0.2609375 0.08541666666666667 0.2609375 0.15416666666666667 0.2796875 0.15416666666666667 0.2796875 0.08541666666666667
0 0.2109375 0.075 0.1828125 0.075 0.1828125 0.1625 0.2109375 0.1625 0.2109375 0.075
0 0.2390625 0.07708333333333334 0.2140625 0.07708333333333334 0.2140625 0.15625 0.2390625 0.15625 0.2390625 0.07708333333333334
2 0.2609375 0.21041666666666667 0.221875 0.21041666666666667 0.221875 0.3458333333333333 0.2609375 0.3458333333333333 0.2609375 0.21041666666666667
2 0.296875 0.2125 0.25625 0.2125 0.25625 0.3458333333333333 0.296875 0.3458333333333333 0.296875 0.2125
0 0.83125 0.39166666666666666 0.771875 0.39166666666666666 0.771875 0.6229166666666667 0.83125 0.6229166666666667 0.83125 0.39166666666666666
0 0.7734375 0.4166666666666667 0.7203125 0.4166666666666667 0.7203125 0.6333333333333333 0.7734375 0.6333333333333333 0.7734375 0.4166666666666667
0 0.696875 0.5229166666666667 0.625 0.5229166666666667 0.625 0.7604166666666666 0.696875 0.7604166666666666 0.696875 0.5229166666666667
0 0.6234375 0.5083333333333333 0.5609375 0.5083333333333333 0.5609375 0.7604166666666666 0.6234375 0.7604166666666666 0.6234375 0.5083333333333333
0 0.215625 0.7208333333333333 0.1484375 0.7208333333333333 0.1484375 0.9291666666666667 0.215625 0.9291666666666667 0.215625 0.7208333333333333
0 0.21875 0.83125 0.13125 0.83125 0.13125 0.9979166666666667 0.21875 0.9979166666666667 0.21875 0.83125
2 0.096875 0.55 0.03125 0.55 0.03125 0.76875 0.096875 0.76875 0.096875 0.55
0 0.2046875 0.4708333333333333 0.134375 0.4708333333333333 0.134375 0.6666666666666666 0.2046875 0.6666666666666666 0.2046875 0.4708333333333333
0 0.115625 0.4583333333333333 0.0703125 0.4583333333333333 0.0703125 0.6520833333333333 0.115625 0.6520833333333333 0.115625 0.4583333333333333