2 0.6015625 0.45 0.5265625 0.45 0.5265625 0.55625 0.6015625 0.55625 0.6015625 0.45
0 0.3703125 0.18125 0.34375 0.18125 0.34375 0.30625 0.3703125 0.30625 0.3703125 0.18125
0 0.359375 0.19166666666666668 0.3296875 0.19166666666666668 0.3296875 0.3229166666666667 0.359375 0.3229166666666667 0.359375 0.19166666666666668
0 0.3296875 0.19375 0.3 0.19375 0.3 0.32083333333333336 0.3296875 0.32083333333333336 0.3296875 0.19375
0 0.2921875 0.08958333333333333 0.2734375 0.08958333333333333 0.2734375 0.15833333333333333 0.2921875 0.15833333333333333 0.2921875 0.08958333333333333
0 0.2796875 0.08333333333333333 0.2609375 0.08333333333333333 0.2609375 0.15833333333333333 0.2796875 0.15833333333333333 0.2796875 0.08333333333333333
0 0.353125 0.08333333333333333 0.3265625 0.08333333333333333 0.3265625 0.15416666666666667 0.353125 0.15416666666666667 0.353125 0.08333333333333333
0 0.2421875 0.16666666666666666 0.209375 0.16666666666666666 0.209375 0.28541666666666665 0.2421875 0.28541666666666665 0.2421875 0.16666666666666666
0 0.259375 0.23541666666666666 0.20625 0.23541666666666666 0.20625 0.39375 0.259375 0.39375 0.259375 0.23541666666666666
2 0.309375 0.2 0.2734375 0.2 0.2734375 0.3416666666666667 0.309375 0.3416666666666667 0.309375 0.2
2 0.7796875 0.21875 0.7390625 0.21875 0.7390625 0.36666666666666664 0.7796875 0.36666666666666664 0.7796875 0.21875
2 0.728125 0.22291666666666668 0.6859375 0.22291666666666668 0.6859375 0.3729166666666667 0.728125 0.3729166666666667 0.728125 0.22291666666666668
0 0.7421875 0.6208333333333333 0.6609375 0.6208333333333333 0.6609375 0.89375 0.7421875 0.89375 0.7421875 0.6208333333333333
0 0.7921875 0.5833333333333334 0.728125 0.5833333333333334 0.728125 0.7979166666666667 0.7921875 0.7979166666666667 0.7921875 0.5833333333333334
0 0.8703125 0.5729166666666666 0.8078125 0.5729166666666666 0.8078125 0.79375 0.8703125 0.79375 0.8703125 0.5729166666666666
0 0.96875 0.5875 0.9046875 0.5875 0.9046875 0.825 0.96875 0.825 0.96875 0.5875
0 0.953125 0.675 0.8875 0.675 0.8875 0.9458333333333333 0.953125 0.9458333333333333 0.953125 0.675
0 0.8734375 0.6770833333333334 0.790625 0.6770833333333334 0.790625 0.9458333333333333 0.8734375 0.9458333333333333 0.8734375 0.6770833333333334
0 0.7796875 0.7 0.721875 0.7 0.721875 0.9979166666666667 0.7796875 0.9979166666666667 0.7796875 0.7
0 0.3140625 0.7770833333333333 0.2546875 0.7770833333333333 0.2546875 0.9979166666666667 0.3140625 0.9979166666666667 0.3140625 0.7770833333333333