0 0.4546875 0.19375 0.4078125 0.19375 0.4078125 0.29791666666666666 0.4546875 0.29791666666666666 0.4546875 0.19375
0 0.3203125 0.08125 0.290625 0.08125 0.290625 0.15625 0.3203125 0.15625 0.3203125 0.08125
0 0.3578125 0.07916666666666666 0.328125 0.07916666666666666 0.328125 0.15416666666666667 0.3578125 0.15416666666666667 0.3578125 0.07916666666666666
0 0.2953125 0.0875 0.278125 0.0875 0.278125 0.15 0.2953125 0.15 0.2953125 0.0875
0 0.28125 0.08125 0.2625 0.08125 0.2625 0.15 0.28125 0.15 0.28125 0.08125
0 0.225 0.07083333333333333 0.2015625 0.07083333333333333 0.2015625 0.14791666666666667 0.225 0.14791666666666667 0.225 0.07083333333333333
0 0.2671875 0.058333333333333334 0.2453125 0.058333333333333334 0.2453125 0.14375 0.2671875 0.14375 0.2671875 0.058333333333333334
0 0.2453125 0.06458333333333334 0.2234375 0.06458333333333334 0.2234375 0.1375 0.2453125 0.1375 0.2453125 0.06458333333333334
0 0.759375 0.10625 0.734375 0.10625 0.734375 0.19791666666666666 0.759375 0.19791666666666666 0.759375 0.10625
0 0.746875 0.10833333333333334 0.7125 0.10833333333333334 0.7125 0.21875 0.746875 0.21875 0.746875 0.10833333333333334
0 0.8421875 0.21666666666666667 0.8078125 0.21666666666666667 0.8078125 0.36666666666666664 0.8421875 0.36666666666666664 0.8421875 0.21666666666666667
0 0.7984375 0.22708333333333333 0.7625 0.22708333333333333 0.7625 0.38333333333333336 0.7984375 0.38333333333333336 0.7984375 0.22708333333333333
2 0.7015625 0.17083333333333334 0.6609375 0.17083333333333334 0.6609375 0.3104166666666667 0.7015625 0.3104166666666667 0.7015625 0.17083333333333334
2 0.596875 0.45208333333333334 0.5234375 0.45208333333333334 0.5234375 0.5520833333333334 0.596875 0.5520833333333334 0.596875 0.45208333333333334
0 0.484375 0.5270833333333333 0.4234375 0.5270833333333333 0.4234375 0.7041666666666667 0.484375 0.7041666666666667 0.484375 0.5270833333333333
0 0.5484375 0.5270833333333333 0.4921875 0.5270833333333333 0.4921875 0.6958333333333333 0.5484375 0.6958333333333333 0.5484375 0.5270833333333333
0 0.2265625 0.27708333333333335 0.178125 0.27708333333333335 0.178125 0.4395833333333333 0.2265625 0.4395833333333333 0.2265625 0.27708333333333335
0 0.275 0.2604166666666667 0.2203125 0.2604166666666667 0.2203125 0.4354166666666667 0.275 0.4354166666666667 0.275 0.2604166666666667
0 0.3296875 0.27708333333333335 0.2828125 0.27708333333333335 0.2828125 0.45208333333333334 0.3296875 0.45208333333333334 0.3296875 0.27708333333333335
0 0.2828125 0.7291666666666666 0.2171875 0.7291666666666666 0.2171875 0.9979166666666667 0.2828125 0.9979166666666667 0.2828125 0.7291666666666666
0 0.3375 0.75 0.2703125 0.75 0.2703125 0.9979166666666667 0.3375 0.9979166666666667 0.3375 0.75
0 0.4140625 0.825 0.3015625 0.825 0.3015625 0.9979166666666667 0.4140625 0.9979166666666667 0.4140625 0.825
2 0.903125 0.5666666666666667 0.840625 0.5666666666666667 0.840625 0.8104166666666667 0.903125 0.8104166666666667 0.903125 0.5666666666666667
2 0.8390625 0.5729166666666666 0.7828125 0.5729166666666666 0.7828125 0.81875 0.8390625 0.81875 0.8390625 0.5729166666666666
0 0.94375 0.8270833333333333 0.846875 0.8270833333333333 0.846875 0.9979166666666667 0.94375 0.9979166666666667 0.94375 0.8270833333333333
0 0.8484375 0.84375 0.775 0.84375 0.775 0.9979166666666667 0.8484375 0.9979166666666667 0.8484375 0.84375
0 0.746875 0.7270833333333333 0.68125 0.7270833333333333 0.68125 0.9979166666666667 0.746875 0.9979166666666667 0.746875 0.7270833333333333