2 0.5984375 0.45416666666666666 0.5296875 0.45416666666666666 0.5296875 0.5541666666666667 0.5984375 0.5541666666666667 0.5984375 0.45416666666666666
0 0.2046875 0.05416666666666667 0.18125 0.05416666666666667 0.18125 0.14583333333333334 0.2046875 0.14583333333333334 0.2046875 0.05416666666666667
0 0.2375 0.058333333333333334 0.2109375 0.058333333333333334 0.2109375 0.13958333333333334 0.2375 0.13958333333333334 0.2375 0.058333333333333334
0 0.29375 0.0875 0.2765625 0.0875 0.2765625 0.15833333333333333 0.29375 0.15833333333333333 0.29375 0.0875
0 0.2796875 0.08541666666666667 0.2640625 0.08541666666666667 0.2640625 0.16041666666666668 0.2796875 0.16041666666666668 0.2796875 0.08541666666666667
0 0.3515625 0.08333333333333333 0.3265625 0.08333333333333333 0.3265625 0.15416666666666667 0.3515625 0.15416666666666667 0.3515625 0.08333333333333333
0 0.4546875 0.18125 0.4203125 0.18125 0.4203125 0.3145833333333333 0.4546875 0.3145833333333333 0.4546875 0.18125
0 0.075 0.6270833333333333 0.003125 0.6270833333333333 0.003125 0.8666666666666667 0.075 0.8666666666666667 0.075 0.6270833333333333
0 0.2359375 0.7270833333333333 0.171875 0.7270833333333333 0.171875 0.9979166666666667 0.2359375 0.9979166666666667 0.2359375 0.7270833333333333
0 0.5953125 0.66875 0.515625 0.66875 0.515625 0.9666666666666667 0.5953125 0.9666666666666667 0.5953125 0.66875
0 0.6796875 0.6833333333333333 0.5953125 0.6833333333333333 0.5953125 0.9604166666666667 0.6796875 0.9604166666666667 0.6796875 0.6833333333333333
0 0.80625 0.30416666666666664 0.759375 0.30416666666666664 0.759375 0.51875 0.80625 0.51875 0.80625 0.30416666666666664
0 0.7625 0.32708333333333334 0.7109375 0.32708333333333334 0.7109375 0.5125 0.7625 0.5125 0.7625 0.32708333333333334
0 0.690625 0.3375 0.6390625 0.3375 0.6390625 0.5375 0.690625 0.5375 0.690625 0.3375
2 0.2515625 0.24375 0.2125 0.24375 0.2125 0.38958333333333334 0.2515625 0.38958333333333334 0.2515625 0.24375
2 0.2859375 0.24583333333333332 0.246875 0.24583333333333332 0.246875 0.39375 0.2859375 0.39375 0.2859375 0.24583333333333332