0 0.2171875 0.06666666666666667 0.190625 0.06666666666666667 0.190625 0.16875 0.2171875 0.16875 0.2171875 0.06666666666666667
0 0.4328125 0.48541666666666666 0.371875 0.48541666666666666 0.371875 0.5583333333333333 0.4328125 0.5583333333333333 0.4328125 0.48541666666666666
0 0.309375 0.7166666666666667 0.2359375 0.7166666666666667 0.2359375 0.975 0.309375 0.975 0.309375 0.7166666666666667
0 0.334375 0.7479166666666667 0.259375 0.7479166666666667 0.259375 0.9979166666666667 0.334375 0.9979166666666667 0.334375 0.7479166666666667
0 0.396875 0.7770833333333333 0.3328125 0.7770833333333333 0.3328125 0.9895833333333334 0.396875 0.9895833333333334 0.396875 0.7770833333333333
0 0.0546875 0.7020833333333333 0.003125 0.7020833333333333 0.003125 0.9770833333333333 0.0546875 0.9770833333333333 0.0546875 0.7020833333333333
0 0.1015625 0.69375 0.0375 0.69375 0.0375 0.94375 0.1015625 0.94375 0.1015625 0.69375
0 0.1453125 0.6541666666666667 0.0796875 0.6541666666666667 0.0796875 0.9708333333333333 0.1453125 0.9708333333333333 0.1453125 0.6541666666666667
0 0.3234375 0.07708333333333334 0.29375 0.07708333333333334 0.29375 0.1625 0.3234375 0.1625 0.3234375 0.07708333333333334
0 0.2875 0.08541666666666667 0.2546875 0.08541666666666667 0.2546875 0.15208333333333332 0.2875 0.15208333333333332 0.2875 0.08541666666666667
0 0.4125 0.19583333333333333 0.375 0.19583333333333333 0.375 0.3625 0.4125 0.3625 0.4125 0.19583333333333333
0 0.378125 0.21458333333333332 0.3203125 0.21458333333333332 0.3203125 0.35625 0.378125 0.35625 0.378125 0.21458333333333332
0 0.625 0.4895833333333333 0.575 0.4895833333333333 0.575 0.6604166666666667 0.625 0.6604166666666667 0.625 0.4895833333333333
0 0.6875 0.6666666666666666 0.61875 0.6666666666666666 0.61875 0.98125 0.6875 0.98125 0.6875 0.6666666666666666
0 0.725 0.6979166666666666 0.6765625 0.6979166666666666 0.6765625 0.975 0.725 0.975 0.725 0.6979166666666666
0 0.7734375 0.7270833333333333 0.71875 0.7270833333333333 0.71875 0.9875 0.7734375 0.9875 0.7734375 0.7270833333333333
0 0.9984375 0.7020833333333333 0.9125 0.7020833333333333 0.9125 0.9979166666666667 0.9984375 0.9979166666666667 0.9984375 0.7020833333333333
2 0.7859375 0.43125 0.7171875 0.43125 0.7171875 0.6729166666666667 0.7859375 0.6729166666666667 0.7859375 0.43125
2 0.5609375 0.85625 0.471875 0.85625 0.471875 0.9979166666666667 0.5609375 0.9979166666666667 0.5609375 0.85625
2 0.575 0.7979166666666667 0.5046875 0.7979166666666667 0.5046875 0.9895833333333334 0.575 0.9895833333333334 0.575 0.7979166666666667
2 0.54375 0.5083333333333333 0.4796875 0.5083333333333333 0.4796875 0.6833333333333333 0.54375 0.6833333333333333 0.54375 0.5083333333333333
2 0.9390625 0.3770833333333333 0.86875 0.3770833333333333 0.86875 0.6395833333333333 0.9390625 0.6395833333333333 0.9390625 0.3770833333333333
2 0.9234375 0.44375 0.88125 0.44375 0.88125 0.6604166666666667 0.9234375 0.6604166666666667 0.9234375 0.44375