0 0.4078125 0.47708333333333336 0.3671875 0.47708333333333336 0.3671875 0.5479166666666667 0.4078125 0.5479166666666667 0.4078125 0.47708333333333336
0 0.4359375 0.5041666666666667 0.3828125 0.5041666666666667 0.3828125 0.5854166666666667 0.4359375 0.5854166666666667 0.4359375 0.5041666666666667
2 0.64375 0.4583333333333333 0.540625 0.4583333333333333 0.540625 0.6479166666666667 0.64375 0.6479166666666667 0.64375 0.4583333333333333
2 0.65625 0.4895833333333333 0.5109375 0.4895833333333333 0.5109375 0.6666666666666666 0.65625 0.6666666666666666 0.65625 0.4895833333333333
2 0.546875 0.5104166666666666 0.4765625 0.5104166666666666 0.4765625 0.7125 0.546875 0.7125 0.546875 0.5104166666666666
0 0.290625 0.0875 0.2546875 0.0875 0.2546875 0.1375 0.290625 0.1375 0.290625 0.0875
0 0.209375 0.06041666666666667 0.1828125 0.06041666666666667 0.1828125 0.16041666666666668 0.209375 0.16041666666666668 0.209375 0.06041666666666667
0 0.2359375 0.04375 0.203125 0.04375 0.203125 0.15625 0.2359375 0.15625 0.2359375 0.04375
0 0.34375 0.13541666666666666 0.3046875 0.13541666666666666 0.3046875 0.26875 0.34375 0.26875 0.34375 0.13541666666666666
0 0.3171875 0.14166666666666666 0.28125 0.14166666666666666 0.28125 0.27708333333333335 0.3171875 0.27708333333333335 0.3171875 0.14166666666666666
0 0.271875 0.14375 0.2375 0.14375 0.2375 0.2604166666666667 0.271875 0.2604166666666667 0.271875 0.14375
0 0.3015625 0.20208333333333334 0.25625 0.20208333333333334 0.25625 0.325 0.3015625 0.325 0.3015625 0.20208333333333334
0 0.375 0.18958333333333333 0.3421875 0.18958333333333333 0.3421875 0.36666666666666664 0.375 0.36666666666666664 0.375 0.18958333333333333
0 0.3671875 0.19583333333333333 0.3203125 0.19583333333333333 0.3203125 0.3770833333333333 0.3671875 0.3770833333333333 0.3671875 0.19583333333333333
0 0.4109375 0.2 0.3625 0.2 0.3625 0.36875 0.4109375 0.36875 0.4109375 0.2
0 0.209375 0.21666666666666667 0.153125 0.21666666666666667 0.153125 0.3541666666666667 0.209375 0.3541666666666667 0.209375 0.21666666666666667
0 0.265625 0.23333333333333334 0.2109375 0.23333333333333334 0.2109375 0.4041666666666667 0.265625 0.4041666666666667 0.265625 0.23333333333333334
0 0.2328125 0.325 0.178125 0.325 0.178125 0.4875 0.2328125 0.4875 0.2328125 0.325
0 0.2 0.39791666666666664 0.146875 0.39791666666666664 0.146875 0.6020833333333333 0.2 0.6020833333333333 0.2 0.39791666666666664
0 0.2234375 0.4583333333333333 0.1703125 0.4583333333333333 0.1703125 0.6416666666666667 0.2234375 0.6416666666666667 0.2234375 0.4583333333333333
0 0.271875 0.45416666666666666 0.228125 0.45416666666666666 0.228125 0.6291666666666667 0.271875 0.6291666666666667 0.271875 0.45416666666666666
0 0.328125 0.375 0.2765625 0.375 0.2765625 0.5625 0.328125 0.5625 0.328125 0.375
0 0.4546875 0.7520833333333333 0.390625 0.7520833333333333 0.390625 0.9541666666666667 0.4546875 0.9541666666666667 0.4546875 0.7520833333333333
0 0.4390625 0.7770833333333333 0.35625 0.7770833333333333 0.35625 0.9979166666666667 0.4390625 0.9979166666666667 0.4390625 0.7770833333333333
0 0.34375 0.7354166666666667 0.296875 0.7354166666666667 0.296875 0.9979166666666667 0.34375 0.9979166666666667 0.34375 0.7354166666666667
0 0.296875 0.7333333333333333 0.225 0.7333333333333333 0.225 0.9979166666666667 0.296875 0.9979166666666667 0.296875 0.7333333333333333
0 0.665625 0.1375 0.63125 0.1375 0.63125 0.25416666666666665 0.665625 0.25416666666666665 0.665625 0.1375
0 0.6890625 0.14375 0.6640625 0.14375 0.6640625 0.25416666666666665 0.6890625 0.25416666666666665 0.6890625 0.14375
0 0.7453125 0.19166666666666668 0.7125 0.19166666666666668 0.7125 0.29791666666666666 0.7453125 0.29791666666666666 0.7453125 0.19166666666666668
0 0.853125 0.24166666666666667 0.79375 0.24166666666666667 0.79375 0.39375 0.853125 0.39375 0.853125 0.24166666666666667
0 0.85625 0.3020833333333333 0.80625 0.3020833333333333 0.80625 0.4666666666666667 0.85625 0.4666666666666667 0.85625 0.3020833333333333