0 0.228125 0.05625 0.203125 0.05625 0.203125 0.15625 0.228125 0.15625 0.228125 0.05625
0 0.2546875 0.0625 0.23125 0.0625 0.23125 0.15 0.2546875 0.15 0.2546875 0.0625
0 0.2796875 0.0875 0.2640625 0.0875 0.2640625 0.15 0.2796875 0.15 0.2796875 0.0875
0 0.296875 0.09166666666666666 0.275 0.09166666666666666 0.275 0.15208333333333332 0.296875 0.15208333333333332 0.296875 0.09166666666666666
0 0.3515625 0.08333333333333333 0.325 0.08333333333333333 0.325 0.15833333333333333 0.3515625 0.15833333333333333 0.3515625 0.08333333333333333
2 0.278125 0.3416666666666667 0.225 0.3416666666666667 0.225 0.53125 0.278125 0.53125 0.278125 0.3416666666666667
2 0.596875 0.45625 0.53125 0.45625 0.53125 0.5541666666666667 0.596875 0.5541666666666667 0.596875 0.45625
0 0.315625 0.24166666666666667 0.2796875 0.24166666666666667 0.2796875 0.375 0.315625 0.375 0.315625 0.24166666666666667
0 0.2734375 0.24166666666666667 0.2375 0.24166666666666667 0.2375 0.39791666666666664 0.2734375 0.39791666666666664 0.2734375 0.24166666666666667
0 0.2390625 0.25 0.2046875 0.25 0.2046875 0.38958333333333334 0.2390625 0.38958333333333334 0.2390625 0.25
0 0.3921875 0.2916666666666667 0.3359375 0.2916666666666667 0.3359375 0.4895833333333333 0.3921875 0.4895833333333333 0.3921875 0.2916666666666667
0 0.4328125 0.3 0.3921875 0.3 0.3921875 0.49375 0.4328125 0.49375 0.4328125 0.3
0 0.7265625 0.14583333333333334 0.6984375 0.14583333333333334 0.6984375 0.26875 0.7265625 0.26875 0.7265625 0.14583333333333334
0 0.23125 0.7395833333333334 0.1640625 0.7395833333333334 0.1640625 0.9979166666666667 0.23125 0.9979166666666667 0.23125 0.7395833333333334
0 0.1453125 0.3625 0.1046875 0.3625 0.1046875 0.5479166666666667 0.1453125 0.5479166666666667 0.1453125 0.3625