1 0.2734375 0.13541666666666666 0.2515625 0.13541666666666666 0.2515625 0.18958333333333333 0.2734375 0.18958333333333333 0.2734375 0.13541666666666666
0 0.29375 0.075 0.265625 0.075 0.265625 0.13333333333333333 0.29375 0.13333333333333333 0.29375 0.075
0 0.34375 0.08541666666666667 0.3046875 0.08541666666666667 0.3046875 0.15625 0.34375 0.15625 0.34375 0.08541666666666667
0 0.2546875 0.08125 0.2328125 0.08125 0.2328125 0.20208333333333334 0.2546875 0.20208333333333334 0.2546875 0.08125
0 0.5984375 0.2 0.56875 0.2 0.56875 0.3458333333333333 0.5984375 0.3458333333333333 0.5984375 0.2
0 0.6203125 0.18958333333333333 0.590625 0.18958333333333333 0.590625 0.3416666666666667 0.6203125 0.3416666666666667 0.6203125 0.18958333333333333
0 0.6421875 0.16875 0.603125 0.16875 0.603125 0.33125 0.6421875 0.33125 0.6421875 0.16875
0 0.68125 0.175 0.6484375 0.175 0.6484375 0.3125 0.68125 0.3125 0.68125 0.175
0 0.4265625 0.20416666666666666 0.3796875 0.20416666666666666 0.3796875 0.3458333333333333 0.4265625 0.3458333333333333 0.4265625 0.20416666666666666
0 0.3375 0.17291666666666666 0.3109375 0.17291666666666666 0.3109375 0.29375 0.3375 0.29375 0.3375 0.17291666666666666
0 0.3046875 0.17083333333333334 0.2734375 0.17083333333333334 0.2734375 0.29583333333333334 0.3046875 0.29583333333333334 0.3046875 0.17083333333333334
0 0.4953125 0.6645833333333333 0.428125 0.6645833333333333 0.428125 0.91875 0.4953125 0.91875 0.4953125 0.6645833333333333
0 0.4984375 0.7375 0.4234375 0.7375 0.4234375 0.9979166666666667 0.4984375 0.9979166666666667 0.4984375 0.7375
0 0.709375 0.48125 0.646875 0.48125 0.646875 0.7208333333333333 0.709375 0.7208333333333333 0.709375 0.48125
0 0.7765625 0.44583333333333336 0.703125 0.44583333333333336 0.703125 0.7020833333333333 0.7765625 0.7020833333333333 0.7765625 0.44583333333333336
0 0.834375 0.4270833333333333 0.7796875 0.4270833333333333 0.7796875 0.6770833333333334 0.834375 0.6770833333333334 0.834375 0.4270833333333333
0 0.884375 0.45625 0.8375 0.45625 0.8375 0.70625 0.884375 0.70625 0.884375 0.45625
2 0.8171875 0.18958333333333333 0.7796875 0.18958333333333333 0.7796875 0.33958333333333335 0.8171875 0.33958333333333335 0.8171875 0.18958333333333333
2 0.7984375 0.20416666666666666 0.7671875 0.20416666666666666 0.7671875 0.35 0.7984375 0.35 0.7984375 0.20416666666666666
2 0.63125 0.48125 0.55 0.48125 0.55 0.6354166666666666 0.63125 0.6354166666666666 0.63125 0.48125
2 0.64375 0.5020833333333333 0.5359375 0.5020833333333333 0.5359375 0.6833333333333333 0.64375 0.6833333333333333 0.64375 0.5020833333333333
2 0.5546875 0.5166666666666667 0.4734375 0.5166666666666667 0.4734375 0.7083333333333334 0.5546875 0.7083333333333334 0.5546875 0.5166666666666667