2 0.64375 0.475 0.546875 0.475 0.546875 0.6354166666666666 0.64375 0.6354166666666666 0.64375 0.475
2 0.6546875 0.49375 0.5296875 0.49375 0.5296875 0.6708333333333333 0.6546875 0.6708333333333333 0.6546875 0.49375
2 0.546875 0.5166666666666667 0.4765625 0.5166666666666667 0.4765625 0.70625 0.546875 0.70625 0.546875 0.5166666666666667
2 0.203125 0.4083333333333333 0.115625 0.4083333333333333 0.115625 0.64375 0.203125 0.64375 0.203125 0.4083333333333333
2 0.096875 0.43125 0.03125 0.43125 0.03125 0.6375 0.096875 0.6375 0.096875 0.43125
0 0.2390625 0.058333333333333334 0.21875 0.058333333333333334 0.21875 0.14791666666666667 0.2390625 0.14791666666666667 0.2390625 0.058333333333333334
0 0.3296875 0.10625 0.2921875 0.10625 0.2921875 0.2125 0.3296875 0.2125 0.3296875 0.10625
0 0.228125 0.14166666666666666 0.1875 0.14166666666666666 0.1875 0.2791666666666667 0.228125 0.2791666666666667 0.228125 0.14166666666666666
0 0.2125 0.26458333333333334 0.175 0.26458333333333334 0.175 0.4166666666666667 0.2125 0.4166666666666667 0.2125 0.26458333333333334
0 0.278125 0.24791666666666667 0.234375 0.24791666666666667 0.234375 0.4166666666666667 0.278125 0.4166666666666667 0.278125 0.24791666666666667
0 0.340625 0.2875 0.29375 0.2875 0.29375 0.4708333333333333 0.340625 0.4708333333333333 0.340625 0.2875
0 0.73125 0.11041666666666666 0.70625 0.11041666666666666 0.70625 0.21875 0.73125 0.21875 0.73125 0.11041666666666666
0 0.5109375 0.6625 0.4375 0.6625 0.4375 0.9145833333333333 0.5109375 0.9145833333333333 0.5109375 0.6625
0 0.49375 0.6833333333333333 0.4375 0.6833333333333333 0.4375 0.9583333333333334 0.49375 0.9583333333333334 0.49375 0.6833333333333333
0 0.7546875 0.8583333333333333 0.671875 0.8583333333333333 0.671875 0.9979166666666667 0.7546875 0.9979166666666667 0.7546875 0.8583333333333333
0 0.846875 0.8541666666666666 0.7625 0.8541666666666666 0.7625 0.9979166666666667 0.846875 0.9979166666666667 0.846875 0.8541666666666666
0 0.9453125 0.6458333333333334 0.8703125 0.6458333333333334 0.8703125 0.9333333333333333 0.9453125 0.9333333333333333 0.9453125 0.6458333333333334