1 0.703125 0.31666666666666665 0.675 0.31666666666666665 0.675 0.41041666666666665 0.703125 0.41041666666666665 0.703125 0.31666666666666665
1 0.771875 0.3875 0.7375 0.3875 0.7375 0.475 0.771875 0.475 0.771875 0.3875
1 0.865625 0.8583333333333333 0.8 0.8583333333333333 0.8 0.9979166666666667 0.865625 0.9979166666666667 0.865625 0.8583333333333333
2 0.65 0.46041666666666664 0.546875 0.46041666666666664 0.546875 0.6291666666666667 0.65 0.6291666666666667 0.65 0.46041666666666664
2 0.675 0.5020833333333333 0.5296875 0.5020833333333333 0.5296875 0.6916666666666667 0.675 0.6916666666666667 0.675 0.5020833333333333
2 0.5359375 0.5104166666666666 0.48125 0.5104166666666666 0.48125 0.6979166666666666 0.5359375 0.6979166666666666 0.5359375 0.5104166666666666
0 0.246875 0.041666666666666664 0.209375 0.041666666666666664 0.209375 0.15833333333333333 0.246875 0.15833333333333333 0.246875 0.041666666666666664
0 0.2078125 0.05416666666666667 0.16875 0.05416666666666667 0.16875 0.17083333333333334 0.2078125 0.17083333333333334 0.2078125 0.05416666666666667
0 0.2875 0.1375 0.2453125 0.1375 0.2453125 0.28958333333333336 0.2875 0.28958333333333336 0.2875 0.1375
0 0.2546875 0.17708333333333334 0.2078125 0.17708333333333334 0.2078125 0.30416666666666664 0.2546875 0.30416666666666664 0.2546875 0.17708333333333334
0 0.24375 0.28125 0.1875 0.28125 0.1875 0.4354166666666667 0.24375 0.4354166666666667 0.24375 0.28125
0 0.2671875 0.25 0.2265625 0.25 0.2265625 0.4270833333333333 0.2671875 0.4270833333333333 0.2671875 0.25
0 0.3109375 0.2604166666666667 0.2578125 0.2604166666666667 0.2578125 0.41875 0.3109375 0.41875 0.3109375 0.2604166666666667
0 0.3515625 0.25 0.3046875 0.25 0.3046875 0.40625 0.3515625 0.40625 0.3515625 0.25
0 0.3890625 0.24375 0.3359375 0.24375 0.3359375 0.3541666666666667 0.3890625 0.3541666666666667 0.3890625 0.24375
0 0.41875 0.25 0.38125 0.25 0.38125 0.375 0.41875 0.375 0.41875 0.25
0 0.459375 0.30833333333333335 0.396875 0.30833333333333335 0.396875 0.46458333333333335 0.459375 0.46458333333333335 0.459375 0.30833333333333335
0 0.384375 0.31666666666666665 0.353125 0.31666666666666665 0.353125 0.4708333333333333 0.384375 0.4708333333333333 0.384375 0.31666666666666665
0 0.3203125 0.41041666666666665 0.25625 0.41041666666666665 0.25625 0.5979166666666667 0.3203125 0.5979166666666667 0.3203125 0.41041666666666665
0 0.2234375 0.4 0.18125 0.4 0.18125 0.5833333333333334 0.2234375 0.5833333333333334 0.2234375 0.4
0 0.16875 0.4041666666666667 0.1203125 0.4041666666666667 0.1203125 0.6354166666666666 0.16875 0.6354166666666666 0.16875 0.4041666666666667
0 0.1078125 0.38125 0.0484375 0.38125 0.0484375 0.63125 0.1078125 0.63125 0.1078125 0.38125
0 0.1015625 0.6520833333333333 0.03125 0.6520833333333333 0.03125 0.94375 0.1015625 0.94375 0.1015625 0.6520833333333333
0 0.303125 0.7333333333333333 0.2203125 0.7333333333333333 0.2203125 0.9979166666666667 0.303125 0.9979166666666667 0.303125 0.7333333333333333
0 0.3609375 0.7291666666666666 0.2859375 0.7291666666666666 0.2859375 0.9916666666666667 0.3609375 0.9916666666666667 0.3609375 0.7291666666666666
0 0.46875 0.7375 0.371875 0.7375 0.371875 0.9895833333333334 0.46875 0.9895833333333334 0.46875 0.7375
0 0.428125 0.79375 0.3640625 0.79375 0.3640625 0.9895833333333334 0.428125 0.9895833333333334 0.428125 0.79375
0 0.7109375 0.21875 0.6640625 0.21875 0.6640625 0.35 0.7109375 0.35 0.7109375 0.21875
0 0.740625 0.23333333333333334 0.70625 0.23333333333333334 0.70625 0.39375 0.740625 0.39375 0.740625 0.23333333333333334
0 0.7828125 0.28541666666666665 0.7328125 0.28541666666666665 0.7328125 0.4354166666666667 0.7828125 0.4354166666666667 0.7828125 0.28541666666666665
0 0.7984375 0.7625 0.7234375 0.7625 0.7234375 0.9979166666666667 0.7984375 0.9979166666666667 0.7984375 0.7625
0 0.859375 0.24166666666666667 0.8234375 0.24166666666666667 0.8234375 0.38125 0.859375 0.38125 0.859375 0.24166666666666667