2 0.778125 0.15 0.7421875 0.15 0.7421875 0.29583333333333334 0.778125 0.29583333333333334 0.778125 0.15
2 0.74375 0.14791666666666667 0.7078125 0.14791666666666667 0.7078125 0.28125 0.74375 0.28125 0.74375 0.14791666666666667
2 0.68125 0.15833333333333333 0.6484375 0.15833333333333333 0.6484375 0.2875 0.68125 0.2875 0.68125 0.15833333333333333
2 0.65 0.15 0.615625 0.15 0.615625 0.28541666666666665 0.65 0.28541666666666665 0.65 0.15
2 0.465625 0.49375 0.4203125 0.49375 0.4203125 0.6958333333333333 0.465625 0.6958333333333333 0.465625 0.49375
0 0.1984375 0.1 0.175 0.1 0.175 0.20208333333333334 0.1984375 0.20208333333333334 0.1984375 0.1
2 0.6578125 0.47291666666666665 0.546875 0.47291666666666665 0.546875 0.6458333333333334 0.6578125 0.6458333333333334 0.6578125 0.47291666666666665
2 0.6265625 0.50625 0.53125 0.50625 0.53125 0.66875 0.6265625 0.66875 0.6265625 0.50625
0 0.2875 0.11041666666666666 0.2578125 0.11041666666666666 0.2578125 0.22916666666666666 0.2875 0.22916666666666666 0.2875 0.11041666666666666
2 0.540625 0.5166666666666667 0.4734375 0.5166666666666667 0.4734375 0.7 0.540625 0.7 0.540625 0.5166666666666667
0 0.3234375 0.12083333333333333 0.2953125 0.12083333333333333 0.2953125 0.22083333333333333 0.3234375 0.22083333333333333 0.3234375 0.12083333333333333
0 0.6671875 0.058333333333333334 0.6328125 0.058333333333333334 0.6328125 0.1375 0.6671875 0.1375 0.6671875 0.058333333333333334
0 0.734375 0.08541666666666667 0.7046875 0.08541666666666667 0.7046875 0.19375 0.734375 0.19375 0.734375 0.08541666666666667
0 0.8125 0.17916666666666667 0.76875 0.17916666666666667 0.76875 0.32916666666666666 0.8125 0.32916666666666666 0.8125 0.17916666666666667
0 0.8484375 0.18958333333333333 0.8140625 0.18958333333333333 0.8140625 0.32916666666666666 0.8484375 0.32916666666666666 0.8484375 0.18958333333333333
0 0.765625 0.27291666666666664 0.721875 0.27291666666666664 0.721875 0.46458333333333335 0.765625 0.46458333333333335 0.765625 0.27291666666666664
0 0.3703125 0.4875 0.30625 0.4875 0.30625 0.5625 0.3703125 0.5625 0.3703125 0.4875
0 0.40625 0.3229166666666667 0.3484375 0.3229166666666667 0.3484375 0.5041666666666667 0.40625 0.5041666666666667 0.40625 0.3229166666666667
0 0.334375 0.3416666666666667 0.2875 0.3416666666666667 0.2875 0.5041666666666667 0.334375 0.5041666666666667 0.334375 0.3416666666666667
0 0.2765625 0.32083333333333336 0.225 0.32083333333333336 0.225 0.5166666666666667 0.2765625 0.5166666666666667 0.2765625 0.32083333333333336
0 0.175 0.59375 0.1140625 0.59375 0.1140625 0.8479166666666667 0.175 0.8479166666666667 0.175 0.59375
0 0.2890625 0.7479166666666667 0.2125 0.7479166666666667 0.2125 0.99375 0.2890625 0.99375 0.2890625 0.7479166666666667
0 0.8671875 0.7791666666666667 0.8125 0.7791666666666667 0.8125 0.9916666666666667 0.8671875 0.9916666666666667 0.8671875 0.7791666666666667
0 0.8390625 0.8 0.7828125 0.8 0.7828125 0.9979166666666667 0.8390625 0.9979166666666667 0.8390625 0.8
0 0.715625 0.45208333333333334 0.6515625 0.45208333333333334 0.6515625 0.66875 0.715625 0.66875 0.715625 0.45208333333333334