2 0.778125 0.17916666666666667 0.7484375 0.17916666666666667 0.7484375 0.3125 0.778125 0.3125 0.778125 0.17916666666666667
2 0.759375 0.18333333333333332 0.7234375 0.18333333333333332 0.7234375 0.3145833333333333 0.759375 0.3145833333333333 0.759375 0.18333333333333332
2 0.6421875 0.4666666666666667 0.5484375 0.4666666666666667 0.5484375 0.6375 0.6421875 0.6375 0.6421875 0.4666666666666667
2 0.6625 0.4979166666666667 0.5328125 0.4979166666666667 0.5328125 0.6791666666666667 0.6625 0.6791666666666667 0.6625 0.4979166666666667
2 0.5484375 0.5083333333333333 0.4765625 0.5083333333333333 0.4765625 0.7 0.5484375 0.7 0.5484375 0.5083333333333333
0 0.2703125 0.11041666666666666 0.240625 0.11041666666666666 0.240625 0.20625 0.2703125 0.20625 0.2703125 0.11041666666666666
0 0.2453125 0.1 0.21875 0.1 0.21875 0.20208333333333334 0.2453125 0.20208333333333334 0.2453125 0.1
0 0.790625 0.28541666666666665 0.746875 0.28541666666666665 0.746875 0.45625 0.790625 0.45625 0.790625 0.28541666666666665
0 0.815625 0.275 0.7703125 0.275 0.7703125 0.45 0.815625 0.45 0.815625 0.275
0 0.865625 0.28125 0.828125 0.28125 0.828125 0.45 0.865625 0.45 0.865625 0.28125
0 0.9046875 0.26666666666666666 0.8625 0.26666666666666666 0.8625 0.45416666666666666 0.9046875 0.45416666666666666 0.9046875 0.26666666666666666
0 0.7453125 0.26875 0.7078125 0.26875 0.7078125 0.45 0.7453125 0.45 0.7453125 0.26875
0 0.7234375 0.2520833333333333 0.6875 0.2520833333333333 0.6875 0.44583333333333336 0.7234375 0.44583333333333336 0.7234375 0.2520833333333333
0 0.678125 0.2520833333333333 0.63125 0.2520833333333333 0.63125 0.44375 0.678125 0.44375 0.678125 0.2520833333333333
0 0.6390625 0.275 0.59375 0.275 0.59375 0.4583333333333333 0.6390625 0.4583333333333333 0.6390625 0.275
0 0.503125 0.6604166666666667 0.4375 0.6604166666666667 0.4375 0.8979166666666667 0.503125 0.8979166666666667 0.503125 0.6604166666666667
0 0.2140625 0.15416666666666667 0.175 0.15416666666666667 0.175 0.275 0.2140625 0.275 0.2140625 0.15416666666666667
0 0.49375 0.7166666666666667 0.428125 0.7166666666666667 0.428125 0.9979166666666667 0.49375 0.9979166666666667 0.49375 0.7166666666666667