2 0.5953125 0.45208333333333334 0.5484375 0.45208333333333334 0.5484375 0.5583333333333333 0.5953125 0.5583333333333333 0.5953125 0.45208333333333334
0 0.353125 0.08333333333333333 0.3265625 0.08333333333333333 0.3265625 0.15 0.353125 0.15 0.353125 0.08333333333333333
0 0.29375 0.0875 0.271875 0.0875 0.271875 0.15625 0.29375 0.15625 0.29375 0.0875
0 0.2796875 0.08333333333333333 0.2609375 0.08333333333333333 0.2609375 0.14791666666666667 0.2796875 0.14791666666666667 0.2796875 0.08333333333333333
0 0.246875 0.06666666666666667 0.2171875 0.06666666666666667 0.2171875 0.15625 0.246875 0.15625 0.246875 0.06666666666666667
0 0.2140625 0.0625 0.1921875 0.0625 0.1921875 0.15833333333333333 0.2140625 0.15833333333333333 0.2140625 0.0625
0 0.2125 0.125 0.178125 0.125 0.178125 0.24375 0.2125 0.24375 0.2125 0.125
0 0.365625 0.1375 0.334375 0.1375 0.334375 0.25416666666666665 0.365625 0.25416666666666665 0.365625 0.1375
0 0.33125 0.12916666666666668 0.2984375 0.12916666666666668 0.2984375 0.25 0.33125 0.25 0.33125 0.12916666666666668
0 0.3015625 0.2 0.2609375 0.2 0.2609375 0.35 0.3015625 0.35 0.3015625 0.2
0 0.2703125 0.21041666666666667 0.2265625 0.21041666666666667 0.2265625 0.3541666666666667 0.2703125 0.3541666666666667 0.2703125 0.21041666666666667
0 0.2203125 0.37916666666666665 0.1828125 0.37916666666666665 0.1828125 0.56875 0.2203125 0.56875 0.2203125 0.37916666666666665
0 0.18125 0.37083333333333335 0.13125 0.37083333333333335 0.13125 0.5604166666666667 0.18125 0.5604166666666667 0.18125 0.37083333333333335
0 0.23125 0.4354166666666667 0.16875 0.4354166666666667 0.16875 0.6479166666666667 0.23125 0.6479166666666667 0.23125 0.4354166666666667
0 0.2921875 0.425 0.23125 0.425 0.23125 0.6166666666666667 0.2921875 0.6166666666666667 0.2921875 0.425
0 0.1203125 0.36666666666666664 0.0515625 0.36666666666666664 0.0515625 0.5729166666666666 0.1203125 0.5729166666666666 0.1203125 0.36666666666666664
0 0.096875 0.55 0.0390625 0.55 0.0390625 0.76875 0.096875 0.76875 0.096875 0.55
0 0.190625 0.5333333333333333 0.1359375 0.5333333333333333 0.1359375 0.7520833333333333 0.190625 0.7520833333333333 0.190625 0.5333333333333333
0 0.478125 0.6166666666666667 0.4265625 0.6166666666666667 0.4265625 0.80625 0.478125 0.80625 0.478125 0.6166666666666667
0 0.934375 0.9083333333333333 0.853125 0.9083333333333333 0.853125 0.9979166666666667 0.934375 0.9979166666666667 0.934375 0.9083333333333333
0 0.5 0.7291666666666666 0.4375 0.7291666666666666 0.4375 0.9979166666666667 0.5 0.9979166666666667 0.5 0.7291666666666666
0 0.6671875 0.49375 0.6 0.49375 0.6 0.73125 0.6671875 0.73125 0.6671875 0.49375
0 0.73125 0.50625 0.6734375 0.50625 0.6734375 0.7333333333333333 0.73125 0.7333333333333333 0.73125 0.50625
0 0.8109375 0.5083333333333333 0.753125 0.5083333333333333 0.753125 0.7520833333333333 0.8109375 0.7520833333333333 0.8109375 0.5083333333333333
2 0.853125 0.42083333333333334 0.809375 0.42083333333333334 0.809375 0.6354166666666666 0.853125 0.6354166666666666 0.853125 0.42083333333333334
2 0.925 0.41875 0.865625 0.41875 0.865625 0.6395833333333333 0.925 0.6395833333333333 0.925 0.41875
0 0.678125 0.13958333333333334 0.6453125 0.13958333333333334 0.6453125 0.2604166666666667 0.678125 0.2604166666666667 0.678125 0.13958333333333334