0 0.6015625 0.45625 0.534375 0.45625 0.534375 0.5583333333333333 0.6015625 0.5583333333333333 0.6015625 0.45625
0 0.8234375 0.24791666666666667 0.7796875 0.24791666666666667 0.7796875 0.4270833333333333 0.8234375 0.4270833333333333 0.8234375 0.24791666666666667
0 0.7140625 0.2520833333333333 0.6640625 0.2520833333333333 0.6640625 0.42083333333333334 0.7140625 0.42083333333333334 0.7140625 0.2520833333333333
0 0.6453125 0.26458333333333334 0.6015625 0.26458333333333334 0.6015625 0.44166666666666665 0.6453125 0.44166666666666665 0.6453125 0.26458333333333334
1 0.69375 0.40208333333333335 0.65625 0.40208333333333335 0.65625 0.5 0.69375 0.5 0.69375 0.40208333333333335
0 0.2875 0.08541666666666667 0.265625 0.08541666666666667 0.265625 0.15416666666666667 0.2875 0.15416666666666667 0.2875 0.08541666666666667
0 0.3015625 0.08958333333333333 0.284375 0.08958333333333333 0.284375 0.16041666666666668 0.3015625 0.16041666666666668 0.3015625 0.08958333333333333
0 0.35 0.08333333333333333 0.325 0.08333333333333333 0.325 0.15416666666666667 0.35 0.15416666666666667 0.35 0.08333333333333333
0 0.253125 0.29791666666666666 0.203125 0.29791666666666666 0.203125 0.4666666666666667 0.253125 0.4666666666666667 0.253125 0.29791666666666666
0 0.28125 0.41458333333333336 0.2265625 0.41458333333333336 0.2265625 0.61875 0.28125 0.61875 0.28125 0.41458333333333336
0 0.2265625 0.4041666666666667 0.1671875 0.4041666666666667 0.1671875 0.6166666666666667 0.2265625 0.6166666666666667 0.2265625 0.4041666666666667
0 0.24375 0.6354166666666666 0.175 0.6354166666666666 0.175 0.8666666666666667 0.24375 0.8666666666666667 0.24375 0.6354166666666666
0 0.3234375 0.7416666666666667 0.2609375 0.7416666666666667 0.2609375 0.9979166666666667 0.3234375 0.9979166666666667 0.3234375 0.7416666666666667
0 0.7578125 0.6708333333333333 0.703125 0.6708333333333333 0.703125 0.9625 0.7578125 0.9625 0.7578125 0.6708333333333333
0 0.815625 0.64375 0.75625 0.64375 0.75625 0.9333333333333333 0.815625 0.9333333333333333 0.815625 0.64375
0 0.753125 0.325 0.7046875 0.325 0.7046875 0.5229166666666667 0.753125 0.5229166666666667 0.753125 0.325