0 0.2375 0.03125 0.209375 0.03125 0.209375 0.10625 0.2375 0.10625 0.2375 0.03125
0 0.2171875 0.19583333333333333 0.1796875 0.19583333333333333 0.1796875 0.3416666666666667 0.2171875 0.3416666666666667 0.2171875 0.19583333333333333
0 0.2828125 0.3 0.2296875 0.3 0.2296875 0.4708333333333333 0.2828125 0.4708333333333333 0.2828125 0.3
0 0.225 0.30416666666666664 0.1765625 0.30416666666666664 0.1765625 0.47708333333333336 0.225 0.47708333333333336 0.225 0.30416666666666664
0 0.359375 0.75625 0.296875 0.75625 0.296875 0.9979166666666667 0.359375 0.9979166666666667 0.359375 0.75625
0 0.490625 0.7083333333333334 0.4265625 0.7083333333333334 0.4265625 0.96875 0.490625 0.96875 0.490625 0.7083333333333334
0 0.4796875 0.7229166666666667 0.421875 0.7229166666666667 0.421875 0.9979166666666667 0.4796875 0.9979166666666667 0.4796875 0.7229166666666667
0 0.4796875 0.5166666666666667 0.428125 0.5166666666666667 0.428125 0.6979166666666666 0.4796875 0.6979166666666666 0.4796875 0.5166666666666667
0 0.5515625 0.525 0.5 0.525 0.5 0.6979166666666666 0.5515625 0.6979166666666666 0.5515625 0.525
2 0.590625 0.45416666666666666 0.5296875 0.45416666666666666 0.5296875 0.5604166666666667 0.590625 0.5604166666666667 0.590625 0.45416666666666666
2 0.6125 0.5041666666666667 0.5515625 0.5041666666666667 0.5515625 0.6729166666666667 0.6125 0.6729166666666667 0.6125 0.5041666666666667
2 0.646875 0.47291666666666665 0.56875 0.47291666666666665 0.56875 0.6395833333333333 0.646875 0.6395833333333333 0.646875 0.47291666666666665
2 0.815625 0.16041666666666668 0.7765625 0.16041666666666668 0.7765625 0.29583333333333334 0.815625 0.29583333333333334 0.815625 0.16041666666666668
2 0.778125 0.15208333333333332 0.7390625 0.15208333333333332 0.7390625 0.30416666666666664 0.778125 0.30416666666666664 0.778125 0.15208333333333332
0 0.7203125 0.16041666666666668 0.6875 0.16041666666666668 0.6875 0.29791666666666666 0.7203125 0.29791666666666666 0.7203125 0.16041666666666668
0 0.6859375 0.1625 0.6515625 0.1625 0.6515625 0.29791666666666666 0.6859375 0.29791666666666666 0.6859375 0.1625
0 0.6890625 0.20208333333333334 0.65 0.20208333333333334 0.65 0.35208333333333336 0.6890625 0.35208333333333336 0.6890625 0.20208333333333334
0 0.409375 0.20833333333333334 0.3734375 0.20833333333333334 0.3734375 0.35833333333333334 0.409375 0.35833333333333334 0.409375 0.20833333333333334
0 0.29375 0.08958333333333333 0.275 0.08958333333333333 0.275 0.15625 0.29375 0.15625 0.29375 0.08958333333333333
0 0.278125 0.0875 0.2609375 0.0875 0.2609375 0.15 0.278125 0.15 0.278125 0.0875