0 0.421875 0.4895833333333333 0.3703125 0.4895833333333333 0.3703125 0.55 0.421875 0.55 0.421875 0.4895833333333333
0 0.290625 0.08333333333333333 0.259375 0.08333333333333333 0.259375 0.14791666666666667 0.290625 0.14791666666666667 0.290625 0.08333333333333333
0 0.209375 0.07083333333333333 0.1859375 0.07083333333333333 0.1859375 0.16041666666666668 0.209375 0.16041666666666668 0.209375 0.07083333333333333
0 0.271875 0.175 0.240625 0.175 0.240625 0.29583333333333334 0.271875 0.29583333333333334 0.271875 0.175
0 0.2421875 0.17916666666666667 0.2109375 0.17916666666666667 0.2109375 0.3145833333333333 0.2421875 0.3145833333333333 0.2421875 0.17916666666666667
0 0.2640625 0.2125 0.228125 0.2125 0.228125 0.32708333333333334 0.2640625 0.32708333333333334 0.2640625 0.2125
2 0.3578125 0.11666666666666667 0.3234375 0.11666666666666667 0.3234375 0.2375 0.3578125 0.2375 0.3578125 0.11666666666666667
2 0.31875 0.1375 0.2890625 0.1375 0.2890625 0.23958333333333334 0.31875 0.23958333333333334 0.31875 0.1375
0 0.178125 0.3333333333333333 0.1265625 0.3333333333333333 0.1265625 0.5229166666666667 0.178125 0.5229166666666667 0.178125 0.3333333333333333
0 0.4125 0.27708333333333335 0.3671875 0.27708333333333335 0.3671875 0.475 0.4125 0.475 0.4125 0.27708333333333335
0 0.328125 0.2791666666666667 0.2890625 0.2791666666666667 0.2890625 0.475 0.328125 0.475 0.328125 0.2791666666666667
0 0.678125 0.17916666666666667 0.6453125 0.17916666666666667 0.6453125 0.3104166666666667 0.678125 0.3104166666666667 0.678125 0.17916666666666667
2 0.3140625 0.4083333333333333 0.25 0.4083333333333333 0.25 0.6291666666666667 0.3140625 0.6291666666666667 0.3140625 0.4083333333333333
2 0.2546875 0.4041666666666667 0.196875 0.4041666666666667 0.196875 0.6270833333333333 0.2546875 0.6270833333333333 0.2546875 0.4041666666666667
2 0.5375 0.5145833333333333 0.4796875 0.5145833333333333 0.4796875 0.69375 0.5375 0.69375 0.5375 0.5145833333333333
0 0 0.88125 0.0484375 0.88125 0.0484375 0.6166666666666667 0 0.6166666666666667 0 0.88125
0 0.2640625 0.6083333333333333 0.209375 0.6083333333333333 0.209375 0.86875 0.2640625 0.86875 0.2640625 0.6083333333333333
0 0.65625 0.23541666666666666 0.6109375 0.23541666666666666 0.6109375 0.42083333333333334 0.65625 0.42083333333333334 0.65625 0.23541666666666666
0 0.690625 0.25416666666666665 0.65625 0.25416666666666665 0.65625 0.40208333333333335 0.690625 0.40208333333333335 0.690625 0.25416666666666665
0 0.740625 0.24791666666666667 0.703125 0.24791666666666667 0.703125 0.40625 0.740625 0.40625 0.740625 0.24791666666666667
0 0.7859375 0.23333333333333334 0.7484375 0.23333333333333334 0.7484375 0.40625 0.7859375 0.40625 0.7859375 0.23333333333333334
0 0.8234375 0.24583333333333332 0.784375 0.24583333333333332 0.784375 0.4270833333333333 0.8234375 0.4270833333333333 0.8234375 0.24583333333333332
0 0.8609375 0.26458333333333334 0.821875 0.26458333333333334 0.821875 0.4270833333333333 0.8609375 0.4270833333333333 0.8609375 0.26458333333333334
0 0.7515625 0.4125 0.678125 0.4125 0.678125 0.6416666666666667 0.7515625 0.6416666666666667 0.7515625 0.4125
0 0.9203125 0.4666666666666667 0.8484375 0.4666666666666667 0.8484375 0.7354166666666667 0.9203125 0.7354166666666667 0.9203125 0.4666666666666667