0 0.1125 0.83125 0.046875 0.83125 0.046875 0.9854166666666667 0.1125 0.9854166666666667 0.1125 0.83125
0 0.1984375 0.08958333333333333 0.175 0.08958333333333333 0.175 0.18541666666666667 0.1984375 0.18541666666666667 0.1984375 0.08958333333333333
0 0.2609375 0.06041666666666667 0.2390625 0.06041666666666667 0.2390625 0.13125 0.2609375 0.13125 0.2609375 0.06041666666666667
0 0.290625 0.11666666666666667 0.246875 0.11666666666666667 0.246875 0.25833333333333336 0.290625 0.25833333333333336 0.290625 0.11666666666666667
0 0.2625 0.1375 0.2203125 0.1375 0.2203125 0.275 0.2625 0.275 0.2625 0.1375
0 0.2265625 0.14166666666666666 0.190625 0.14166666666666666 0.190625 0.2625 0.2265625 0.2625 0.2265625 0.14166666666666666
0 0.23125 0.26458333333333334 0.1734375 0.26458333333333334 0.1734375 0.41875 0.23125 0.41875 0.23125 0.26458333333333334
0 0.2875 0.25625 0.225 0.25625 0.225 0.40208333333333335 0.2875 0.40208333333333335 0.2875 0.25625
0 0.3890625 0.16458333333333333 0.35625 0.16458333333333333 0.35625 0.3145833333333333 0.3890625 0.3145833333333333 0.3890625 0.16458333333333333
0 0.3828125 0.23958333333333334 0.321875 0.23958333333333334 0.321875 0.42916666666666664 0.3828125 0.42916666666666664 0.3828125 0.23958333333333334
0 0.48125 0.7395833333333334 0.390625 0.7395833333333334 0.390625 0.9958333333333333 0.48125 0.9958333333333333 0.48125 0.7395833333333334
0 0.39375 0.76875 0.309375 0.76875 0.309375 0.9979166666666667 0.39375 0.9979166666666667 0.39375 0.76875
0 0.9578125 0.9229166666666667 0.89375 0.9229166666666667 0.89375 0.9979166666666667 0.9578125 0.9979166666666667 0.9578125 0.9229166666666667
0 0.8828125 0.8854166666666666 0.80625 0.8854166666666666 0.80625 0.9979166666666667 0.8828125 0.9979166666666667 0.8828125 0.8854166666666666
0 0.7921875 0.17916666666666667 0.7421875 0.17916666666666667 0.7421875 0.31666666666666665 0.7921875 0.31666666666666665 0.7921875 0.17916666666666667
2 0.4765625 0.4979166666666667 0.415625 0.4979166666666667 0.415625 0.6833333333333333 0.4765625 0.6833333333333333 0.4765625 0.4979166666666667
2 0.659375 0.46875 0.5453125 0.46875 0.5453125 0.6458333333333334 0.659375 0.6458333333333334 0.659375 0.46875
2 0.6359375 0.50625 0.5265625 0.50625 0.5265625 0.6729166666666667 0.6359375 0.6729166666666667 0.6359375 0.50625
2 0.5484375 0.51875 0.48125 0.51875 0.48125 0.6895833333333333 0.5484375 0.6895833333333333 0.5484375 0.51875
1 0 0.9979166666666667 0.03125 0.9979166666666667 0.03125 0.8541666666666666 0 0.8541666666666666 0 0.9979166666666667
1 0.3390625 0.24375 0.309375 0.24375 0.309375 0.31666666666666665 0.3390625 0.31666666666666665 0.3390625 0.24375