2 0.225 0.06041666666666667 0.1921875 0.06041666666666667 0.1921875 0.15625 0.225 0.15625 0.225 0.06041666666666667
2 0.625 0.5 0.55 0.5 0.55 0.6791666666666667 0.625 0.6791666666666667 0.625 0.5
2 0.6453125 0.4791666666666667 0.5765625 0.4791666666666667 0.5765625 0.64375 0.6453125 0.64375 0.6453125 0.4791666666666667
0 0.3265625 0.08333333333333333 0.2953125 0.08333333333333333 0.2953125 0.16041666666666668 0.3265625 0.16041666666666668 0.3265625 0.08333333333333333
0 0.190625 0.73125 0.1171875 0.73125 0.1171875 0.9979166666666667 0.190625 0.9979166666666667 0.190625 0.73125
0 0.25 0.73125 0.1796875 0.73125 0.1796875 0.9979166666666667 0.25 0.9979166666666667 0.25 0.73125
0 0.6265625 0.3145833333333333 0.5734375 0.3145833333333333 0.5734375 0.5166666666666667 0.6265625 0.5166666666666667 0.6265625 0.3145833333333333
0 0.6703125 0.2916666666666667 0.6125 0.2916666666666667 0.6125 0.5041666666666667 0.6703125 0.5041666666666667 0.6703125 0.2916666666666667
0 0.48125 0.5166666666666667 0.428125 0.5166666666666667 0.428125 0.7 0.48125 0.7 0.48125 0.5166666666666667
0 0.5515625 0.5333333333333333 0.48125 0.5333333333333333 0.48125 0.6979166666666666 0.5515625 0.6979166666666666 0.5515625 0.5333333333333333
0 0.7234375 0.49375 0.6640625 0.49375 0.6640625 0.7333333333333333 0.7234375 0.7333333333333333 0.7234375 0.49375
0 0.7890625 0.4895833333333333 0.728125 0.4895833333333333 0.728125 0.725 0.7890625 0.725 0.7890625 0.4895833333333333
0 0.8234375 0.3 0.7734375 0.3 0.7734375 0.48541666666666666 0.8234375 0.48541666666666666 0.8234375 0.3
0 0.8390625 0.33541666666666664 0.7875 0.33541666666666664 0.7875 0.5229166666666667 0.8390625 0.5229166666666667 0.8390625 0.33541666666666664