0 0.6125 0.041666666666666664 0.5921875 0.041666666666666664 0.5921875 0.125 0.6125 0.125 0.6125 0.041666666666666664
0 0.4046875 0.42083333333333334 0.353125 0.42083333333333334 0.353125 0.5854166666666667 0.4046875 0.5854166666666667 0.4046875 0.42083333333333334
0 0.328125 0.44166666666666665 0.271875 0.44166666666666665 0.271875 0.6083333333333333 0.328125 0.6083333333333333 0.328125 0.44166666666666665
2 0.2953125 0.5270833333333333 0.2390625 0.5270833333333333 0.2390625 0.7291666666666666 0.2953125 0.7291666666666666 0.2953125 0.5270833333333333
2 0.8328125 0.19375 0.784375 0.19375 0.784375 0.3333333333333333 0.8328125 0.3333333333333333 0.8328125 0.19375
2 0.790625 0.20625 0.7375 0.20625 0.7375 0.3416666666666667 0.790625 0.3416666666666667 0.790625 0.20625
1 0.6375 0.13333333333333333 0.6171875 0.13333333333333333 0.6171875 0.175 0.6375 0.175 0.6375 0.13333333333333333
1 0.784375 0.5041666666666667 0.7453125 0.5041666666666667 0.7453125 0.6416666666666667 0.784375 0.6416666666666667 0.784375 0.5041666666666667
0 0.6046875 0.07916666666666666 0.571875 0.07916666666666666 0.571875 0.16458333333333333 0.6046875 0.16458333333333333 0.6046875 0.07916666666666666
0 0.284375 0.08333333333333333 0.2640625 0.08333333333333333 0.2640625 0.15416666666666667 0.284375 0.15416666666666667 0.284375 0.08333333333333333
0 0.296875 0.029166666666666667 0.271875 0.029166666666666667 0.271875 0.09791666666666667 0.296875 0.09791666666666667 0.296875 0.029166666666666667
0 0.16875 0.1625 0.14375 0.1625 0.14375 0.3020833333333333 0.16875 0.3020833333333333 0.16875 0.1625
0 0.2640625 0.12083333333333333 0.2421875 0.12083333333333333 0.2421875 0.225 0.2640625 0.225 0.2640625 0.12083333333333333
0 0.2328125 0.10625 0.20625 0.10625 0.20625 0.23333333333333334 0.2328125 0.23333333333333334 0.2328125 0.10625
0 0.2140625 0.12083333333333333 0.178125 0.12083333333333333 0.178125 0.23333333333333334 0.2140625 0.23333333333333334 0.2140625 0.12083333333333333
0 0.3828125 0.17708333333333334 0.35 0.17708333333333334 0.35 0.3104166666666667 0.3828125 0.3104166666666667 0.3828125 0.17708333333333334
0 0.3484375 0.17916666666666667 0.315625 0.17916666666666667 0.315625 0.31875 0.3484375 0.31875 0.3484375 0.17916666666666667
0 0.6328125 0.075 0.6140625 0.075 0.6140625 0.17708333333333334 0.6328125 0.17708333333333334 0.6328125 0.075
0 0.7265625 0.175 0.6890625 0.175 0.6890625 0.30416666666666664 0.7265625 0.30416666666666664 0.7265625 0.175
0 0.8984375 0.27291666666666664 0.86875 0.27291666666666664 0.86875 0.43125 0.8984375 0.43125 0.8984375 0.27291666666666664
0 0.90625 0.2604166666666667 0.878125 0.2604166666666667 0.878125 0.4375 0.90625 0.4375 0.90625 0.2604166666666667
0 0.8734375 0.39166666666666666 0.8234375 0.39166666666666666 0.8234375 0.5875 0.8734375 0.5875 0.8734375 0.39166666666666666
0 0.8203125 0.40208333333333335 0.775 0.40208333333333335 0.775 0.59375 0.8203125 0.59375 0.8203125 0.40208333333333335
0 0.278125 0.3458333333333333 0.2265625 0.3458333333333333 0.2265625 0.5354166666666667 0.278125 0.5354166666666667 0.278125 0.3458333333333333
0 0.3 0.33541666666666664 0.2671875 0.33541666666666664 0.2671875 0.50625 0.3 0.50625 0.3 0.33541666666666664
0 0.3328125 0.3333333333333333 0.2890625 0.3333333333333333 0.2890625 0.5104166666666666 0.3328125 0.5104166666666666 0.3328125 0.3333333333333333
0 0.3953125 0.32083333333333336 0.34375 0.32083333333333336 0.34375 0.50625 0.3953125 0.50625 0.3953125 0.32083333333333336
0 0.2390625 0.24166666666666667 0.19375 0.24166666666666667 0.19375 0.38333333333333336 0.2390625 0.38333333333333336 0.2390625 0.24166666666666667
0 0.1703125 0.4666666666666667 0.1125 0.4666666666666667 0.1125 0.68125 0.1703125 0.68125 0.1703125 0.4666666666666667
0 0.115625 0.4666666666666667 0.065625 0.4666666666666667 0.065625 0.68125 0.115625 0.68125 0.115625 0.4666666666666667
0 0 0.9375 0.0265625 0.9375 0.0265625 0.6895833333333333 0 0.6895833333333333 0 0.9375
0 0 0.775 0.0515625 0.775 0.0515625 0.5729166666666666 0 0.5729166666666666 0 0.775
0 0.13125 0.5104166666666666 0.0734375 0.5104166666666666 0.0734375 0.7395833333333334 0.13125 0.7395833333333334 0.13125 0.5104166666666666
0 0.1953125 0.5166666666666667 0.13125 0.5166666666666667 0.13125 0.73125 0.1953125 0.73125 0.1953125 0.5166666666666667
0 0.4984375 0.7166666666666667 0.4328125 0.7166666666666667 0.4328125 0.9979166666666667 0.4984375 0.9979166666666667 0.4984375 0.7166666666666667
0 0.74375 0.4083333333333333 0.6828125 0.4083333333333333 0.6828125 0.6333333333333333 0.74375 0.6333333333333333 0.74375 0.4083333333333333
0 0.6671875 0.45208333333333334 0.6125 0.45208333333333334 0.6125 0.6708333333333333 0.6671875 0.6708333333333333 0.6671875 0.45208333333333334