2 0.7671875 0.12083333333333333 0.74375 0.12083333333333333 0.74375 0.23958333333333334 0.7671875 0.23958333333333334 0.7671875 0.12083333333333333
0 0.221875 0.052083333333333336 0.190625 0.052083333333333336 0.190625 0.15416666666666667 0.221875 0.15416666666666667 0.221875 0.052083333333333336
0 0.7515625 0.16666666666666666 0.715625 0.16666666666666666 0.715625 0.3104166666666667 0.7515625 0.3104166666666667 0.7515625 0.16666666666666666
0 0.7109375 0.15416666666666667 0.6796875 0.15416666666666667 0.6796875 0.3125 0.7109375 0.3125 0.7109375 0.15416666666666667
0 0.675 0.15833333333333333 0.64375 0.15833333333333333 0.64375 0.3104166666666667 0.675 0.3104166666666667 0.675 0.15833333333333333
0 0.6453125 0.16875 0.6078125 0.16875 0.6078125 0.3104166666666667 0.6453125 0.3104166666666667 0.6453125 0.16875
0 0.271875 0.24583333333333332 0.225 0.24583333333333332 0.225 0.41875 0.271875 0.41875 0.271875 0.24583333333333332
0 0.5078125 0.6125 0.4328125 0.6125 0.4328125 0.8729166666666667 0.5078125 0.8729166666666667 0.5078125 0.6125
0 0.2234375 0.76875 0.1390625 0.76875 0.1390625 0.9979166666666667 0.2234375 0.9979166666666667 0.2234375 0.76875
0 0.89375 0.44583333333333336 0.8453125 0.44583333333333336 0.8453125 0.6770833333333334 0.89375 0.6770833333333334 0.89375 0.44583333333333336
0 0.9296875 0.4708333333333333 0.8734375 0.4708333333333333 0.8734375 0.6895833333333333 0.9296875 0.6895833333333333 0.9296875 0.4708333333333333
0 0.7953125 0.49375 0.728125 0.49375 0.728125 0.7395833333333334 0.7953125 0.7395833333333334 0.7953125 0.49375
0 0.73125 0.49375 0.671875 0.49375 0.671875 0.73125 0.73125 0.73125 0.73125 0.49375
2 0.74375 0.11666666666666667 0.7046875 0.11666666666666667 0.7046875 0.22708333333333333 0.74375 0.22708333333333333 0.74375 0.11666666666666667
2 0.6359375 0.48125 0.5515625 0.48125 0.5515625 0.6125 0.6359375 0.6125 0.6359375 0.48125
2 0.653125 0.50625 0.5328125 0.50625 0.5328125 0.6791666666666667 0.653125 0.6791666666666667 0.653125 0.50625
2 0.5484375 0.5145833333333333 0.4765625 0.5145833333333333 0.4765625 0.7104166666666667 0.5484375 0.7104166666666667 0.5484375 0.5145833333333333