0 0.4515625 0.20208333333333334 0.4078125 0.20208333333333334 0.4078125 0.3020833333333333 0.4515625 0.3020833333333333 0.4515625 0.20208333333333334
0 0.1921875 0.07291666666666667 0.171875 0.07291666666666667 0.171875 0.15208333333333332 0.1921875 0.15208333333333332 0.1921875 0.07291666666666667
0 0.221875 0.06875 0.196875 0.06875 0.196875 0.15 0.221875 0.15 0.221875 0.06875
0 0.303125 0.08125 0.2671875 0.08125 0.2671875 0.17916666666666667 0.303125 0.17916666666666667 0.303125 0.08125
2 0.353125 0.18541666666666667 0.3140625 0.18541666666666667 0.3140625 0.3125 0.353125 0.3125 0.353125 0.18541666666666667
0 0.30625 0.18541666666666667 0.265625 0.18541666666666667 0.265625 0.30625 0.30625 0.30625 0.30625 0.18541666666666667
0 0.25625 0.3 0.2078125 0.3 0.2078125 0.47291666666666665 0.25625 0.47291666666666665 0.25625 0.3
0 0.2109375 0.4354166666666667 0.1640625 0.4354166666666667 0.1640625 0.6229166666666667 0.2109375 0.6229166666666667 0.2109375 0.4354166666666667
0 0.240625 0.5416666666666666 0.1671875 0.5416666666666666 0.1671875 0.76875 0.240625 0.76875 0.240625 0.5416666666666666
0 0.1109375 0.41875 0.0578125 0.41875 0.0578125 0.6375 0.1109375 0.6375 0.1109375 0.41875
0 0.13125 0.47291666666666665 0.06875 0.47291666666666665 0.06875 0.71875 0.13125 0.71875 0.13125 0.47291666666666665
0 0.184375 0.49375 0.128125 0.49375 0.128125 0.7208333333333333 0.184375 0.7208333333333333 0.184375 0.49375
0 0.0921875 0.4625 0.0359375 0.4625 0.0359375 0.6708333333333333 0.0921875 0.6708333333333333 0.0921875 0.4625
0 0.296875 0.7270833333333333 0.23125 0.7270833333333333 0.23125 0.9979166666666667 0.296875 0.9979166666666667 0.296875 0.7270833333333333
0 0.35625 0.7625 0.275 0.7625 0.275 0.9979166666666667 0.35625 0.9979166666666667 0.35625 0.7625
0 0.4828125 0.7145833333333333 0.4078125 0.7145833333333333 0.4078125 0.9979166666666667 0.4828125 0.9979166666666667 0.4828125 0.7145833333333333
0 0.5875 0.5791666666666667 0.5109375 0.5791666666666667 0.5109375 0.8541666666666666 0.5875 0.8541666666666666 0.5875 0.5791666666666667
0 0.4875 0.5125 0.428125 0.5125 0.428125 0.6979166666666666 0.4875 0.6979166666666666 0.4875 0.5125
0 0.5515625 0.5270833333333333 0.5 0.5270833333333333 0.5 0.6854166666666667 0.5515625 0.6854166666666667 0.5515625 0.5270833333333333
2 0.59375 0.45208333333333334 0.528125 0.45208333333333334 0.528125 0.5645833333333333 0.59375 0.5645833333333333 0.59375 0.45208333333333334
2 0.615625 0.4708333333333333 0.553125 0.4708333333333333 0.553125 0.5916666666666667 0.615625 0.5916666666666667 0.615625 0.4708333333333333
2 0.671875 0.5125 0.6 0.5125 0.6 0.73125 0.671875 0.73125 0.671875 0.5125
0 0.9078125 0.42291666666666666 0.8578125 0.42291666666666666 0.8578125 0.6270833333333333 0.9078125 0.6270833333333333 0.9078125 0.42291666666666666
0 0.8609375 0.4 0.7875 0.4 0.7875 0.6375 0.8609375 0.6375 0.8609375 0.4