1 0.6078125 0.28958333333333336 0.5671875 0.28958333333333336 0.5671875 0.40625 0.6078125 0.40625 0.6078125 0.28958333333333336
0 0.203125 0.07083333333333333 0.16875 0.07083333333333333 0.16875 0.17916666666666667 0.203125 0.17916666666666667 0.203125 0.07083333333333333
0 0.2640625 0.03125 0.2375 0.03125 0.2375 0.10416666666666667 0.2640625 0.10416666666666667 0.2640625 0.03125
0 0.2375 0.058333333333333334 0.215625 0.058333333333333334 0.215625 0.16041666666666668 0.2375 0.16041666666666668 0.2375 0.058333333333333334
0 0.2953125 0.12291666666666666 0.2578125 0.12291666666666666 0.2578125 0.23958333333333334 0.2953125 0.23958333333333334 0.2953125 0.12291666666666666
0 0.2640625 0.12916666666666668 0.228125 0.12916666666666668 0.228125 0.23333333333333334 0.2640625 0.23333333333333334 0.2640625 0.12916666666666668
0 0.484375 0.7354166666666667 0.3953125 0.7354166666666667 0.3953125 0.98125 0.484375 0.98125 0.484375 0.7354166666666667
0 0.45 0.7854166666666667 0.35 0.7854166666666667 0.35 0.9979166666666667 0.45 0.9979166666666667 0.45 0.7854166666666667
0 0.3671875 0.7479166666666667 0.303125 0.7479166666666667 0.303125 0.9979166666666667 0.3671875 0.9979166666666667 0.3671875 0.7479166666666667
0 0.2609375 0.6916666666666667 0.203125 0.6916666666666667 0.203125 0.9645833333333333 0.2609375 0.9645833333333333 0.2609375 0.6916666666666667
2 0.234375 0.42083333333333334 0.1734375 0.42083333333333334 0.1734375 0.6416666666666667 0.234375 0.6416666666666667 0.234375 0.42083333333333334
2 0.1921875 0.42291666666666666 0.1265625 0.42291666666666666 0.1265625 0.6229166666666667 0.1921875 0.6229166666666667 0.1921875 0.42291666666666666
0 0.321875 0.325 0.2640625 0.325 0.2640625 0.525 0.321875 0.525 0.321875 0.325
0 0.275 0.28541666666666665 0.225 0.28541666666666665 0.225 0.45 0.275 0.45 0.275 0.28541666666666665
0 0.234375 0.2708333333333333 0.1875 0.2708333333333333 0.1875 0.4270833333333333 0.234375 0.4270833333333333 0.234375 0.2708333333333333
0 0.290625 0.4395833333333333 0.215625 0.4395833333333333 0.215625 0.6520833333333333 0.290625 0.6520833333333333 0.290625 0.4395833333333333
0 0.3125 0.4875 0.25 0.4875 0.25 0.6395833333333333 0.3125 0.6395833333333333 0.3125 0.4875
0 0.3703125 0.33541666666666664 0.3046875 0.33541666666666664 0.3046875 0.5166666666666667 0.3703125 0.5166666666666667 0.3703125 0.33541666666666664
0 0.3109375 0.17708333333333334 0.28125 0.17708333333333334 0.28125 0.3229166666666667 0.3109375 0.3229166666666667 0.3109375 0.17708333333333334
0 0.3578125 0.16041666666666668 0.3203125 0.16041666666666668 0.3203125 0.32083333333333336 0.3578125 0.32083333333333336 0.3578125 0.16041666666666668
0 0.68125 0.07708333333333334 0.6578125 0.07708333333333334 0.6578125 0.16458333333333333 0.68125 0.16458333333333333 0.68125 0.07708333333333334
2 0.6359375 0.46458333333333335 0.55 0.46458333333333335 0.55 0.63125 0.6359375 0.63125 0.6359375 0.46458333333333335
2 0.6546875 0.5020833333333333 0.5296875 0.5020833333333333 0.5296875 0.6875 0.6546875 0.6875 0.6546875 0.5020833333333333
2 0.553125 0.5125 0.4828125 0.5125 0.4828125 0.7041666666666667 0.553125 0.7041666666666667 0.553125 0.5125
2 0.7921875 0.5333333333333333 0.7234375 0.5333333333333333 0.7234375 0.7583333333333333 0.7921875 0.7583333333333333 0.7921875 0.5333333333333333
2 0.775 0.6125 0.6984375 0.6125 0.6984375 0.9083333333333333 0.775 0.9083333333333333 0.775 0.6125
0 0.8328125 0.60625 0.7828125 0.60625 0.7828125 0.8895833333333333 0.8328125 0.8895833333333333 0.8328125 0.60625
0 0.84375 0.5395833333333333 0.7921875 0.5395833333333333 0.7921875 0.7583333333333333 0.84375 0.7583333333333333 0.84375 0.5395833333333333
0 0.921875 0.5041666666666667 0.8609375 0.5041666666666667 0.8609375 0.7333333333333333 0.921875 0.7333333333333333 0.921875 0.5041666666666667
0 0.9625 0.47291666666666665 0.896875 0.47291666666666665 0.896875 0.7395833333333334 0.9625 0.7395833333333334 0.9625 0.47291666666666665
0 0.7890625 0.19583333333333333 0.7484375 0.19583333333333333 0.7484375 0.34791666666666665 0.7890625 0.34791666666666665 0.7890625 0.19583333333333333
1 0.7515625 0.25625 0.7234375 0.25625 0.7234375 0.36041666666666666 0.7515625 0.36041666666666666 0.7515625 0.25625