2 0.63125 0.48125 0.575 0.48125 0.575 0.64375 0.63125 0.64375 0.63125 0.48125
0 0.3890625 0.0625 0.3578125 0.0625 0.3578125 0.15625 0.3890625 0.15625 0.3890625 0.0625
0 0.225 0.06458333333333334 0.196875 0.06458333333333334 0.196875 0.14375 0.225 0.14375 0.225 0.06458333333333334
0 0.2046875 0.07083333333333333 0.18125 0.07083333333333333 0.18125 0.14583333333333334 0.2046875 0.14583333333333334 0.2046875 0.07083333333333333
0 0.6 0.5229166666666667 0.509375 0.5229166666666667 0.509375 0.73125 0.6 0.73125 0.6 0.5229166666666667
0 0.546875 0.525 0.496875 0.525 0.496875 0.6916666666666667 0.546875 0.6916666666666667 0.546875 0.525
0 0.48125 0.50625 0.4328125 0.50625 0.4328125 0.7020833333333333 0.48125 0.7020833333333333 0.48125 0.50625
0 0.321875 0.09166666666666666 0.296875 0.09166666666666666 0.296875 0.15833333333333333 0.321875 0.15833333333333333 0.321875 0.09166666666666666
0 0.21875 0.14375 0.18125 0.14375 0.18125 0.24791666666666667 0.21875 0.24791666666666667 0.21875 0.14375
0 0.36875 0.2520833333333333 0.321875 0.2520833333333333 0.321875 0.4125 0.36875 0.4125 0.36875 0.2520833333333333
0 0.309375 0.25 0.2703125 0.25 0.2703125 0.4125 0.309375 0.4125 0.309375 0.25
0 0.203125 0.38958333333333334 0.1390625 0.38958333333333334 0.1390625 0.6020833333333333 0.203125 0.6020833333333333 0.203125 0.38958333333333334
0 0.11875 0.40208333333333335 0.0671875 0.40208333333333335 0.0671875 0.6104166666666667 0.11875 0.6104166666666667 0.11875 0.40208333333333335
0 0.2515625 0.78125 0.1375 0.78125 0.1375 0.9979166666666667 0.2515625 0.9979166666666667 0.2515625 0.78125
0 0.715625 0.09583333333333334 0.6828125 0.09583333333333334 0.6828125 0.21041666666666667 0.715625 0.21041666666666667 0.715625 0.09583333333333334
0 0.7296875 0.10833333333333334 0.6984375 0.10833333333333334 0.6984375 0.21666666666666667 0.7296875 0.21666666666666667 0.7296875 0.10833333333333334