0 0.2734375 0.07291666666666667 0.2421875 0.07291666666666667 0.2421875 0.16041666666666668 0.2734375 0.16041666666666668 0.2734375 0.07291666666666667
0 0.2484375 0.06458333333333334 0.2171875 0.06458333333333334 0.2171875 0.1625 0.2484375 0.1625 0.2484375 0.06458333333333334
0 0.35 0.07916666666666666 0.3265625 0.07916666666666666 0.3265625 0.16041666666666668 0.35 0.16041666666666668 0.35 0.07916666666666666
0 0.3375 0.12083333333333333 0.303125 0.12083333333333333 0.303125 0.23333333333333334 0.3375 0.23333333333333334 0.3375 0.12083333333333333
0 0.309375 0.10416666666666667 0.2703125 0.10416666666666667 0.2703125 0.22916666666666666 0.309375 0.22916666666666666 0.309375 0.10416666666666667
0 0.2515625 0.18958333333333333 0.2171875 0.18958333333333333 0.2171875 0.3416666666666667 0.2515625 0.3416666666666667 0.2515625 0.18958333333333333
0 0.2328125 0.19791666666666666 0.1921875 0.19791666666666666 0.1921875 0.3458333333333333 0.2328125 0.3458333333333333 0.2328125 0.19791666666666666
0 0.115625 0.4125 0.0625 0.4125 0.0625 0.6416666666666667 0.115625 0.6416666666666667 0.115625 0.4125
0 0.059375 0.41458333333333336 0.0015625 0.41458333333333336 0.0015625 0.675 0.059375 0.675 0.059375 0.41458333333333336
0 0.109375 0.46458333333333335 0.053125 0.46458333333333335 0.053125 0.68125 0.109375 0.68125 0.109375 0.46458333333333335
0 0.184375 0.46458333333333335 0.1171875 0.46458333333333335 0.1171875 0.6770833333333334 0.184375 0.6770833333333334 0.184375 0.46458333333333335
0 0.2484375 0.46041666666666664 0.19375 0.46041666666666664 0.19375 0.675 0.2484375 0.675 0.2484375 0.46041666666666664
0 0.315625 0.49375 0.271875 0.49375 0.271875 0.6625 0.315625 0.6625 0.315625 0.49375
0 0.33125 0.36666666666666664 0.28125 0.36666666666666664 0.28125 0.5416666666666666 0.33125 0.5416666666666666 0.33125 0.36666666666666664
0 0.6703125 0.15625 0.6359375 0.15625 0.6359375 0.2833333333333333 0.6703125 0.2833333333333333 0.6703125 0.15625
2 0.9421875 0.49375 0.8796875 0.49375 0.8796875 0.725 0.9421875 0.725 0.9421875 0.49375
2 0.871875 0.49375 0.8140625 0.49375 0.8140625 0.7208333333333333 0.871875 0.7208333333333333 0.871875 0.49375
0 0.803125 0.43333333333333335 0.7515625 0.43333333333333335 0.7515625 0.6541666666666667 0.803125 0.6541666666666667 0.803125 0.43333333333333335
0 0.7375 0.43125 0.6828125 0.43125 0.6828125 0.6479166666666667 0.7375 0.6479166666666667 0.7375 0.43125
0 0.684375 0.42083333333333334 0.6234375 0.42083333333333334 0.6234375 0.6541666666666667 0.684375 0.6541666666666667 0.684375 0.42083333333333334
0 0.5265625 0.7645833333333333 0.4515625 0.7645833333333333 0.4515625 0.9979166666666667 0.5265625 0.9979166666666667 0.5265625 0.7645833333333333