0 0.228125 0.027083333333333334 0.203125 0.027083333333333334 0.203125 0.10833333333333334 0.228125 0.10833333333333334 0.228125 0.027083333333333334
0 0.253125 0.029166666666666667 0.228125 0.029166666666666667 0.228125 0.10208333333333333 0.253125 0.10208333333333333 0.253125 0.029166666666666667
0 0.2828125 0.0875 0.2640625 0.0875 0.2640625 0.14791666666666667 0.2828125 0.14791666666666667 0.2828125 0.0875
0 0.2984375 0.0875 0.278125 0.0875 0.278125 0.15208333333333332 0.2984375 0.15208333333333332 0.2984375 0.0875
0 0.3484375 0.08125 0.325 0.08125 0.325 0.15416666666666667 0.3484375 0.15416666666666667 0.3484375 0.08125
0 0.28125 0.15416666666666667 0.2515625 0.15416666666666667 0.2515625 0.25833333333333336 0.28125 0.25833333333333336 0.28125 0.15416666666666667
0 0.2734375 0.17708333333333334 0.2390625 0.17708333333333334 0.2390625 0.29791666666666666 0.2734375 0.29791666666666666 0.2734375 0.17708333333333334
0 0.234375 0.20416666666666666 0.190625 0.20416666666666666 0.190625 0.33541666666666664 0.234375 0.33541666666666664 0.234375 0.20416666666666666
0 0.321875 0.16666666666666666 0.2875 0.16666666666666666 0.2875 0.2916666666666667 0.321875 0.2916666666666667 0.321875 0.16666666666666666
2 0.328125 0.32708333333333334 0.2875 0.32708333333333334 0.2875 0.46875 0.328125 0.46875 0.328125 0.32708333333333334
2 0.5984375 0.45208333333333334 0.5328125 0.45208333333333334 0.5328125 0.5541666666666667 0.5984375 0.5541666666666667 0.5984375 0.45208333333333334
2 0.2859375 0.31875 0.2390625 0.31875 0.2390625 0.49166666666666664 0.2859375 0.49166666666666664 0.2859375 0.31875
0 0.328125 0.4270833333333333 0.278125 0.4270833333333333 0.278125 0.59375 0.328125 0.59375 0.328125 0.4270833333333333
0 0.625 0.20208333333333334 0.5859375 0.20208333333333334 0.5859375 0.35 0.625 0.35 0.625 0.20208333333333334
0 0.70625 0.11875 0.6765625 0.11875 0.6765625 0.23125 0.70625 0.23125 0.70625 0.11875
0 0.83125 0.18125 0.7953125 0.18125 0.7953125 0.31666666666666665 0.83125 0.31666666666666665 0.83125 0.18125
0 0.7734375 0.18333333333333332 0.7328125 0.18333333333333332 0.7328125 0.3145833333333333 0.7734375 0.3145833333333333 0.7734375 0.18333333333333332
0 0.3578125 0.7979166666666667 0.2953125 0.7979166666666667 0.2953125 0.9979166666666667 0.3578125 0.9979166666666667 0.3578125 0.7979166666666667
0 0.25625 0.38958333333333334 0.196875 0.38958333333333334 0.196875 0.5854166666666667 0.25625 0.5854166666666667 0.25625 0.38958333333333334
0 0.2015625 0.41041666666666665 0.146875 0.41041666666666665 0.146875 0.6041666666666666 0.2015625 0.6041666666666666 0.2015625 0.41041666666666665
2 0.1171875 0.44375 0.0703125 0.44375 0.0703125 0.6458333333333334 0.1171875 0.6458333333333334 0.1171875 0.44375
2 0.0734375 0.4375 0.03125 0.4375 0.03125 0.63125 0.0734375 0.63125 0.0734375 0.4375