0 0.3265625 0.08958333333333333 0.3015625 0.08958333333333333 0.3015625 0.16458333333333333 0.3265625 0.16458333333333333 0.3265625 0.08958333333333333
0 0.2984375 0.08958333333333333 0.2765625 0.08958333333333333 0.2765625 0.15625 0.2984375 0.15625 0.2984375 0.08958333333333333
0 0.28125 0.0875 0.259375 0.0875 0.259375 0.14791666666666667 0.28125 0.14791666666666667 0.28125 0.0875
2 0.378125 0.18125 0.3484375 0.18125 0.3484375 0.26875 0.378125 0.26875 0.378125 0.18125
0 0.4140625 0.19583333333333333 0.3734375 0.19583333333333333 0.3734375 0.34375 0.4140625 0.34375 0.4140625 0.19583333333333333
0 0.3453125 0.13541666666666666 0.3140625 0.13541666666666666 0.3140625 0.2604166666666667 0.3453125 0.2604166666666667 0.3453125 0.13541666666666666
1 0.30625 0.16458333333333333 0.2765625 0.16458333333333333 0.2765625 0.2875 0.30625 0.2875 0.30625 0.16458333333333333
1 0.284375 0.16458333333333333 0.2609375 0.16458333333333333 0.2609375 0.2875 0.284375 0.2875 0.284375 0.16458333333333333
1 0.2578125 0.16666666666666666 0.225 0.16666666666666666 0.225 0.29375 0.2578125 0.29375 0.2578125 0.16666666666666666
0 0.2328125 0.475 0.184375 0.475 0.184375 0.6770833333333334 0.2328125 0.6770833333333334 0.2328125 0.475
0 0.171875 0.4625 0.1234375 0.4625 0.1234375 0.68125 0.171875 0.68125 0.171875 0.4625
0 0.2578125 0.68125 0.190625 0.68125 0.190625 0.93125 0.2578125 0.93125 0.2578125 0.68125
0 0.321875 0.75 0.2421875 0.75 0.2421875 0.9979166666666667 0.321875 0.9979166666666667 0.321875 0.75
0 0.8546875 0.5041666666666667 0.7859375 0.5041666666666667 0.7859375 0.7520833333333333 0.8546875 0.7520833333333333 0.8546875 0.5041666666666667
0 0.809375 0.6333333333333333 0.7453125 0.6333333333333333 0.7453125 0.9416666666666667 0.809375 0.9416666666666667 0.809375 0.6333333333333333
0 0.734375 0.6875 0.6609375 0.6875 0.6609375 0.9708333333333333 0.734375 0.9708333333333333 0.734375 0.6875
0 0.415625 0.4895833333333333 0.359375 0.4895833333333333 0.359375 0.61875 0.415625 0.61875 0.415625 0.4895833333333333
0 0.421875 0.525 0.353125 0.525 0.353125 0.6541666666666667 0.421875 0.6541666666666667 0.421875 0.525
0 0.4828125 0.51875 0.425 0.51875 0.425 0.7041666666666667 0.4828125 0.7041666666666667 0.4828125 0.51875
0 0.5515625 0.5270833333333333 0.4953125 0.5270833333333333 0.4953125 0.69375 0.5515625 0.69375 0.5515625 0.5270833333333333
2 0.596875 0.4479166666666667 0.5265625 0.4479166666666667 0.5265625 0.575 0.596875 0.575 0.596875 0.4479166666666667
2 0.6125 0.5020833333333333 0.5390625 0.5020833333333333 0.5390625 0.6770833333333334 0.6125 0.6770833333333334 0.6125 0.5020833333333333
2 0.6421875 0.4791666666666667 0.565625 0.4791666666666667 0.565625 0.6375 0.6421875 0.6375 0.6421875 0.4791666666666667
2 0.66875 0.17083333333333334 0.6203125 0.17083333333333334 0.6203125 0.30416666666666664 0.66875 0.30416666666666664 0.66875 0.17083333333333334