0 0.4125 0.48541666666666666 0.3734375 0.48541666666666666 0.3734375 0.5479166666666667 0.4125 0.5479166666666667 0.4125 0.48541666666666666
0 0.4578125 0.19791666666666666 0.4109375 0.19791666666666666 0.4109375 0.28958333333333336 0.4578125 0.28958333333333336 0.4578125 0.19791666666666666
0 0.3625 0.09583333333333334 0.334375 0.09583333333333334 0.334375 0.21875 0.3625 0.21875 0.3625 0.09583333333333334
0 0.3296875 0.10208333333333333 0.30625 0.10208333333333333 0.30625 0.21041666666666667 0.3296875 0.21041666666666667 0.3296875 0.10208333333333333
0 0.30625 0.11875 0.2765625 0.11875 0.2765625 0.22916666666666666 0.30625 0.22916666666666666 0.30625 0.11875
0 0.2765625 0.08333333333333333 0.2484375 0.08333333333333333 0.2484375 0.18125 0.2765625 0.18125 0.2765625 0.08333333333333333
0 0.21875 0.058333333333333334 0.19375 0.058333333333333334 0.19375 0.14791666666666667 0.21875 0.14791666666666667 0.21875 0.058333333333333334
0 0.8375 0.1875 0.8046875 0.1875 0.8046875 0.3145833333333333 0.8375 0.3145833333333333 0.8375 0.1875
0 0.7984375 0.17083333333333334 0.7796875 0.17083333333333334 0.7796875 0.31666666666666665 0.7984375 0.31666666666666665 0.7984375 0.17083333333333334
0 0.7765625 0.16666666666666666 0.7359375 0.16666666666666666 0.7359375 0.31666666666666665 0.7765625 0.31666666666666665 0.7765625 0.16666666666666666
0 0.6484375 0.13125 0.615625 0.13125 0.615625 0.275 0.6484375 0.275 0.6484375 0.13125
0 0.3578125 0.26666666666666666 0.3203125 0.26666666666666666 0.3203125 0.43125 0.3578125 0.43125 0.3578125 0.26666666666666666
0 0.3234375 0.27291666666666664 0.28125 0.27291666666666664 0.28125 0.44375 0.3234375 0.44375 0.3234375 0.27291666666666664
0 0.2734375 0.28541666666666665 0.2359375 0.28541666666666665 0.2359375 0.45416666666666666 0.2734375 0.45416666666666666 0.2734375 0.28541666666666665
0 0.2453125 0.3020833333333333 0.2046875 0.3020833333333333 0.2046875 0.475 0.2453125 0.475 0.2453125 0.3020833333333333
0 0.2046875 0.28958333333333336 0.1640625 0.28958333333333336 0.1640625 0.475 0.2046875 0.475 0.2046875 0.28958333333333336
0 0.1171875 0.6395833333333333 0.0171875 0.6395833333333333 0.0171875 0.9291666666666667 0.1171875 0.9291666666666667 0.1171875 0.6395833333333333
0 0.3390625 0.7645833333333333 0.2625 0.7645833333333333 0.2625 0.9979166666666667 0.3390625 0.9979166666666667 0.3390625 0.7645833333333333
0 0.390625 0.7770833333333333 0.334375 0.7770833333333333 0.334375 0.9979166666666667 0.390625 0.9979166666666667 0.390625 0.7770833333333333
0 0.63125 0.49375 0.575 0.49375 0.575 0.6625 0.63125 0.6625 0.63125 0.49375
2 0.1 0.4354166666666667 0.03125 0.4354166666666667 0.03125 0.64375 0.1 0.64375 0.1 0.4354166666666667
2 0.478125 0.6333333333333333 0.4390625 0.6333333333333333 0.4390625 0.7708333333333334 0.478125 0.7708333333333334 0.478125 0.6333333333333333
2 0.915625 0.3770833333333333 0.86875 0.3770833333333333 0.86875 0.6229166666666667 0.915625 0.6229166666666667 0.915625 0.3770833333333333
2 0.546875 0.5125 0.478125 0.5125 0.478125 0.70625 0.546875 0.70625 0.546875 0.5125