0 0.3296875 0.0875 0.3015625 0.0875 0.3015625 0.16041666666666668 0.3296875 0.16041666666666668 0.3296875 0.0875
0 0.290625 0.08958333333333333 0.2578125 0.08958333333333333 0.2578125 0.15 0.290625 0.15 0.290625 0.08958333333333333
0 0.2390625 0.09375 0.2109375 0.09375 0.2109375 0.14583333333333334 0.2390625 0.14583333333333334 0.2390625 0.09375
0 0.2265625 0.21041666666666667 0.184375 0.21041666666666667 0.184375 0.3333333333333333 0.2265625 0.3333333333333333 0.2265625 0.21041666666666667
2 0.246875 0.18541666666666667 0.2078125 0.18541666666666667 0.2078125 0.3 0.246875 0.3 0.246875 0.18541666666666667
2 0.2984375 0.16666666666666666 0.2546875 0.16666666666666666 0.2546875 0.31666666666666665 0.2984375 0.31666666666666665 0.2984375 0.16666666666666666
2 0.6484375 0.4708333333333333 0.55625 0.4708333333333333 0.55625 0.6458333333333334 0.6484375 0.6458333333333334 0.6484375 0.4708333333333333
2 0.65625 0.5 0.5328125 0.5 0.5328125 0.6833333333333333 0.65625 0.6833333333333333 0.65625 0.5
2 0.553125 0.5083333333333333 0.46875 0.5083333333333333 0.46875 0.70625 0.553125 0.70625 0.553125 0.5083333333333333
2 0.19375 0.31875 0.1390625 0.31875 0.1390625 0.51875 0.19375 0.51875 0.19375 0.31875
2 0.153125 0.3333333333333333 0.1015625 0.3333333333333333 0.1015625 0.51875 0.153125 0.51875 0.153125 0.3333333333333333
0 0.321875 0.20625 0.2828125 0.20625 0.2828125 0.35833333333333334 0.321875 0.35833333333333334 0.321875 0.20625
0 0.378125 0.2604166666666667 0.3140625 0.2604166666666667 0.3140625 0.4041666666666667 0.378125 0.4041666666666667 0.378125 0.2604166666666667
0 0.3109375 0.2875 0.2546875 0.2875 0.2546875 0.47291666666666665 0.3109375 0.47291666666666665 0.3109375 0.2875
0 0.2578125 0.29791666666666666 0.20625 0.29791666666666666 0.20625 0.4666666666666667 0.2578125 0.4666666666666667 0.2578125 0.29791666666666666
2 0.684375 0.17916666666666667 0.640625 0.17916666666666667 0.640625 0.31666666666666665 0.684375 0.31666666666666665 0.684375 0.17916666666666667
0 0.6671875 0.16458333333333333 0.628125 0.16458333333333333 0.628125 0.3020833333333333 0.6671875 0.3020833333333333 0.6671875 0.16458333333333333
0 0.634375 0.17083333333333334 0.596875 0.17083333333333334 0.596875 0.3145833333333333 0.634375 0.3145833333333333 0.634375 0.17083333333333334
0 0.73125 0.17916666666666667 0.6890625 0.17916666666666667 0.6890625 0.3125 0.73125 0.3125 0.73125 0.17916666666666667
0 0.7359375 0.2520833333333333 0.66875 0.2520833333333333 0.66875 0.4395833333333333 0.7359375 0.4395833333333333 0.7359375 0.2520833333333333
0 0.7875 0.225 0.7359375 0.225 0.7359375 0.37083333333333335 0.7875 0.37083333333333335 0.7875 0.225
0 0.7859375 0.2625 0.740625 0.2625 0.740625 0.42916666666666664 0.7859375 0.42916666666666664 0.7859375 0.2625
0 0.8578125 0.15833333333333333 0.8140625 0.15833333333333333 0.8140625 0.3020833333333333 0.8578125 0.3020833333333333 0.8578125 0.15833333333333333
0 0.8125 0.22291666666666668 0.7796875 0.22291666666666668 0.7796875 0.38958333333333334 0.8125 0.38958333333333334 0.8125 0.22291666666666668
0 0.8578125 0.27708333333333335 0.8140625 0.27708333333333335 0.8140625 0.45416666666666666 0.8578125 0.45416666666666666 0.8578125 0.27708333333333335
0 0.89375 0.2520833333333333 0.8484375 0.2520833333333333 0.8484375 0.44583333333333336 0.89375 0.44583333333333336 0.89375 0.2520833333333333
0 0.8109375 0.4791666666666667 0.7359375 0.4791666666666667 0.7359375 0.6645833333333333 0.8109375 0.6645833333333333 0.8109375 0.4791666666666667
0 0.5046875 0.6583333333333333 0.415625 0.6583333333333333 0.415625 0.9270833333333334 0.5046875 0.9270833333333334 0.5046875 0.6583333333333333
0 0.4921875 0.6833333333333333 0.4109375 0.6833333333333333 0.4109375 0.9708333333333333 0.4921875 0.9708333333333333 0.4921875 0.6833333333333333
0 0.9625 0.6020833333333333 0.8796875 0.6020833333333333 0.8796875 0.8791666666666667 0.9625 0.8791666666666667 0.9625 0.6020833333333333
0 0.95 0.7479166666666667 0.8859375 0.7479166666666667 0.8859375 0.9979166666666667 0.95 0.9979166666666667 0.95 0.7479166666666667
0 0.878125 0.775 0.8140625 0.775 0.8140625 0.9979166666666667 0.878125 0.9979166666666667 0.878125 0.775