2 0.4671875 0.63125 0.43125 0.63125 0.43125 0.75625 0.4671875 0.75625 0.4671875 0.63125
0 0.29375 0.08333333333333333 0.2546875 0.08333333333333333 0.2546875 0.15416666666666667 0.29375 0.15416666666666667 0.29375 0.08333333333333333
0 0.3609375 0.12291666666666666 0.328125 0.12291666666666666 0.328125 0.24375 0.3609375 0.24375 0.3609375 0.12291666666666666
0 0.321875 0.12916666666666668 0.2921875 0.12916666666666668 0.2921875 0.24791666666666667 0.321875 0.24791666666666667 0.321875 0.12916666666666668
0 0.425 0.4395833333333333 0.3796875 0.4395833333333333 0.3796875 0.5625 0.425 0.5625 0.425 0.4395833333333333
0 0.6359375 0.475 0.5703125 0.475 0.5703125 0.6645833333333333 0.6359375 0.6645833333333333 0.6359375 0.475
2 0.5375 0.50625 0.478125 0.50625 0.478125 0.6916666666666667 0.5375 0.6916666666666667 0.5375 0.50625
0 0.3078125 0.5 0.2484375 0.5 0.2484375 0.675 0.3078125 0.675 0.3078125 0.5
0 0.259375 0.5020833333333333 0.2 0.5020833333333333 0.2 0.73125 0.259375 0.73125 0.259375 0.5020833333333333
2 0.2421875 0.4708333333333333 0.190625 0.4708333333333333 0.190625 0.6479166666666667 0.2421875 0.6479166666666667 0.2421875 0.4708333333333333
2 0.19375 0.4583333333333333 0.1296875 0.4583333333333333 0.1296875 0.7 0.19375 0.7 0.19375 0.4583333333333333
2 0.1234375 0.4395833333333333 0.053125 0.4395833333333333 0.053125 0.6854166666666667 0.1234375 0.6854166666666667 0.1234375 0.4395833333333333
0 0 0.86875 0.05 0.86875 0.05 0.6166666666666667 0 0.6166666666666667 0 0.86875
0 0.3609375 0.775 0.275 0.775 0.275 0.9979166666666667 0.3609375 0.9979166666666667 0.3609375 0.775
0 0.2203125 0.7729166666666667 0.134375 0.7729166666666667 0.134375 0.9979166666666667 0.2203125 0.9979166666666667 0.2203125 0.7729166666666667
0 0.81875 0.7270833333333333 0.74375 0.7270833333333333 0.74375 0.9979166666666667 0.81875 0.9979166666666667 0.81875 0.7270833333333333