0 0.2953125 0.08333333333333333 0.2796875 0.08333333333333333 0.2796875 0.15625 0.2953125 0.15625 0.2953125 0.08333333333333333
0 0.2828125 0.08125 0.2671875 0.08125 0.2671875 0.1625 0.2828125 0.1625 0.2828125 0.08125
0 0.2015625 0.10416666666666667 0.1734375 0.10416666666666667 0.1734375 0.18958333333333333 0.2015625 0.18958333333333333 0.2015625 0.10416666666666667
0 0.221875 0.1375 0.18125 0.1375 0.18125 0.25 0.221875 0.25 0.221875 0.1375
0 0.2734375 0.1125 0.246875 0.1125 0.246875 0.21666666666666667 0.2734375 0.21666666666666667 0.2734375 0.1125
0 0.303125 0.10625 0.2765625 0.10625 0.2765625 0.19375 0.303125 0.19375 0.303125 0.10625
0 0.35 0.08333333333333333 0.31875 0.08333333333333333 0.31875 0.18541666666666667 0.35 0.18541666666666667 0.35 0.08333333333333333
0 0.6375 0.14166666666666666 0.603125 0.14166666666666666 0.603125 0.26458333333333334 0.6375 0.26458333333333334 0.6375 0.14166666666666666
0 0.903125 0.23125 0.8625 0.23125 0.8625 0.39375 0.903125 0.39375 0.903125 0.23125
0 0.7625 0.26875 0.71875 0.26875 0.71875 0.42916666666666664 0.7625 0.42916666666666664 0.7625 0.26875
0 0.7125 0.26875 0.6578125 0.26875 0.6578125 0.43333333333333335 0.7125 0.43333333333333335 0.7125 0.26875
0 0.2328125 0.28125 0.18125 0.28125 0.18125 0.4708333333333333 0.2328125 0.4708333333333333 0.2328125 0.28125
0 0.1125 0.5979166666666667 0.065625 0.5979166666666667 0.065625 0.8333333333333334 0.1125 0.8333333333333334 0.1125 0.5979166666666667
0 0.5125 0.75625 0.4421875 0.75625 0.4421875 0.9979166666666667 0.5125 0.9979166666666667 0.5125 0.75625
2 0.6 0.45208333333333334 0.53125 0.45208333333333334 0.53125 0.5541666666666667 0.6 0.5541666666666667 0.6 0.45208333333333334