0 0.5984375 0.45625 0.5328125 0.45625 0.5328125 0.5520833333333334 0.5984375 0.5520833333333334 0.5984375 0.45625
0 0.1734375 0.09583333333333334 0.14375 0.09583333333333334 0.14375 0.21666666666666667 0.1734375 0.21666666666666667 0.1734375 0.09583333333333334
0 0.353125 0.08333333333333333 0.3265625 0.08333333333333333 0.3265625 0.15833333333333333 0.353125 0.15833333333333333 0.353125 0.08333333333333333
0 0.3 0.09791666666666667 0.2765625 0.09791666666666667 0.2765625 0.20625 0.3 0.20625 0.3 0.09791666666666667
0 0.284375 0.10416666666666667 0.2578125 0.10416666666666667 0.2578125 0.20833333333333334 0.284375 0.20833333333333334 0.284375 0.10416666666666667
0 0.2265625 0.14791666666666667 0.2015625 0.14791666666666667 0.2015625 0.27708333333333335 0.2265625 0.27708333333333335 0.2265625 0.14791666666666667
0 0.33125 0.16875 0.3015625 0.16875 0.3015625 0.2875 0.33125 0.2875 0.33125 0.16875
0 0.31875 0.25833333333333336 0.28125 0.25833333333333336 0.28125 0.4166666666666667 0.31875 0.4166666666666667 0.31875 0.25833333333333336
0 0.2796875 0.26458333333333334 0.2453125 0.26458333333333334 0.2453125 0.4166666666666667 0.2796875 0.4166666666666667 0.2796875 0.26458333333333334
0 0.1828125 0.3104166666666667 0.1390625 0.3104166666666667 0.1390625 0.4875 0.1828125 0.4875 0.1828125 0.3104166666666667
0 0.225 0.3 0.175 0.3 0.175 0.4875 0.225 0.4875 0.225 0.3
0 0.2703125 0.3416666666666667 0.2265625 0.3416666666666667 0.2265625 0.5208333333333334 0.2703125 0.5208333333333334 0.2703125 0.3416666666666667
0 0.334375 0.8083333333333333 0.2703125 0.8083333333333333 0.2703125 0.9979166666666667 0.334375 0.9979166666666667 0.334375 0.8083333333333333
0 0.346875 0.34375 0.28125 0.34375 0.28125 0.525 0.346875 0.525 0.346875 0.34375
0 0.7984375 0.15833333333333333 0.7609375 0.15833333333333333 0.7609375 0.3 0.7984375 0.3 0.7984375 0.15833333333333333
0 0.8359375 0.175 0.8015625 0.175 0.8015625 0.29791666666666666 0.8359375 0.29791666666666666 0.8359375 0.175
1 0.759375 0.18541666666666667 0.734375 0.18541666666666667 0.734375 0.27708333333333335 0.759375 0.27708333333333335 0.759375 0.18541666666666667
0 0.678125 0.19166666666666668 0.6375 0.19166666666666668 0.6375 0.33958333333333335 0.678125 0.33958333333333335 0.678125 0.19166666666666668
0 0.7390625 0.20416666666666666 0.69375 0.20416666666666666 0.69375 0.33958333333333335 0.7390625 0.33958333333333335 0.7390625 0.20416666666666666
0 0.8359375 0.44166666666666665 0.78125 0.44166666666666665 0.78125 0.6708333333333333 0.8359375 0.6708333333333333 0.8359375 0.44166666666666665