0 0.290625 0.0875 0.2796875 0.0875 0.2796875 0.15208333333333332 0.290625 0.15208333333333332 0.290625 0.0875
0 0.278125 0.08541666666666667 0.2640625 0.08541666666666667 0.2640625 0.16041666666666668 0.278125 0.16041666666666668 0.278125 0.08541666666666667
0 0.190625 0.09375 0.1734375 0.09375 0.1734375 0.18125 0.190625 0.18125 0.190625 0.09375
0 0.428125 0.1625 0.403125 0.1625 0.403125 0.29791666666666666 0.428125 0.29791666666666666 0.428125 0.1625
0 0.609375 0.6458333333333334 0.5359375 0.6458333333333334 0.5359375 0.9416666666666667 0.609375 0.9416666666666667 0.609375 0.6458333333333334
0 0.103125 0.7166666666666667 0.0421875 0.7166666666666667 0.0421875 0.96875 0.103125 0.96875 0.103125 0.7166666666666667
0 0.1625 0.65625 0.1046875 0.65625 0.1046875 0.9020833333333333 0.1625 0.9020833333333333 0.1625 0.65625
0 0.30625 0.17083333333333334 0.278125 0.17083333333333334 0.278125 0.3020833333333333 0.30625 0.3020833333333333 0.30625 0.17083333333333334
0 0.284375 0.19583333333333333 0.25625 0.19583333333333333 0.25625 0.3375 0.284375 0.3375 0.284375 0.19583333333333333
0 0.259375 0.22083333333333333 0.234375 0.22083333333333333 0.234375 0.35208333333333336 0.259375 0.35208333333333336 0.259375 0.22083333333333333
0 0.2828125 0.22708333333333333 0.25 0.22708333333333333 0.25 0.3729166666666667 0.2828125 0.3729166666666667 0.2828125 0.22708333333333333
0 0.31875 0.21458333333333332 0.284375 0.21458333333333332 0.284375 0.37083333333333335 0.31875 0.37083333333333335 0.31875 0.21458333333333332
0 0.353125 0.20416666666666666 0.328125 0.20416666666666666 0.328125 0.3333333333333333 0.353125 0.3333333333333333 0.353125 0.20416666666666666
0 0.35625 0.17083333333333334 0.321875 0.17083333333333334 0.321875 0.29791666666666666 0.35625 0.29791666666666666 0.35625 0.17083333333333334
0 0.23125 0.18541666666666667 0.2015625 0.18541666666666667 0.2015625 0.32708333333333334 0.23125 0.32708333333333334 0.23125 0.18541666666666667
0 0.1765625 0.19166666666666668 0.15 0.19166666666666668 0.15 0.32916666666666666 0.1765625 0.32916666666666666 0.1765625 0.19166666666666668
0 0.2125 0.22916666666666666 0.1734375 0.22916666666666666 0.1734375 0.38125 0.2125 0.38125 0.2125 0.22916666666666666
2 0.2484375 0.5916666666666667 0.190625 0.5916666666666667 0.190625 0.8291666666666667 0.2484375 0.8291666666666667 0.2484375 0.5916666666666667
0 0.19375 0.5375 0.140625 0.5375 0.140625 0.7520833333333333 0.19375 0.7520833333333333 0.19375 0.5375
0 0.3859375 0.41041666666666665 0.3375 0.41041666666666665 0.3375 0.575 0.3859375 0.575 0.3859375 0.41041666666666665
0 0.5234375 0.61875 0.4546875 0.61875 0.4546875 0.8708333333333333 0.5234375 0.8708333333333333 0.5234375 0.61875
0 0.7046875 0.10208333333333333 0.675 0.10208333333333333 0.675 0.21666666666666667 0.7046875 0.21666666666666667 0.7046875 0.10208333333333333
0 0.675 0.11666666666666667 0.646875 0.11666666666666667 0.646875 0.2375 0.675 0.2375 0.675 0.11666666666666667
0 0.6765625 0.14375 0.646875 0.14375 0.646875 0.26458333333333334 0.6765625 0.26458333333333334 0.6765625 0.14375
0 0.71875 0.13958333333333334 0.6921875 0.13958333333333334 0.6921875 0.2625 0.71875 0.2625 0.71875 0.13958333333333334
0 0.8921875 0.275 0.8703125 0.275 0.8703125 0.45 0.8921875 0.45 0.8921875 0.275
0 0.6625 0.2625 0.621875 0.2625 0.621875 0.41458333333333336 0.6625 0.41458333333333336 0.6625 0.2625
0 0.9109375 0.26458333333333334 0.846875 0.26458333333333334 0.846875 0.4583333333333333 0.9109375 0.4583333333333333 0.9109375 0.26458333333333334
1 0.6546875 0.20416666666666666 0.625 0.20416666666666666 0.625 0.2604166666666667 0.6546875 0.2604166666666667 0.6546875 0.20416666666666666
1 0.85625 0.6875 0.8234375 0.6875 0.8234375 0.8458333333333333 0.85625 0.8458333333333333 0.85625 0.6875
0 0.6734375 0.675 0.6078125 0.675 0.6078125 0.9583333333333334 0.6734375 0.9583333333333334 0.6734375 0.675
0 0.8234375 0.6083333333333333 0.7453125 0.6083333333333333 0.7453125 0.85625 0.8234375 0.85625 0.8234375 0.6083333333333333
0 0.9375 0.63125 0.8734375 0.63125 0.8734375 0.8854166666666666 0.9375 0.8854166666666666 0.9375 0.63125
0 0.771875 0.4708333333333333 0.7125 0.4708333333333333 0.7125 0.6833333333333333 0.771875 0.6833333333333333 0.771875 0.4708333333333333
0 0.71875 0.48541666666666666 0.6640625 0.48541666666666666 0.6640625 0.725 0.71875 0.725 0.71875 0.48541666666666666