1 0.2703125 0.06875 0.246875 0.06875 0.246875 0.13125 0.2703125 0.13125 0.2703125 0.06875
2 0.465625 0.49375 0.4203125 0.49375 0.4203125 0.6958333333333333 0.465625 0.6958333333333333 0.465625 0.49375
0 0.23125 0.05625 0.1984375 0.05625 0.1984375 0.13958333333333334 0.23125 0.13958333333333334 0.23125 0.05625
2 0.6578125 0.47291666666666665 0.546875 0.47291666666666665 0.546875 0.6458333333333334 0.6578125 0.6458333333333334 0.6578125 0.47291666666666665
0 0.2140625 0.13541666666666666 0.175 0.13541666666666666 0.175 0.26458333333333334 0.2140625 0.26458333333333334 0.2140625 0.13541666666666666
2 0.6265625 0.50625 0.53125 0.50625 0.53125 0.66875 0.6265625 0.66875 0.6265625 0.50625
0 0.2390625 0.12708333333333333 0.203125 0.12708333333333333 0.203125 0.2520833333333333 0.2390625 0.2520833333333333 0.2390625 0.12708333333333333
2 0.540625 0.5166666666666667 0.4734375 0.5166666666666667 0.4734375 0.7 0.540625 0.7 0.540625 0.5166666666666667
0 0.409375 0.19375 0.365625 0.19375 0.365625 0.3625 0.409375 0.3625 0.409375 0.19375
0 0.359375 0.22291666666666668 0.3140625 0.22291666666666668 0.3140625 0.3541666666666667 0.359375 0.3541666666666667 0.359375 0.22291666666666668
0 0.290625 0.21458333333333332 0.24375 0.21458333333333332 0.24375 0.3875 0.290625 0.3875 0.290625 0.21458333333333332
0 0.23125 0.2604166666666667 0.1734375 0.2604166666666667 0.1734375 0.4125 0.23125 0.4125 0.23125 0.2604166666666667
0 0.2046875 0.3125 0.15625 0.3125 0.15625 0.49375 0.2046875 0.49375 0.2046875 0.3125
0 0.103125 0.5041666666666667 0.0390625 0.5041666666666667 0.0390625 0.7458333333333333 0.103125 0.7458333333333333 0.103125 0.5041666666666667
0 0 0.9625 0.04375 0.9625 0.04375 0.6708333333333333 0 0.6708333333333333 0 0.9625
0 0.1265625 0.6708333333333333 0.040625 0.6708333333333333 0.040625 0.9541666666666667 0.1265625 0.9541666666666667 0.1265625 0.6708333333333333
0 0.1875 0.50625 0.0953125 0.50625 0.0953125 0.7625 0.1875 0.7625 0.1875 0.50625
0 0.3421875 0.2916666666666667 0.2890625 0.2916666666666667 0.2890625 0.47708333333333336 0.3421875 0.47708333333333336 0.3421875 0.2916666666666667
0 0.6234375 0.25 0.584375 0.25 0.584375 0.4354166666666667 0.6234375 0.4354166666666667 0.6234375 0.25
0 0.6546875 0.22708333333333333 0.6125 0.22708333333333333 0.6125 0.4166666666666667 0.6546875 0.4166666666666667 0.6546875 0.22708333333333333
0 0.746875 0.15208333333333332 0.7140625 0.15208333333333332 0.7140625 0.2916666666666667 0.746875 0.2916666666666667 0.746875 0.15208333333333332
0 0.7671875 0.14791666666666667 0.74375 0.14791666666666667 0.74375 0.26666666666666666 0.7671875 0.26666666666666666 0.7671875 0.14791666666666667