0 0.4140625 0.49166666666666664 0.3703125 0.49166666666666664 0.3703125 0.5479166666666667 0.4140625 0.5479166666666667 0.4140625 0.49166666666666664
0 0.521875 0.5375 0.425 0.5375 0.425 0.775 0.521875 0.775 0.521875 0.5375
0 0.6328125 0.475 0.565625 0.475 0.565625 0.6583333333333333 0.6328125 0.6583333333333333 0.6328125 0.475
0 0.321875 0.0875 0.2984375 0.0875 0.2984375 0.17291666666666666 0.321875 0.17291666666666666 0.321875 0.0875
0 0.2890625 0.1 0.265625 0.1 0.265625 0.19166666666666668 0.2890625 0.19166666666666668 0.2890625 0.1
0 0.4625 0.18125 0.4125 0.18125 0.4125 0.29583333333333334 0.4625 0.29583333333333334 0.4625 0.18125
0 0.45625 0.23541666666666666 0.4109375 0.23541666666666666 0.4109375 0.38333333333333336 0.45625 0.38333333333333336 0.45625 0.23541666666666666
0 0.2734375 0.18958333333333333 0.228125 0.18958333333333333 0.228125 0.35 0.2734375 0.35 0.2734375 0.18958333333333333
0 0.3140625 0.7541666666666667 0.234375 0.7541666666666667 0.234375 0.9979166666666667 0.3140625 0.9979166666666667 0.3140625 0.7541666666666667
0 0.40625 0.7625 0.3375 0.7625 0.3375 0.9291666666666667 0.40625 0.9291666666666667 0.40625 0.7625
0 0.3296875 0.86875 0.259375 0.86875 0.259375 0.9979166666666667 0.3296875 0.9979166666666667 0.3296875 0.86875
0 0.4890625 0.81875 0.4109375 0.81875 0.4109375 0.9979166666666667 0.4890625 0.9979166666666667 0.4890625 0.81875
0 0.7328125 0.69375 0.65 0.69375 0.65 0.98125 0.7328125 0.98125 0.7328125 0.69375
0 0.759375 0.7645833333333333 0.6640625 0.7645833333333333 0.6640625 0.9979166666666667 0.759375 0.9979166666666667 0.759375 0.7645833333333333
0 0.9984375 0.8583333333333333 0.96875 0.8583333333333333 0.96875 0.9979166666666667 0.9984375 0.9979166666666667 0.9984375 0.8583333333333333
0 0.8359375 0.7270833333333333 0.746875 0.7270833333333333 0.746875 0.9979166666666667 0.8359375 0.9979166666666667 0.8359375 0.7270833333333333
0 0.796875 0.2625 0.75 0.2625 0.75 0.42916666666666664 0.796875 0.42916666666666664 0.796875 0.2625
0 0.7484375 0.2625 0.690625 0.2625 0.690625 0.4354166666666667 0.7484375 0.4354166666666667 0.7484375 0.2625
2 0.325 0.23125 0.271875 0.23125 0.271875 0.3875 0.325 0.3875 0.325 0.23125
2 0.9609375 0.81875 0.8546875 0.81875 0.8546875 0.9979166666666667 0.9609375 0.9979166666666667 0.9609375 0.81875
2 0.5328125 0.5083333333333333 0.478125 0.5083333333333333 0.478125 0.68125 0.5328125 0.68125 0.5328125 0.5083333333333333