1 0.3078125 0.11666666666666667 0.28125 0.11666666666666667 0.28125 0.16875 0.3078125 0.16875 0.3078125 0.11666666666666667
0 0.2875 0.06875 0.265625 0.06875 0.265625 0.175 0.2875 0.175 0.2875 0.06875
0 0.2484375 0.04583333333333333 0.221875 0.04583333333333333 0.221875 0.13541666666666666 0.2484375 0.13541666666666666 0.2484375 0.04583333333333333
0 0.265625 0.13333333333333333 0.2265625 0.13333333333333333 0.2265625 0.25 0.265625 0.25 0.265625 0.13333333333333333
0 0.66875 0.09166666666666666 0.6265625 0.09166666666666666 0.6265625 0.2125 0.66875 0.2125 0.66875 0.09166666666666666
0 0.6921875 0.11041666666666666 0.6546875 0.11041666666666666 0.6546875 0.23333333333333334 0.6921875 0.23333333333333334 0.6921875 0.11041666666666666
0 0.771875 0.09166666666666666 0.7140625 0.09166666666666666 0.7140625 0.20416666666666666 0.771875 0.20416666666666666 0.771875 0.09166666666666666
0 0.775 0.15416666666666667 0.7265625 0.15416666666666667 0.7265625 0.3020833333333333 0.775 0.3020833333333333 0.775 0.15416666666666667
0 0.8796875 0.29583333333333334 0.8265625 0.29583333333333334 0.8265625 0.45208333333333334 0.8796875 0.45208333333333334 0.8796875 0.29583333333333334
0 0.8484375 0.5083333333333333 0.7875 0.5083333333333333 0.7875 0.7708333333333334 0.8484375 0.7708333333333334 0.8484375 0.5083333333333333
0 0.4625 0.7583333333333333 0.3859375 0.7583333333333333 0.3859375 0.9979166666666667 0.4625 0.9979166666666667 0.4625 0.7583333333333333
0 0.415625 0.7729166666666667 0.334375 0.7729166666666667 0.334375 0.9979166666666667 0.415625 0.9979166666666667 0.415625 0.7729166666666667
0 0.346875 0.7395833333333334 0.2765625 0.7395833333333334 0.2765625 0.9916666666666667 0.346875 0.9916666666666667 0.346875 0.7395833333333334
0 0.2875 0.7416666666666667 0.221875 0.7416666666666667 0.221875 0.9833333333333333 0.2875 0.9833333333333333 0.2875 0.7416666666666667
2 0.2453125 0.2 0.2 0.2 0.2 0.34791666666666665 0.2453125 0.34791666666666665 0.2453125 0.2
2 0.653125 0.45208333333333334 0.5421875 0.45208333333333334 0.5421875 0.6333333333333333 0.653125 0.6333333333333333 0.653125 0.45208333333333334
2 0.646875 0.4875 0.5265625 0.4875 0.5265625 0.6770833333333334 0.646875 0.6770833333333334 0.646875 0.4875
2 0.19375 0.36666666666666664 0.125 0.36666666666666664 0.125 0.5520833333333334 0.19375 0.5520833333333334 0.19375 0.36666666666666664
2 0.55 0.5145833333333333 0.478125 0.5145833333333333 0.478125 0.7145833333333333 0.55 0.7145833333333333 0.55 0.5145833333333333