1 0.75 0.5 0.7109375 0.5 0.7109375 0.63125 0.75 0.63125 0.75 0.5
1 0.075 0.6895833333333333 0.015625 0.6895833333333333 0.015625 0.8833333333333333 0.075 0.8833333333333333 0.075 0.6895833333333333
1 0.115625 0.51875 0.05625 0.51875 0.05625 0.7 0.115625 0.7 0.115625 0.51875
1 0.071875 0.5395833333333333 0.0234375 0.5395833333333333 0.0234375 0.7125 0.071875 0.7125 0.071875 0.5395833333333333
1 0.190625 0.6583333333333333 0.1234375 0.6583333333333333 0.1234375 0.8416666666666667 0.190625 0.8416666666666667 0.190625 0.6583333333333333
0 0.20625 0.04791666666666667 0.184375 0.04791666666666667 0.184375 0.14166666666666666 0.20625 0.14166666666666666 0.20625 0.04791666666666667
0 0.2515625 0.07708333333333334 0.2140625 0.07708333333333334 0.2140625 0.18958333333333333 0.2515625 0.18958333333333333 0.2515625 0.07708333333333334
0 0.28125 0.06666666666666667 0.246875 0.06666666666666667 0.246875 0.17916666666666667 0.28125 0.17916666666666667 0.28125 0.06666666666666667
0 0.2671875 0.225 0.2171875 0.225 0.2171875 0.39791666666666664 0.2671875 0.39791666666666664 0.2671875 0.225
0 0 0.8395833333333333 0.0375 0.8395833333333333 0.0375 0.58125 0 0.58125 0 0.8395833333333333
0 0.128125 0.66875 0.04375 0.66875 0.04375 0.9104166666666667 0.128125 0.9104166666666667 0.128125 0.66875
0 0.3890625 0.7479166666666667 0.3015625 0.7479166666666667 0.3015625 0.9958333333333333 0.3890625 0.9958333333333333 0.3890625 0.7479166666666667
0 0.475 0.74375 0.3890625 0.74375 0.3890625 0.9958333333333333 0.475 0.9958333333333333 0.475 0.74375
0 0.303125 0.3541666666666667 0.25 0.3541666666666667 0.25 0.5791666666666667 0.303125 0.5791666666666667 0.303125 0.3541666666666667
0 0.7 0.28541666666666665 0.65625 0.28541666666666665 0.65625 0.47708333333333336 0.7 0.47708333333333336 0.7 0.28541666666666665
0 0.734375 0.26666666666666666 0.6921875 0.26666666666666666 0.6921875 0.49375 0.734375 0.49375 0.734375 0.26666666666666666
0 0.90625 0.3145833333333333 0.846875 0.3145833333333333 0.846875 0.5270833333333333 0.90625 0.5270833333333333 0.90625 0.3145833333333333
0 0.8484375 0.29583333333333334 0.80625 0.29583333333333334 0.80625 0.5 0.8484375 0.5 0.8484375 0.29583333333333334
0 0.80625 0.43333333333333335 0.7671875 0.43333333333333335 0.7671875 0.6375 0.80625 0.6375 0.80625 0.43333333333333335
2 0.6515625 0.47291666666666665 0.5578125 0.47291666666666665 0.5578125 0.6291666666666667 0.6515625 0.6291666666666667 0.6515625 0.47291666666666665
2 0.64375 0.49375 0.5328125 0.49375 0.5328125 0.6729166666666667 0.64375 0.6729166666666667 0.64375 0.49375
2 0.553125 0.5125 0.46875 0.5125 0.46875 0.6979166666666666 0.553125 0.6979166666666666 0.553125 0.5125