2 0.6 0.45416666666666666 0.53125 0.45416666666666666 0.53125 0.5520833333333334 0.6 0.5520833333333334 0.6 0.45416666666666666
0 0.90625 0.26666666666666666 0.86875 0.26666666666666666 0.86875 0.42916666666666664 0.90625 0.42916666666666664 0.90625 0.26666666666666666
0 0.715625 0.08333333333333333 0.6875 0.08333333333333333 0.6875 0.19791666666666666 0.715625 0.19791666666666666 0.715625 0.08333333333333333
0 0.371875 0.15 0.340625 0.15 0.340625 0.27291666666666664 0.371875 0.27291666666666664 0.371875 0.15
0 0.6921875 0.1125 0.6609375 0.1125 0.6609375 0.225 0.6921875 0.225 0.6921875 0.1125
0 0.25 0.06666666666666667 0.221875 0.06666666666666667 0.221875 0.1625 0.25 0.1625 0.25 0.06666666666666667
0 0.2265625 0.09583333333333334 0.2046875 0.09583333333333334 0.2046875 0.18958333333333333 0.2265625 0.18958333333333333 0.2265625 0.09583333333333334
0 0.2109375 0.09791666666666667 0.1828125 0.09791666666666667 0.1828125 0.19791666666666666 0.2109375 0.19791666666666666 0.2109375 0.09791666666666667
0 0.2671875 0.12916666666666668 0.2359375 0.12916666666666668 0.2359375 0.24375 0.2671875 0.24375 0.2671875 0.12916666666666668
0 0.24375 0.12291666666666666 0.2140625 0.12291666666666666 0.2140625 0.24791666666666667 0.24375 0.24791666666666667 0.24375 0.12291666666666666
0 0.2484375 0.2625 0.209375 0.2625 0.209375 0.40625 0.2484375 0.40625 0.2484375 0.2625
0 0.2703125 0.3541666666666667 0.2203125 0.3541666666666667 0.2203125 0.5375 0.2703125 0.5375 0.2703125 0.3541666666666667
0 0 0.80625 0.0515625 0.80625 0.0515625 0.5604166666666667 0 0.5604166666666667 0 0.80625
0 0.13125 0.6270833333333333 0.0453125 0.6270833333333333 0.0453125 0.9041666666666667 0.13125 0.9041666666666667 0.13125 0.6270833333333333
0 0.1953125 0.7 0.140625 0.7 0.140625 0.9583333333333334 0.1953125 0.9583333333333334 0.1953125 0.7
0 0.2453125 0.7 0.175 0.7 0.175 0.9791666666666666 0.2453125 0.9791666666666666 0.2453125 0.7
0 0.8328125 0.90625 0.765625 0.90625 0.765625 0.9979166666666667 0.8328125 0.9979166666666667 0.8328125 0.90625
0 0.7453125 0.85 0.65 0.85 0.65 0.9979166666666667 0.7453125 0.9979166666666667 0.7453125 0.85
0 0.9671875 0.4895833333333333 0.8984375 0.4895833333333333 0.8984375 0.7229166666666667 0.9671875 0.7229166666666667 0.9671875 0.4895833333333333
0 0.890625 0.4875 0.846875 0.4875 0.846875 0.7291666666666666 0.890625 0.7291666666666666 0.890625 0.4875
0 0.40625 0.4708333333333333 0.3671875 0.4708333333333333 0.3671875 0.5854166666666667 0.40625 0.5854166666666667 0.40625 0.4708333333333333
0 0.421875 0.49375 0.375 0.49375 0.375 0.6083333333333333 0.421875 0.6083333333333333 0.421875 0.49375
0 0.4796875 0.5166666666666667 0.4265625 0.5166666666666667 0.4265625 0.6916666666666667 0.4796875 0.6916666666666667 0.4796875 0.5166666666666667
0 0.55 0.5291666666666667 0.496875 0.5291666666666667 0.496875 0.69375 0.55 0.69375 0.55 0.5291666666666667
0 0.715625 0.25625 0.671875 0.25625 0.671875 0.4083333333333333 0.715625 0.4083333333333333 0.715625 0.25625
2 0.3390625 0.1625 0.309375 0.1625 0.309375 0.26666666666666666 0.3390625 0.26666666666666666 0.3390625 0.1625
0 0.353125 0.08333333333333333 0.325 0.08333333333333333 0.325 0.15 0.353125 0.15 0.353125 0.08333333333333333
0 0.290625 0.0875 0.2765625 0.0875 0.2765625 0.15625 0.290625 0.15625 0.290625 0.0875
0 0.2765625 0.09166666666666666 0.2609375 0.09166666666666666 0.2609375 0.15625 0.2765625 0.15625 0.2765625 0.09166666666666666