0 0.7859375 0.12708333333333333 0.7453125 0.12708333333333333 0.7453125 0.2791666666666667 0.7859375 0.2791666666666667 0.7859375 0.12708333333333333
0 0.6390625 0.0625 0.6203125 0.0625 0.6203125 0.14375 0.6390625 0.14375 0.6390625 0.0625
2 0.465625 0.49375 0.4203125 0.49375 0.4203125 0.6958333333333333 0.465625 0.6958333333333333 0.465625 0.49375
2 0.6578125 0.47291666666666665 0.546875 0.47291666666666665 0.546875 0.6458333333333334 0.6578125 0.6458333333333334 0.6578125 0.47291666666666665
0 0.6203125 0.05625 0.5953125 0.05625 0.5953125 0.14375 0.6203125 0.14375 0.6203125 0.05625
0 0.3578125 0.11666666666666667 0.309375 0.11666666666666667 0.309375 0.2375 0.3578125 0.2375 0.3578125 0.11666666666666667
2 0.6265625 0.50625 0.53125 0.50625 0.53125 0.66875 0.6265625 0.66875 0.6265625 0.50625
2 0.540625 0.5166666666666667 0.4734375 0.5166666666666667 0.4734375 0.7 0.540625 0.7 0.540625 0.5166666666666667
0 0.31875 0.12291666666666666 0.278125 0.12291666666666666 0.278125 0.24791666666666667 0.31875 0.24791666666666667 0.31875 0.12291666666666666
0 0.30625 0.22708333333333333 0.2578125 0.22708333333333333 0.2578125 0.3333333333333333 0.30625 0.3333333333333333 0.30625 0.22708333333333333
0 0.30625 0.25 0.2578125 0.25 0.2578125 0.3958333333333333 0.30625 0.3958333333333333 0.30625 0.25
0 0.3296875 0.30625 0.2671875 0.30625 0.2671875 0.49375 0.3296875 0.49375 0.3296875 0.30625
0 0.359375 0.24166666666666667 0.328125 0.24166666666666667 0.328125 0.39166666666666666 0.359375 0.39166666666666666 0.359375 0.24166666666666667
0 0.1515625 0.3770833333333333 0.0703125 0.3770833333333333 0.0703125 0.5833333333333334 0.1515625 0.5833333333333334 0.1515625 0.3770833333333333
0 0.29375 0.33958333333333335 0.225 0.33958333333333335 0.225 0.5458333333333333 0.29375 0.5458333333333333 0.29375 0.33958333333333335
0 0.225 0.3333333333333333 0.175 0.3333333333333333 0.175 0.5354166666666667 0.225 0.5354166666666667 0.225 0.3333333333333333
0 0 0.9125 0.0515625 0.9125 0.0515625 0.6958333333333333 0 0.6958333333333333 0 0.9125
0 0.3421875 0.7520833333333333 0.2484375 0.7520833333333333 0.2484375 0.9979166666666667 0.3421875 0.9979166666666667 0.3421875 0.7520833333333333
0 0.703125 0.5416666666666666 0.6359375 0.5416666666666666 0.6359375 0.7791666666666667 0.703125 0.7791666666666667 0.703125 0.5416666666666666
0 0.6421875 0.6083333333333333 0.5875 0.6083333333333333 0.5875 0.8375 0.6421875 0.8375 0.6421875 0.6083333333333333
0 0.7015625 0.5979166666666667 0.646875 0.5979166666666667 0.646875 0.83125 0.7015625 0.83125 0.7015625 0.5979166666666667
0 0.9640625 0.7104166666666667 0.8859375 0.7104166666666667 0.8859375 0.9979166666666667 0.9640625 0.9979166666666667 0.9640625 0.7104166666666667
0 0.8265625 0.24583333333333332 0.7828125 0.24583333333333332 0.7828125 0.4395833333333333 0.8265625 0.4395833333333333 0.8265625 0.24583333333333332