2 0.465625 0.5 0.421875 0.5 0.421875 0.7020833333333333 0.465625 0.7020833333333333 0.465625 0.5
2 0.64375 0.4625 0.5484375 0.4625 0.5484375 0.6166666666666667 0.64375 0.6166666666666667 0.64375 0.4625
2 0.653125 0.5 0.528125 0.5 0.528125 0.66875 0.653125 0.66875 0.653125 0.5
2 0.5421875 0.5125 0.4765625 0.5125 0.4765625 0.7 0.5421875 0.7 0.5421875 0.5125
1 0.246875 0.2 0.215625 0.2 0.215625 0.28541666666666665 0.246875 0.28541666666666665 0.246875 0.2
0 0.278125 0.052083333333333336 0.2515625 0.052083333333333336 0.2515625 0.14583333333333334 0.278125 0.14583333333333334 0.278125 0.052083333333333336
0 0.215625 0.06666666666666667 0.1828125 0.06666666666666667 0.1828125 0.15208333333333332 0.215625 0.15208333333333332 0.215625 0.06666666666666667
0 0.2109375 0.10625 0.175 0.10625 0.175 0.21666666666666667 0.2109375 0.21666666666666667 0.2109375 0.10625
0 0.259375 0.05 0.2390625 0.05 0.2390625 0.14791666666666667 0.259375 0.14791666666666667 0.259375 0.05
0 0.2828125 0.15 0.2421875 0.15 0.2421875 0.2604166666666667 0.2828125 0.2604166666666667 0.2828125 0.15
0 0.34375 0.16458333333333333 0.29375 0.16458333333333333 0.29375 0.31666666666666665 0.34375 0.31666666666666665 0.34375 0.16458333333333333
0 0.1984375 0.35833333333333334 0.1328125 0.35833333333333334 0.1328125 0.5541666666666667 0.1984375 0.5541666666666667 0.1984375 0.35833333333333334
0 0.275 0.3333333333333333 0.203125 0.3333333333333333 0.203125 0.5458333333333333 0.275 0.5458333333333333 0.275 0.3333333333333333
0 0.38125 0.78125 0.325 0.78125 0.325 0.9979166666666667 0.38125 0.9979166666666667 0.38125 0.78125
0 0.334375 0.7458333333333333 0.2875 0.7458333333333333 0.2875 0.9979166666666667 0.334375 0.9979166666666667 0.334375 0.7458333333333333
0 0.2828125 0.9041666666666667 0.221875 0.9041666666666667 0.221875 0.9979166666666667 0.2828125 0.9979166666666667 0.2828125 0.9041666666666667
0 0.465625 0.7583333333333333 0.390625 0.7583333333333333 0.390625 0.9979166666666667 0.465625 0.9979166666666667 0.465625 0.7583333333333333
0 0.828125 0.27708333333333335 0.778125 0.27708333333333335 0.778125 0.46458333333333335 0.828125 0.46458333333333335 0.828125 0.27708333333333335