0 0.4453125 0.22083333333333333 0.4046875 0.22083333333333333 0.4046875 0.3625 0.4453125 0.3625 0.4453125 0.22083333333333333
0 0.4578125 0.18958333333333333 0.4296875 0.18958333333333333 0.4296875 0.3229166666666667 0.4578125 0.3229166666666667 0.4578125 0.18958333333333333
0 0.43125 0.28958333333333336 0.3859375 0.28958333333333336 0.3859375 0.44375 0.43125 0.44375 0.43125 0.28958333333333336
2 0.7640625 0.13541666666666666 0.7390625 0.13541666666666666 0.7390625 0.25833333333333336 0.7640625 0.25833333333333336 0.7640625 0.13541666666666666
2 0.740625 0.13958333333333334 0.709375 0.13958333333333334 0.709375 0.26458333333333334 0.740625 0.26458333333333334 0.740625 0.13958333333333334
2 0.559375 0.5854166666666667 0.5171875 0.5854166666666667 0.5171875 0.8104166666666667 0.559375 0.8104166666666667 0.559375 0.5854166666666667
2 0.884375 0.45416666666666666 0.8234375 0.45416666666666666 0.8234375 0.6583333333333333 0.884375 0.6583333333333333 0.884375 0.45416666666666666
2 0.9296875 0.4708333333333333 0.8890625 0.4708333333333333 0.8890625 0.6833333333333333 0.9296875 0.6833333333333333 0.9296875 0.4708333333333333
1 0.7328125 0.33958333333333335 0.7140625 0.33958333333333335 0.7140625 0.41041666666666665 0.7328125 0.41041666666666665 0.7328125 0.33958333333333335
1 0.2828125 0.075 0.2625 0.075 0.2625 0.14375 0.2828125 0.14375 0.2828125 0.075
0 0.30625 0.075 0.275 0.075 0.275 0.15625 0.30625 0.15625 0.30625 0.075
0 0.215625 0.08958333333333333 0.1828125 0.08958333333333333 0.1828125 0.1875 0.215625 0.1875 0.215625 0.08958333333333333
0 0.2265625 0.1375 0.1984375 0.1375 0.1984375 0.24166666666666667 0.2265625 0.24166666666666667 0.2265625 0.1375
0 0.7875 0.18541666666666667 0.759375 0.18541666666666667 0.759375 0.3458333333333333 0.7875 0.3458333333333333 0.7875 0.18541666666666667
0 0.7109375 0.21875 0.675 0.21875 0.675 0.3416666666666667 0.7109375 0.3416666666666667 0.7109375 0.21875
0 0.7 0.24583333333333332 0.659375 0.24583333333333332 0.659375 0.4166666666666667 0.7 0.4166666666666667 0.7 0.24583333333333332
0 0.8546875 0.26458333333333334 0.8203125 0.26458333333333334 0.8203125 0.42291666666666666 0.8546875 0.42291666666666666 0.8546875 0.26458333333333334
0 0.8296875 0.24166666666666667 0.796875 0.24166666666666667 0.796875 0.425 0.8296875 0.425 0.8296875 0.24166666666666667
0 0.8328125 0.31666666666666665 0.7953125 0.31666666666666665 0.7953125 0.48125 0.8328125 0.48125 0.8328125 0.31666666666666665
0 0.2265625 0.22708333333333333 0.175 0.22708333333333333 0.175 0.40208333333333335 0.2265625 0.40208333333333335 0.2265625 0.22708333333333333
0 0.2140625 0.43333333333333335 0.1796875 0.43333333333333335 0.1796875 0.63125 0.2140625 0.63125 0.2140625 0.43333333333333335
0 0.2890625 0.4375 0.2296875 0.4375 0.2296875 0.6375 0.2890625 0.6375 0.2890625 0.4375
0 0.30625 0.7416666666666667 0.2546875 0.7416666666666667 0.2546875 0.98125 0.30625 0.98125 0.30625 0.7416666666666667
0 0.515625 0.5979166666666667 0.440625 0.5979166666666667 0.440625 0.875 0.515625 0.875 0.515625 0.5979166666666667
2 0.471875 0.49375 0.421875 0.49375 0.421875 0.6854166666666667 0.471875 0.6854166666666667 0.471875 0.49375
2 0.5390625 0.5041666666666667 0.4765625 0.5041666666666667 0.4765625 0.6458333333333334 0.5390625 0.6458333333333334 0.5390625 0.5041666666666667
0 0.6953125 0.7541666666666667 0.6171875 0.7541666666666667 0.6171875 0.9979166666666667 0.6953125 0.9979166666666667 0.6953125 0.7541666666666667