0 0.2765625 0.01875 0.2453125 0.01875 0.2453125 0.10416666666666667 0.2765625 0.10416666666666667 0.2765625 0.01875
0 0.25 0.06875 0.2109375 0.06875 0.2109375 0.16458333333333333 0.25 0.16458333333333333 0.25 0.06875
0 0.2125 0.06666666666666667 0.1828125 0.06666666666666667 0.1828125 0.1625 0.2125 0.1625 0.2125 0.06666666666666667
2 0.4765625 0.4979166666666667 0.4171875 0.4979166666666667 0.4171875 0.69375 0.4765625 0.69375 0.4765625 0.4979166666666667
2 0.553125 0.5104166666666666 0.478125 0.5104166666666666 0.478125 0.7 0.553125 0.7 0.553125 0.5104166666666666
2 0.6421875 0.4875 0.525 0.4875 0.525 0.675 0.6421875 0.675 0.6421875 0.4875
2 0.659375 0.46041666666666664 0.54375 0.46041666666666664 0.54375 0.65 0.659375 0.65 0.659375 0.46041666666666664
0 0.3546875 0.7375 0.271875 0.7375 0.271875 0.9979166666666667 0.3546875 0.9979166666666667 0.3546875 0.7375
0 0.2109375 0.12916666666666668 0.16875 0.12916666666666668 0.16875 0.24583333333333332 0.2109375 0.24583333333333332 0.2109375 0.12916666666666668
1 0.38125 0.16041666666666668 0.3625 0.16041666666666668 0.3625 0.24375 0.38125 0.24375 0.38125 0.16041666666666668
0 0.378125 0.16458333333333333 0.3375 0.16458333333333333 0.3375 0.32708333333333334 0.378125 0.32708333333333334 0.378125 0.16458333333333333
0 0.3421875 0.18541666666666667 0.309375 0.18541666666666667 0.309375 0.3229166666666667 0.3421875 0.3229166666666667 0.3421875 0.18541666666666667
0 0.3125 0.17916666666666667 0.265625 0.17916666666666667 0.265625 0.3333333333333333 0.3125 0.3333333333333333 0.3125 0.17916666666666667
0 0.30625 0.20625 0.2640625 0.20625 0.2640625 0.3541666666666667 0.30625 0.3541666666666667 0.30625 0.20625
0 0.2796875 0.3125 0.221875 0.3125 0.221875 0.5125 0.2796875 0.5125 0.2796875 0.3125
0 0.221875 0.30625 0.1703125 0.30625 0.1703125 0.51875 0.221875 0.51875 0.221875 0.30625
0 0.1234375 0.45208333333333334 0.0640625 0.45208333333333334 0.0640625 0.6458333333333334 0.1234375 0.6458333333333334 0.1234375 0.45208333333333334
0 0.146875 0.47708333333333336 0.0875 0.47708333333333336 0.0875 0.6979166666666666 0.146875 0.6979166666666666 0.146875 0.47708333333333336
0 0.2234375 0.4583333333333333 0.1703125 0.4583333333333333 0.1703125 0.6958333333333333 0.2234375 0.6958333333333333 0.2234375 0.4583333333333333
0 0.28125 0.46041666666666664 0.2234375 0.46041666666666664 0.2234375 0.6729166666666667 0.28125 0.6729166666666667 0.28125 0.46041666666666664
0 0.759375 0.36875 0.7 0.36875 0.7 0.6145833333333334 0.759375 0.6145833333333334 0.759375 0.36875
0 0.7015625 0.38125 0.6515625 0.38125 0.6515625 0.6 0.7015625 0.6 0.7015625 0.38125
0 0.8484375 0.16041666666666668 0.8078125 0.16041666666666668 0.8078125 0.2916666666666667 0.8484375 0.2916666666666667 0.8484375 0.16041666666666668
0 0.66875 0.18958333333333333 0.6140625 0.18958333333333333 0.6140625 0.3541666666666667 0.66875 0.3541666666666667 0.66875 0.18958333333333333