0 0.484375 0.51875 0.4296875 0.51875 0.4296875 0.6979166666666666 0.484375 0.6979166666666666 0.484375 0.51875
2 0.2953125 0.37083333333333335 0.240625 0.37083333333333335 0.240625 0.56875 0.2953125 0.56875 0.2953125 0.37083333333333335
2 0.2640625 0.07916666666666666 0.2265625 0.07916666666666666 0.2265625 0.17291666666666666 0.2640625 0.17291666666666666 0.2640625 0.07916666666666666
2 0.7921875 0.18125 0.7484375 0.18125 0.7484375 0.31666666666666665 0.7921875 0.31666666666666665 0.7921875 0.18125
2 0.6390625 0.23125 0.5875 0.23125 0.5875 0.40625 0.6390625 0.40625 0.6390625 0.23125
2 0.6265625 0.49583333333333335 0.553125 0.49583333333333335 0.553125 0.66875 0.6265625 0.66875 0.6265625 0.49583333333333335
2 0.6390625 0.4791666666666667 0.575 0.4791666666666667 0.575 0.6416666666666667 0.6390625 0.6416666666666667 0.6390625 0.4791666666666667
0 0.2640625 0.13333333333333333 0.234375 0.13333333333333333 0.234375 0.25 0.2640625 0.25 0.2640625 0.13333333333333333
0 0.2421875 0.69375 0.1671875 0.69375 0.1671875 0.9479166666666666 0.2421875 0.9479166666666666 0.2421875 0.69375
0 0.25 0.725 0.184375 0.725 0.184375 0.9958333333333333 0.25 0.9958333333333333 0.25 0.725
0 0.5515625 0.5270833333333333 0.4984375 0.5270833333333333 0.4984375 0.69375 0.5515625 0.69375 0.5515625 0.5270833333333333
0 0.234375 0.4041666666666667 0.178125 0.4041666666666667 0.178125 0.575 0.234375 0.575 0.234375 0.4041666666666667
0 0.1484375 0.3770833333333333 0.0828125 0.3770833333333333 0.0828125 0.5729166666666666 0.1484375 0.5729166666666666 0.1484375 0.3770833333333333
0 0.321875 0.24583333333333332 0.2734375 0.24583333333333332 0.2734375 0.40208333333333335 0.321875 0.40208333333333335 0.321875 0.24583333333333332
0 0.3890625 0.25833333333333336 0.346875 0.25833333333333336 0.346875 0.4 0.3890625 0.4 0.3890625 0.25833333333333336
0 0.7078125 0.25625 0.665625 0.25625 0.665625 0.42083333333333334 0.7078125 0.42083333333333334 0.7078125 0.25625
0 0.840625 0.15833333333333333 0.7984375 0.15833333333333333 0.7984375 0.31875 0.840625 0.31875 0.840625 0.15833333333333333
0 0.821875 0.30416666666666664 0.7671875 0.30416666666666664 0.7671875 0.5041666666666667 0.821875 0.5041666666666667 0.821875 0.30416666666666664