0 0.4203125 0.48333333333333334 0.365625 0.48333333333333334 0.365625 0.5541666666666667 0.4203125 0.5541666666666667 0.4203125 0.48333333333333334
0 0.296875 0.075 0.2640625 0.075 0.2640625 0.14166666666666666 0.296875 0.14166666666666666 0.296875 0.075
0 0.265625 0.09791666666666667 0.234375 0.09791666666666667 0.234375 0.17708333333333334 0.265625 0.17708333333333334 0.265625 0.09791666666666667
0 0.375 0.18125 0.3421875 0.18125 0.3421875 0.3125 0.375 0.3125 0.375 0.18125
0 0.3 0.125 0.2640625 0.125 0.2640625 0.25416666666666665 0.3 0.25416666666666665 0.3 0.125
0 0.2578125 0.1625 0.225 0.1625 0.225 0.29583333333333334 0.2578125 0.29583333333333334 0.2578125 0.1625
0 0.2328125 0.15833333333333333 0.1921875 0.15833333333333333 0.1921875 0.3020833333333333 0.2328125 0.3020833333333333 0.2328125 0.15833333333333333
0 0.23125 0.6416666666666667 0.171875 0.6416666666666667 0.171875 0.8979166666666667 0.23125 0.8979166666666667 0.23125 0.6416666666666667
0 0.1234375 0.41458333333333336 0.0671875 0.41458333333333336 0.0671875 0.6208333333333333 0.1234375 0.6208333333333333 0.1234375 0.41458333333333336
0 0.303125 0.3854166666666667 0.2546875 0.3854166666666667 0.2546875 0.5791666666666667 0.303125 0.5791666666666667 0.303125 0.3854166666666667
0 0.3625 0.37083333333333335 0.3015625 0.37083333333333335 0.3015625 0.5666666666666667 0.3625 0.5666666666666667 0.3625 0.37083333333333335
0 0.8046875 0.1625 0.765625 0.1625 0.765625 0.3125 0.8046875 0.3125 0.8046875 0.1625
0 0.75625 0.1625 0.7203125 0.1625 0.7203125 0.31666666666666665 0.75625 0.31666666666666665 0.75625 0.1625
0 0.715625 0.3145833333333333 0.6578125 0.3145833333333333 0.6578125 0.5145833333333333 0.715625 0.5145833333333333 0.715625 0.3145833333333333
0 0.975 0.6354166666666666 0.89375 0.6354166666666666 0.89375 0.9208333333333333 0.975 0.9208333333333333 0.975 0.6354166666666666
0 0.8765625 0.6208333333333333 0.8 0.6208333333333333 0.8 0.8916666666666667 0.8765625 0.8916666666666667 0.8765625 0.6208333333333333
0 0.8171875 0.29583333333333334 0.7625 0.29583333333333334 0.7625 0.49375 0.8171875 0.49375 0.8171875 0.29583333333333334
2 0.1953125 0.40625 0.1515625 0.40625 0.1515625 0.5958333333333333 0.1953125 0.5958333333333333 0.1953125 0.40625
2 0.4390625 0.7791666666666667 0.375 0.7791666666666667 0.375 0.9979166666666667 0.4390625 0.9979166666666667 0.4390625 0.7791666666666667
2 0.2078125 0.8520833333333333 0.103125 0.8520833333333333 0.103125 0.9979166666666667 0.2078125 0.9979166666666667 0.2078125 0.8520833333333333
2 0.546875 0.5125 0.4765625 0.5125 0.4765625 0.7020833333333333 0.546875 0.7020833333333333 0.546875 0.5125