0 0.196875 0.06458333333333334 0.1734375 0.06458333333333334 0.1734375 0.14583333333333334 0.196875 0.14583333333333334 0.196875 0.06458333333333334
2 0.5984375 0.45 0.534375 0.45 0.534375 0.5604166666666667 0.5984375 0.5604166666666667 0.5984375 0.45
0 0.1984375 0.06875 0.175 0.06875 0.175 0.15 0.1984375 0.15 0.1984375 0.06875
0 0.221875 0.03333333333333333 0.19375 0.03333333333333333 0.19375 0.10416666666666667 0.221875 0.10416666666666667 0.221875 0.03333333333333333
0 0.3578125 0.05416666666666667 0.334375 0.05416666666666667 0.334375 0.16041666666666668 0.3578125 0.16041666666666668 0.3578125 0.05416666666666667
0 0.2875 0.08333333333333333 0.265625 0.08333333333333333 0.265625 0.15833333333333333 0.2875 0.15833333333333333 0.2875 0.08333333333333333
0 0.246875 0.7166666666666667 0.1734375 0.7166666666666667 0.1734375 0.9979166666666667 0.246875 0.9979166666666667 0.246875 0.7166666666666667
0 0.3203125 0.725 0.259375 0.725 0.259375 0.9979166666666667 0.3203125 0.9979166666666667 0.3203125 0.725
0 0.0734375 0.84375 0.009375 0.84375 0.009375 0.9979166666666667 0.0734375 0.9979166666666667 0.0734375 0.84375
0 0.4125 0.44375 0.3640625 0.44375 0.3640625 0.5854166666666667 0.4125 0.5854166666666667 0.4125 0.44375
0 0.2515625 0.3416666666666667 0.2046875 0.3416666666666667 0.2046875 0.5458333333333333 0.2515625 0.5458333333333333 0.2515625 0.3416666666666667
0 0.646875 0.08333333333333333 0.6171875 0.08333333333333333 0.6171875 0.17916666666666667 0.646875 0.17916666666666667 0.646875 0.08333333333333333
0 0.61875 0.16875 0.5765625 0.16875 0.5765625 0.3125 0.61875 0.3125 0.61875 0.16875