0 0.4171875 0.4875 0.365625 0.4875 0.365625 0.5541666666666667 0.4171875 0.5541666666666667 0.4171875 0.4875
0 0.35625 0.7479166666666667 0.309375 0.7479166666666667 0.309375 0.8291666666666667 0.35625 0.8291666666666667 0.35625 0.7479166666666667
0 0.3953125 0.7833333333333333 0.33125 0.7833333333333333 0.33125 0.9895833333333334 0.3953125 0.9895833333333334 0.3953125 0.7833333333333333
0 0.334375 0.7645833333333333 0.2609375 0.7645833333333333 0.2609375 0.9979166666666667 0.334375 0.9979166666666667 0.334375 0.7645833333333333
0 0.20625 0.3458333333333333 0.1390625 0.3458333333333333 0.1390625 0.54375 0.20625 0.54375 0.20625 0.3458333333333333
0 0.1203125 0.5520833333333334 0.046875 0.5520833333333334 0.046875 0.8041666666666667 0.1203125 0.8041666666666667 0.1203125 0.5520833333333334
0 0.2921875 0.0875 0.2546875 0.0875 0.2546875 0.15 0.2921875 0.15 0.2921875 0.0875
0 0.2109375 0.09791666666666667 0.184375 0.09791666666666667 0.184375 0.19375 0.2109375 0.19375 0.2109375 0.09791666666666667
0 0.2390625 0.19166666666666668 0.1984375 0.19166666666666668 0.1984375 0.3333333333333333 0.2390625 0.3333333333333333 0.2390625 0.19166666666666668
2 0.271875 0.17291666666666666 0.23125 0.17291666666666666 0.23125 0.3125 0.271875 0.3125 0.271875 0.17291666666666666
0 0.3140625 0.16666666666666666 0.2671875 0.16666666666666666 0.2671875 0.3145833333333333 0.3140625 0.3145833333333333 0.3140625 0.16666666666666666
0 0.4546875 0.19166666666666668 0.409375 0.19166666666666668 0.409375 0.29583333333333334 0.4546875 0.29583333333333334 0.4546875 0.19166666666666668
0 0.3703125 0.19583333333333333 0.3328125 0.19583333333333333 0.3328125 0.31875 0.3703125 0.31875 0.3703125 0.19583333333333333
0 0.6734375 0.32708333333333334 0.6078125 0.32708333333333334 0.6078125 0.5375 0.6734375 0.5375 0.6734375 0.32708333333333334
2 0.703125 0.10625 0.6734375 0.10625 0.6734375 0.21875 0.703125 0.21875 0.703125 0.10625
0 0.759375 0.3333333333333333 0.6890625 0.3333333333333333 0.6890625 0.5395833333333333 0.759375 0.5395833333333333 0.759375 0.3333333333333333
2 0.740625 0.1 0.7046875 0.1 0.7046875 0.21875 0.740625 0.21875 0.740625 0.1
2 0.5421875 0.5166666666666667 0.471875 0.5166666666666667 0.471875 0.6895833333333333 0.5421875 0.6895833333333333 0.5421875 0.5166666666666667
1 0 0.79375 0.0421875 0.79375 0.0421875 0.60625 0 0.60625 0 0.79375