0 0.2921875 0.0875 0.25625 0.0875 0.25625 0.14375 0.2921875 0.14375 0.2921875 0.0875
0 0.328125 0.0875 0.303125 0.0875 0.303125 0.14791666666666667 0.328125 0.14791666666666667 0.328125 0.0875
1 0.2015625 0.11041666666666666 0.1828125 0.11041666666666666 0.1828125 0.1625 0.2015625 0.1625 0.2015625 0.11041666666666666
0 0.2390625 0.09791666666666667 0.2015625 0.09791666666666667 0.2015625 0.18541666666666667 0.2390625 0.18541666666666667 0.2390625 0.09791666666666667
0 0.2765625 0.10833333333333334 0.240625 0.10833333333333334 0.240625 0.19166666666666668 0.2765625 0.19166666666666668 0.2765625 0.10833333333333334
2 0.2421875 0.15833333333333333 0.20625 0.15833333333333333 0.20625 0.2875 0.2421875 0.2875 0.2421875 0.15833333333333333
0 0.271875 0.16458333333333333 0.2390625 0.16458333333333333 0.2390625 0.28125 0.271875 0.28125 0.271875 0.16458333333333333
0 0.8796875 0.5979166666666667 0.825 0.5979166666666667 0.825 0.8520833333333333 0.8796875 0.8520833333333333 0.8796875 0.5979166666666667
0 0.9640625 0.5604166666666667 0.875 0.5604166666666667 0.875 0.8083333333333333 0.9640625 0.8083333333333333 0.9640625 0.5604166666666667
0 0.7359375 0.5895833333333333 0.6734375 0.5895833333333333 0.6734375 0.825 0.7359375 0.825 0.7359375 0.5895833333333333
0 0.865625 0.2791666666666667 0.81875 0.2791666666666667 0.81875 0.4625 0.865625 0.4625 0.865625 0.2791666666666667
0 0.4734375 0.8270833333333333 0.40625 0.8270833333333333 0.40625 0.9958333333333333 0.4734375 0.9958333333333333 0.4734375 0.8270833333333333
0 0.6921875 0.7479166666666667 0.60625 0.7479166666666667 0.60625 0.9916666666666667 0.6921875 0.9916666666666667 0.6921875 0.7479166666666667
0 0.8015625 0.7520833333333333 0.715625 0.7520833333333333 0.715625 0.9895833333333334 0.8015625 0.9895833333333334 0.8015625 0.7520833333333333
0 0.990625 0.8958333333333334 0.89375 0.8958333333333334 0.89375 0.9958333333333333 0.990625 0.9958333333333333 0.990625 0.8958333333333334
0 0.378125 0.16666666666666666 0.3296875 0.16666666666666666 0.3296875 0.29791666666666666 0.378125 0.29791666666666666 0.378125 0.16666666666666666
0 0.54375 0.6375 0.4640625 0.6375 0.4640625 0.88125 0.54375 0.88125 0.54375 0.6375
2 0.5359375 0.5166666666666667 0.4765625 0.5166666666666667 0.4765625 0.675 0.5359375 0.675 0.5359375 0.5166666666666667
2 0.6265625 0.5 0.5328125 0.5 0.5328125 0.6625 0.6265625 0.6625 0.6265625 0.5
2 0.6625 0.46875 0.5453125 0.46875 0.5453125 0.6458333333333334 0.6625 0.6458333333333334 0.6625 0.46875
0 0.8109375 0.30833333333333335 0.765625 0.30833333333333335 0.765625 0.4979166666666667 0.8109375 0.4979166666666667 0.8109375 0.30833333333333335
2 0.7625 0.29375 0.7 0.29375 0.7 0.47708333333333336 0.7625 0.47708333333333336 0.7625 0.29375
0 0.7671875 0.20208333333333334 0.7328125 0.20208333333333334 0.7328125 0.33125 0.7671875 0.33125 0.7671875 0.20208333333333334
0 0.678125 0.20833333333333334 0.6328125 0.20833333333333334 0.6328125 0.36041666666666666 0.678125 0.36041666666666666 0.678125 0.20833333333333334
0 0.7 0.19583333333333333 0.6578125 0.19583333333333333 0.6578125 0.33958333333333335 0.7 0.33958333333333335 0.7 0.19583333333333333
0 0.840625 0.16041666666666668 0.803125 0.16041666666666668 0.803125 0.2916666666666667 0.840625 0.2916666666666667 0.840625 0.16041666666666668
0 0.634375 0.09375 0.609375 0.09375 0.609375 0.19583333333333333 0.634375 0.19583333333333333 0.634375 0.09375
0 0.6125 0.08541666666666667 0.584375 0.08541666666666667 0.584375 0.20416666666666666 0.6125 0.20416666666666666 0.6125 0.08541666666666667