1 0.2828125 0.2375 0.25 0.2375 0.25 0.3145833333333333 0.2828125 0.3145833333333333 0.2828125 0.2375
2 0.465625 0.49375 0.4203125 0.49375 0.4203125 0.6958333333333333 0.465625 0.6958333333333333 0.465625 0.49375
0 0.225 0.11041666666666666 0.1828125 0.11041666666666666 0.1828125 0.22291666666666668 0.225 0.22291666666666668 0.225 0.11041666666666666
2 0.6578125 0.47291666666666665 0.546875 0.47291666666666665 0.546875 0.6458333333333334 0.6578125 0.6458333333333334 0.6578125 0.47291666666666665
0 0.221875 0.18541666666666667 0.1875 0.18541666666666667 0.1875 0.30625 0.221875 0.30625 0.221875 0.18541666666666667
2 0.6265625 0.50625 0.53125 0.50625 0.53125 0.66875 0.6265625 0.66875 0.6265625 0.50625
0 0.2578125 0.1875 0.2265625 0.1875 0.2265625 0.33125 0.2578125 0.33125 0.2578125 0.1875
2 0.540625 0.5166666666666667 0.4734375 0.5166666666666667 0.4734375 0.7 0.540625 0.7 0.540625 0.5166666666666667
0 0.28125 0.10833333333333334 0.2515625 0.10833333333333334 0.2515625 0.18541666666666667 0.28125 0.18541666666666667 0.28125 0.10833333333333334
0 0.3296875 0.11875 0.296875 0.11875 0.296875 0.20833333333333334 0.3296875 0.20833333333333334 0.3296875 0.11875
0 0.3078125 0.18125 0.28125 0.18125 0.28125 0.3 0.3078125 0.3 0.3078125 0.18125
0 0.38125 0.16875 0.334375 0.16875 0.334375 0.32083333333333336 0.38125 0.32083333333333336 0.38125 0.16875
0 0.6421875 0.0625 0.6171875 0.0625 0.6171875 0.13958333333333334 0.6421875 0.13958333333333334 0.6421875 0.0625
0 0.265625 0.3375 0.215625 0.3375 0.215625 0.5354166666666667 0.265625 0.5354166666666667 0.265625 0.3375
0 0.3578125 0.33541666666666664 0.2984375 0.33541666666666664 0.2984375 0.51875 0.3578125 0.51875 0.3578125 0.33541666666666664
0 0.3859375 0.78125 0.3171875 0.78125 0.3171875 0.9979166666666667 0.3859375 0.9979166666666667 0.3859375 0.78125
0 0.2140625 0.775 0.1125 0.775 0.1125 0.9979166666666667 0.2140625 0.9979166666666667 0.2140625 0.775
0 0.1828125 0.875 0.0796875 0.875 0.0796875 0.9979166666666667 0.1828125 0.9979166666666667 0.1828125 0.875
0 0.0953125 0.7791666666666667 0.009375 0.7791666666666667 0.009375 0.9979166666666667 0.0953125 0.9979166666666667 0.0953125 0.7791666666666667
0 0.69375 0.5083333333333333 0.625 0.5083333333333333 0.625 0.7958333333333333 0.69375 0.7958333333333333 0.69375 0.5083333333333333
0 0.6796875 0.25833333333333336 0.6234375 0.25833333333333336 0.6234375 0.45625 0.6796875 0.45625 0.6796875 0.25833333333333336
0 0.7390625 0.2708333333333333 0.684375 0.2708333333333333 0.684375 0.45 0.7390625 0.45 0.7390625 0.2708333333333333