1 0.3734375 0.13541666666666666 0.340625 0.13541666666666666 0.340625 0.20208333333333334 0.3734375 0.20208333333333334 0.3734375 0.13541666666666666
0 0.3421875 0.09375 0.303125 0.09375 0.303125 0.19166666666666668 0.3421875 0.19166666666666668 0.3421875 0.09375
0 0.29375 0.08125 0.25 0.08125 0.25 0.14583333333333334 0.29375 0.14583333333333334 0.29375 0.08125
2 0.209375 0.07708333333333334 0.18125 0.07708333333333334 0.18125 0.17291666666666666 0.209375 0.17291666666666666 0.209375 0.07708333333333334
0 0.734375 0.09583333333333334 0.7078125 0.09583333333333334 0.7078125 0.20833333333333334 0.734375 0.20833333333333334 0.734375 0.09583333333333334
0 0.7765625 0.1 0.7390625 0.1 0.7390625 0.22916666666666666 0.7765625 0.22916666666666666 0.7765625 0.1
0 0.709375 0.125 0.665625 0.125 0.665625 0.26666666666666666 0.709375 0.26666666666666666 0.709375 0.125
0 0.4546875 0.18333333333333332 0.4171875 0.18333333333333332 0.4171875 0.29791666666666666 0.4546875 0.29791666666666666 0.4546875 0.18333333333333332
0 0.3109375 0.14375 0.2828125 0.14375 0.2828125 0.2833333333333333 0.3109375 0.2833333333333333 0.3109375 0.14375
0 0.28125 0.1625 0.2453125 0.1625 0.2453125 0.2791666666666667 0.28125 0.2791666666666667 0.28125 0.1625
0 0.240625 0.15 0.2109375 0.15 0.2109375 0.2833333333333333 0.240625 0.2833333333333333 0.240625 0.15
0 0.29375 0.29583333333333334 0.246875 0.29583333333333334 0.246875 0.5166666666666667 0.29375 0.5166666666666667 0.29375 0.29583333333333334
0 0.2578125 0.3229166666666667 0.2046875 0.3229166666666667 0.2046875 0.5291666666666667 0.2578125 0.5291666666666667 0.2578125 0.3229166666666667
0 0.296875 0.73125 0.221875 0.73125 0.221875 0.9604166666666667 0.296875 0.9604166666666667 0.296875 0.73125
0 0.334375 0.7604166666666666 0.259375 0.7604166666666666 0.259375 0.9979166666666667 0.334375 0.9979166666666667 0.334375 0.7604166666666666
0 0.409375 0.7625 0.3234375 0.7625 0.3234375 0.9541666666666667 0.409375 0.9541666666666667 0.409375 0.7625
0 0.775 0.89375 0.6703125 0.89375 0.6703125 0.9979166666666667 0.775 0.9979166666666667 0.775 0.89375
0 0.6609375 0.9020833333333333 0.58125 0.9020833333333333 0.58125 0.9979166666666667 0.6609375 0.9979166666666667 0.6609375 0.9020833333333333
0 0.63125 0.5041666666666667 0.58125 0.5041666666666667 0.58125 0.6666666666666666 0.63125 0.6666666666666666 0.63125 0.5041666666666667
1 0.38125 0.35625 0.3265625 0.35625 0.3265625 0.5625 0.38125 0.5625 0.38125 0.35625
2 0.55 0.5125 0.475 0.5125 0.475 0.7 0.55 0.7 0.55 0.5125
2 0.825 0.5145833333333333 0.7484375 0.5145833333333333 0.7484375 0.8 0.825 0.8 0.825 0.5145833333333333