2 0.6234375 0.5083333333333333 0.546875 0.5083333333333333 0.546875 0.6708333333333333 0.6234375 0.6708333333333333 0.6234375 0.5083333333333333
2 0.64375 0.48125 0.575 0.48125 0.575 0.64375 0.64375 0.64375 0.64375 0.48125
0 0.553125 0.5270833333333333 0.4890625 0.5270833333333333 0.4890625 0.7 0.553125 0.7 0.553125 0.5270833333333333
0 0.4828125 0.5166666666666667 0.434375 0.5166666666666667 0.434375 0.7104166666666667 0.4828125 0.7104166666666667 0.4828125 0.5166666666666667
0 0 0.8791666666666667 0.0359375 0.8791666666666667 0.0359375 0.64375 0 0.64375 0 0.8791666666666667
0 0.0859375 0.6875 0.021875 0.6875 0.021875 0.9145833333333333 0.0859375 0.9145833333333333 0.0859375 0.6875
0 0.0765625 0.775 0.003125 0.775 0.003125 0.9979166666666667 0.0765625 0.9979166666666667 0.0765625 0.775
0 0.1578125 0.8 0.0828125 0.8 0.0828125 0.9979166666666667 0.1578125 0.9979166666666667 0.1578125 0.8
0 0.246875 0.73125 0.1703125 0.73125 0.1703125 0.9979166666666667 0.246875 0.9979166666666667 0.246875 0.73125
0 0.1578125 0.45 0.0984375 0.45 0.0984375 0.6625 0.1578125 0.6625 0.1578125 0.45
0 0.215625 0.43333333333333335 0.159375 0.43333333333333335 0.159375 0.65625 0.215625 0.65625 0.215625 0.43333333333333335
0 0.278125 0.42916666666666664 0.2125 0.42916666666666664 0.2125 0.6916666666666667 0.278125 0.6916666666666667 0.278125 0.42916666666666664
0 0.328125 0.09375 0.29375 0.09375 0.29375 0.1625 0.328125 0.1625 0.328125 0.09375
0 0.259375 0.13333333333333333 0.21875 0.13333333333333333 0.21875 0.24583333333333332 0.259375 0.24583333333333332 0.259375 0.13333333333333333
0 0.2671875 0.20625 0.221875 0.20625 0.221875 0.32708333333333334 0.2671875 0.32708333333333334 0.2671875 0.20625
0 0.3078125 0.19583333333333333 0.2609375 0.19583333333333333 0.2609375 0.33541666666666664 0.3078125 0.33541666666666664 0.3078125 0.19583333333333333
0 0.25 0.24583333333333332 0.196875 0.24583333333333332 0.196875 0.3958333333333333 0.25 0.3958333333333333 0.25 0.24583333333333332
0 0.29375 0.2375 0.2515625 0.2375 0.2515625 0.38958333333333334 0.29375 0.38958333333333334 0.29375 0.2375
0 0.4421875 0.26666666666666666 0.3953125 0.26666666666666666 0.3953125 0.45208333333333334 0.4421875 0.45208333333333334 0.4421875 0.26666666666666666
0 0.6328125 0.225 0.578125 0.225 0.578125 0.4270833333333333 0.6328125 0.4270833333333333 0.6328125 0.225
0 0.671875 0.1875 0.628125 0.1875 0.628125 0.34375 0.671875 0.34375 0.671875 0.1875