0 0.4140625 0.4875 0.378125 0.4875 0.378125 0.5541666666666667 0.4140625 0.5541666666666667 0.4140625 0.4875
0 0.428125 0.5125 0.3890625 0.5125 0.3890625 0.5770833333333333 0.428125 0.5770833333333333 0.428125 0.5125
2 0.65 0.4583333333333333 0.546875 0.4583333333333333 0.546875 0.61875 0.65 0.61875 0.65 0.4583333333333333
2 0.6640625 0.48541666666666666 0.5234375 0.48541666666666666 0.5234375 0.68125 0.6640625 0.68125 0.6640625 0.48541666666666666
2 0.5484375 0.5104166666666666 0.4796875 0.5104166666666666 0.4796875 0.69375 0.5484375 0.69375 0.5484375 0.5104166666666666
0 0.215625 0.0625 0.1765625 0.0625 0.1765625 0.15625 0.215625 0.15625 0.215625 0.0625
0 0.2453125 0.05416666666666667 0.209375 0.05416666666666667 0.209375 0.15208333333333332 0.2453125 0.15208333333333332 0.2453125 0.05416666666666667
0 0.2234375 0.1625 0.18125 0.1625 0.18125 0.2791666666666667 0.2234375 0.2791666666666667 0.2234375 0.1625
0 0.30625 0.12916666666666668 0.275 0.12916666666666668 0.275 0.23333333333333334 0.30625 0.23333333333333334 0.30625 0.12916666666666668
0 0.33125 0.125 0.3 0.125 0.3 0.24166666666666667 0.33125 0.24166666666666667 0.33125 0.125
0 0.4125 0.225 0.371875 0.225 0.371875 0.3770833333333333 0.4125 0.3770833333333333 0.4125 0.225
0 0.365625 0.20833333333333334 0.31875 0.20833333333333334 0.31875 0.36875 0.365625 0.36875 0.365625 0.20833333333333334
0 0.3 0.19166666666666668 0.2484375 0.19166666666666668 0.2484375 0.3375 0.3 0.3375 0.3 0.19166666666666668
0 0.2578125 0.21875 0.2125 0.21875 0.2125 0.33125 0.2578125 0.33125 0.2578125 0.21875
0 0.24375 0.23541666666666666 0.1875 0.23541666666666666 0.1875 0.44583333333333336 0.24375 0.44583333333333336 0.24375 0.23541666666666666
0 0.2484375 0.35625 0.215625 0.35625 0.215625 0.5270833333333333 0.2484375 0.5270833333333333 0.2484375 0.35625
0 0.3765625 0.35 0.3171875 0.35 0.3171875 0.5666666666666667 0.3765625 0.5666666666666667 0.3765625 0.35
0 0.321875 0.41041666666666665 0.278125 0.41041666666666665 0.278125 0.5729166666666666 0.321875 0.5729166666666666 0.321875 0.41041666666666665
0 0.2734375 0.41041666666666665 0.21875 0.41041666666666665 0.21875 0.5854166666666667 0.2734375 0.5854166666666667 0.2734375 0.41041666666666665
0 0 0.71875 0.0515625 0.71875 0.0515625 0.49166666666666664 0 0.49166666666666664 0 0.71875
0 0.2953125 0.7458333333333333 0.234375 0.7458333333333333 0.234375 0.9958333333333333 0.2953125 0.9958333333333333 0.2953125 0.7458333333333333
0 0.35 0.75 0.2984375 0.75 0.2984375 0.9979166666666667 0.35 0.9979166666666667 0.35 0.75
0 0.459375 0.75625 0.3953125 0.75625 0.3953125 0.9375 0.459375 0.9375 0.459375 0.75625
0 0.4375 0.79375 0.3609375 0.79375 0.3609375 0.9979166666666667 0.4375 0.9979166666666667 0.4375 0.79375
0 0.684375 0.15416666666666667 0.659375 0.15416666666666667 0.659375 0.26666666666666666 0.684375 0.26666666666666666 0.684375 0.15416666666666667
0 0.715625 0.16875 0.684375 0.16875 0.684375 0.29583333333333334 0.715625 0.29583333333333334 0.715625 0.16875
0 0.7671875 0.20416666666666666 0.7265625 0.20416666666666666 0.7265625 0.33541666666666664 0.7671875 0.33541666666666664 0.7671875 0.20416666666666666
0 0.8328125 0.20833333333333334 0.7984375 0.20833333333333334 0.7984375 0.3458333333333333 0.8328125 0.3458333333333333 0.8328125 0.20833333333333334
0 0.85625 0.3 0.815625 0.3 0.815625 0.4583333333333333 0.85625 0.4583333333333333 0.85625 0.3