2 0.5984375 0.45625 0.53125 0.45625 0.53125 0.55625 0.5984375 0.55625 0.5984375 0.45625
0 0.878125 0.15833333333333333 0.85 0.15833333333333333 0.85 0.2833333333333333 0.878125 0.2833333333333333 0.878125 0.15833333333333333
0 0.8234375 0.1625 0.7890625 0.1625 0.7890625 0.29375 0.8234375 0.29375 0.8234375 0.1625
0 0.7921875 0.17083333333333334 0.7625 0.17083333333333334 0.7625 0.29791666666666666 0.7921875 0.29791666666666666 0.7921875 0.17083333333333334
0 0.765625 0.14375 0.728125 0.14375 0.728125 0.28541666666666665 0.765625 0.28541666666666665 0.765625 0.14375
0 0.6484375 0.14166666666666666 0.615625 0.14166666666666666 0.615625 0.26666666666666666 0.6484375 0.26666666666666666 0.6484375 0.14166666666666666
0 0.353125 0.07708333333333334 0.3265625 0.07708333333333334 0.3265625 0.16041666666666668 0.353125 0.16041666666666668 0.353125 0.07708333333333334
0 0.2234375 0.11041666666666666 0.19375 0.11041666666666666 0.19375 0.22291666666666668 0.2234375 0.22291666666666668 0.2234375 0.11041666666666666
0 0.3328125 0.14166666666666666 0.30625 0.14166666666666666 0.30625 0.24583333333333332 0.3328125 0.24583333333333332 0.3328125 0.14166666666666666
0 0.3078125 0.14375 0.278125 0.14375 0.278125 0.25833333333333336 0.3078125 0.25833333333333336 0.3078125 0.14375
0 0.3796875 0.21041666666666667 0.3390625 0.21041666666666667 0.3390625 0.36041666666666666 0.3796875 0.36041666666666666 0.3796875 0.21041666666666667
0 0.3421875 0.20208333333333334 0.3015625 0.20208333333333334 0.3015625 0.35833333333333334 0.3421875 0.35833333333333334 0.3421875 0.20208333333333334
0 0.2578125 0.24791666666666667 0.2203125 0.24791666666666667 0.2203125 0.38125 0.2578125 0.38125 0.2578125 0.24791666666666667
0 0.4796875 0.6208333333333333 0.4265625 0.6208333333333333 0.4265625 0.8395833333333333 0.4796875 0.8395833333333333 0.4796875 0.6208333333333333
0 0.390625 0.8083333333333333 0.321875 0.8083333333333333 0.321875 0.9979166666666667 0.390625 0.9979166666666667 0.390625 0.8083333333333333
0 0.25625 0.4041666666666667 0.2140625 0.4041666666666667 0.2140625 0.5958333333333333 0.25625 0.5958333333333333 0.25625 0.4041666666666667
0 0.33125 0.375 0.2734375 0.375 0.2734375 0.5895833333333333 0.33125 0.5895833333333333 0.33125 0.375
0 0.4796875 0.5125 0.428125 0.5125 0.428125 0.6791666666666667 0.4796875 0.6791666666666667 0.4796875 0.5125
0 0.553125 0.5229166666666667 0.496875 0.5229166666666667 0.496875 0.6958333333333333 0.553125 0.6958333333333333 0.553125 0.5229166666666667
0 0.9734375 0.5604166666666667 0.903125 0.5604166666666667 0.903125 0.8229166666666666 0.9734375 0.8229166666666666 0.9734375 0.5604166666666667
2 0.775 0.54375 0.70625 0.54375 0.70625 0.7916666666666666 0.775 0.7916666666666666 0.775 0.54375
2 0.8625 0.5291666666666667 0.8015625 0.5291666666666667 0.8015625 0.775 0.8625 0.775 0.8625 0.5291666666666667
2 0.4140625 0.4666666666666667 0.365625 0.4666666666666667 0.365625 0.5729166666666666 0.4140625 0.5729166666666666 0.4140625 0.4666666666666667