0 0.29375 0.0875 0.2734375 0.0875 0.2734375 0.16458333333333333 0.29375 0.16458333333333333 0.29375 0.0875
2 0.5984375 0.45208333333333334 0.5265625 0.45208333333333334 0.5265625 0.5541666666666667 0.5984375 0.5541666666666667 0.5984375 0.45208333333333334
0 0.2796875 0.08541666666666667 0.259375 0.08541666666666667 0.259375 0.16458333333333333 0.2796875 0.16458333333333333 0.2796875 0.08541666666666667
0 0.353125 0.08333333333333333 0.325 0.08333333333333333 0.325 0.16041666666666668 0.353125 0.16041666666666668 0.353125 0.08333333333333333
0 0.225 0.10625 0.1984375 0.10625 0.1984375 0.20416666666666666 0.225 0.20416666666666666 0.225 0.10625
0 0.2 0.10208333333333333 0.178125 0.10208333333333333 0.178125 0.20208333333333334 0.2 0.20208333333333334 0.2 0.10208333333333333
0 0.6484375 0.18541666666666667 0.609375 0.18541666666666667 0.609375 0.325 0.6484375 0.325 0.6484375 0.18541666666666667
0 0.684375 0.19791666666666666 0.646875 0.19791666666666666 0.646875 0.33958333333333335 0.684375 0.33958333333333335 0.684375 0.19791666666666666
0 0.734375 0.18125 0.6890625 0.18125 0.6890625 0.3375 0.734375 0.3375 0.734375 0.18125
0 0.7671875 0.16666666666666666 0.7296875 0.16666666666666666 0.7296875 0.3 0.7671875 0.3 0.7671875 0.16666666666666666
0 0.7671875 0.19791666666666666 0.7328125 0.19791666666666666 0.7328125 0.3375 0.7671875 0.3375 0.7671875 0.19791666666666666
0 0.784375 0.22291666666666668 0.746875 0.22291666666666668 0.746875 0.37083333333333335 0.784375 0.37083333333333335 0.784375 0.22291666666666668
0 0.8421875 0.19375 0.79375 0.19375 0.79375 0.35 0.8421875 0.35 0.8421875 0.19375
0 0.8234375 0.26458333333333334 0.7734375 0.26458333333333334 0.7734375 0.45208333333333334 0.8234375 0.45208333333333334 0.8234375 0.26458333333333334
0 0.7546875 0.2916666666666667 0.7109375 0.2916666666666667 0.7109375 0.4708333333333333 0.7546875 0.4708333333333333 0.7546875 0.2916666666666667
0 0.6546875 0.29583333333333334 0.6015625 0.29583333333333334 0.6015625 0.49166666666666664 0.6546875 0.49166666666666664 0.6546875 0.29583333333333334
0 0.2578125 0.2604166666666667 0.2140625 0.2604166666666667 0.2140625 0.43125 0.2578125 0.43125 0.2578125 0.2604166666666667
0 0.290625 0.25833333333333336 0.2421875 0.25833333333333336 0.2421875 0.43333333333333335 0.290625 0.43333333333333335 0.290625 0.25833333333333336
0 0.3796875 0.2833333333333333 0.334375 0.2833333333333333 0.334375 0.4666666666666667 0.3796875 0.4666666666666667 0.3796875 0.2833333333333333
0 0.2140625 0.7354166666666667 0.1515625 0.7354166666666667 0.1515625 0.9979166666666667 0.2140625 0.9979166666666667 0.2140625 0.7354166666666667
0 0.90625 0.7625 0.8421875 0.7625 0.8421875 0.9979166666666667 0.90625 0.9979166666666667 0.90625 0.7625