0 0.4765625 0.6166666666666667 0.4234375 0.6166666666666667 0.4234375 0.8416666666666667 0.4765625 0.8416666666666667 0.4765625 0.6166666666666667
0 0.6515625 0.11458333333333333 0.6234375 0.11458333333333333 0.6234375 0.225 0.6515625 0.225 0.6515625 0.11458333333333333
0 0.6953125 0.10833333333333334 0.6625 0.10833333333333334 0.6625 0.22916666666666666 0.6953125 0.22916666666666666 0.6953125 0.10833333333333334
0 0.2953125 0.0875 0.2703125 0.0875 0.2703125 0.15625 0.2953125 0.15625 0.2953125 0.0875
0 0.35625 0.08333333333333333 0.328125 0.08333333333333333 0.328125 0.15625 0.35625 0.15625 0.35625 0.08333333333333333
0 0.3265625 0.15833333333333333 0.296875 0.15833333333333333 0.296875 0.28541666666666665 0.3265625 0.28541666666666665 0.3265625 0.15833333333333333
0 0.3 0.15416666666666667 0.2671875 0.15416666666666667 0.2671875 0.28125 0.3 0.28125 0.3 0.15416666666666667
0 0.4015625 0.24375 0.359375 0.24375 0.359375 0.4166666666666667 0.4015625 0.4166666666666667 0.4015625 0.24375
2 0.2734375 0.2791666666666667 0.228125 0.2791666666666667 0.228125 0.44583333333333336 0.2734375 0.44583333333333336 0.2734375 0.2791666666666667
2 0.2296875 0.27291666666666664 0.1890625 0.27291666666666664 0.1890625 0.43125 0.2296875 0.43125 0.2296875 0.27291666666666664
0 0.2546875 0.32083333333333336 0.2015625 0.32083333333333336 0.2015625 0.49583333333333335 0.2546875 0.49583333333333335 0.2546875 0.32083333333333336
0 0.1984375 0.32083333333333336 0.15 0.32083333333333336 0.15 0.49375 0.1984375 0.49375 0.1984375 0.32083333333333336
2 0.2890625 0.47708333333333336 0.2359375 0.47708333333333336 0.2359375 0.6666666666666666 0.2890625 0.6666666666666666 0.2890625 0.47708333333333336
2 0.2359375 0.48541666666666666 0.1859375 0.48541666666666666 0.1859375 0.63125 0.2359375 0.63125 0.2359375 0.48541666666666666
2 0.1984375 0.50625 0.146875 0.50625 0.146875 0.6875 0.1984375 0.6875 0.1984375 0.50625
0 0.1953125 0.42916666666666664 0.1515625 0.42916666666666664 0.1515625 0.6020833333333333 0.1953125 0.6020833333333333 0.1953125 0.42916666666666664
0 0.153125 0.42916666666666664 0.0984375 0.42916666666666664 0.0984375 0.6125 0.153125 0.6125 0.153125 0.42916666666666664
0 0.2515625 0.5916666666666667 0.178125 0.5916666666666667 0.178125 0.8395833333333333 0.2515625 0.8395833333333333 0.2515625 0.5916666666666667
0 0.1859375 0.5520833333333334 0.1046875 0.5520833333333334 0.1046875 0.8229166666666666 0.1859375 0.8229166666666666 0.1859375 0.5520833333333334
0 0.325 0.75625 0.2546875 0.75625 0.2546875 0.9979166666666667 0.325 0.9979166666666667 0.325 0.75625
0 0.74375 0.7895833333333333 0.6546875 0.7895833333333333 0.6546875 0.9979166666666667 0.74375 0.9979166666666667 0.74375 0.7895833333333333
0 0.809375 0.8916666666666667 0.7390625 0.8916666666666667 0.7390625 0.9979166666666667 0.809375 0.9979166666666667 0.809375 0.8916666666666667
0 0.865625 0.7916666666666666 0.8046875 0.7916666666666666 0.8046875 0.9979166666666667 0.865625 0.9979166666666667 0.865625 0.7916666666666666
0 0.728125 0.4125 0.684375 0.4125 0.684375 0.6104166666666667 0.728125 0.6104166666666667 0.728125 0.4125
0 0.709375 0.3125 0.6546875 0.3125 0.6546875 0.47291666666666665 0.709375 0.47291666666666665 0.709375 0.3125
0 0.696875 0.4270833333333333 0.64375 0.4270833333333333 0.64375 0.63125 0.696875 0.63125 0.696875 0.4270833333333333
0 0.48125 0.51875 0.4328125 0.51875 0.4328125 0.6958333333333333 0.48125 0.6958333333333333 0.48125 0.51875
0 0.55 0.51875 0.490625 0.51875 0.490625 0.6958333333333333 0.55 0.6958333333333333 0.55 0.51875