1 0.121875 0.5 0.084375 0.5 0.084375 0.6666666666666666 0.121875 0.6666666666666666 0.121875 0.5
1 0.19375 0.46458333333333335 0.153125 0.46458333333333335 0.153125 0.6666666666666666 0.19375 0.6666666666666666 0.19375 0.46458333333333335
0 0.1671875 0.4166666666666667 0.1046875 0.4166666666666667 0.1046875 0.6458333333333334 0.1671875 0.6458333333333334 0.1671875 0.4166666666666667
0 0.1375 0.6645833333333333 0.0609375 0.6645833333333333 0.0609375 0.9333333333333333 0.1375 0.9333333333333333 0.1375 0.6645833333333333
2 0 0.9979166666666667 0.071875 0.9979166666666667 0.071875 0.8041666666666667 0 0.8041666666666667 0 0.9979166666666667
2 0.1859375 0.81875 0.071875 0.81875 0.071875 0.9979166666666667 0.1859375 0.9979166666666667 0.1859375 0.81875
0 0.2203125 0.28541666666666665 0.1671875 0.28541666666666665 0.1671875 0.4583333333333333 0.2203125 0.4583333333333333 0.2203125 0.28541666666666665
0 0.2828125 0.06666666666666667 0.2484375 0.06666666666666667 0.2484375 0.15 0.2828125 0.15 0.2828125 0.06666666666666667
0 0.39375 0.2125 0.35 0.2125 0.35 0.37083333333333335 0.39375 0.37083333333333335 0.39375 0.2125
0 0.8390625 0.16458333333333333 0.8015625 0.16458333333333333 0.8015625 0.30416666666666664 0.8390625 0.30416666666666664 0.8390625 0.16458333333333333
0 0.8109375 0.16458333333333333 0.765625 0.16458333333333333 0.765625 0.30833333333333335 0.8109375 0.30833333333333335 0.8109375 0.16458333333333333
0 0.7625 0.16041666666666668 0.725 0.16041666666666668 0.725 0.3020833333333333 0.7625 0.3020833333333333 0.7625 0.16041666666666668
0 0.721875 0.16041666666666668 0.6875 0.16041666666666668 0.6875 0.29791666666666666 0.721875 0.29791666666666666 0.721875 0.16041666666666668
0 0.6921875 0.17083333333333334 0.65 0.17083333333333334 0.65 0.31875 0.6921875 0.31875 0.6921875 0.17083333333333334
0 0.353125 0.22708333333333333 0.3109375 0.22708333333333333 0.3109375 0.3645833333333333 0.353125 0.3645833333333333 0.353125 0.22708333333333333
0 0.70625 0.575 0.6296875 0.575 0.6296875 0.8041666666666667 0.70625 0.8041666666666667 0.70625 0.575
0 0.6140625 0.5666666666666667 0.559375 0.5666666666666667 0.559375 0.8291666666666667 0.6140625 0.8291666666666667 0.6140625 0.5666666666666667
0 0.6890625 0.6729166666666667 0.625 0.6729166666666667 0.625 0.9166666666666666 0.6890625 0.9166666666666666 0.6890625 0.6729166666666667
0 0.8296875 0.3729166666666667 0.7875 0.3729166666666667 0.7875 0.5875 0.8296875 0.5875 0.8296875 0.3729166666666667
0 0.81875 0.65 0.74375 0.65 0.74375 0.9145833333333333 0.81875 0.9145833333333333 0.81875 0.65
2 0.5375 0.5166666666666667 0.478125 0.5166666666666667 0.478125 0.7 0.5375 0.7 0.5375 0.5166666666666667