0 0.4625 0.19166666666666668 0.4125 0.19166666666666668 0.4125 0.2916666666666667 0.4625 0.2916666666666667 0.4625 0.19166666666666668
0 0.2921875 0.07916666666666666 0.265625 0.07916666666666666 0.265625 0.14166666666666666 0.2921875 0.14166666666666666 0.2921875 0.07916666666666666
0 0.2359375 0.08125 0.203125 0.08125 0.203125 0.17291666666666666 0.2359375 0.17291666666666666 0.2359375 0.08125
0 0.265625 0.0875 0.2453125 0.0875 0.2453125 0.1875 0.265625 0.1875 0.265625 0.0875
0 0.265625 0.10416666666666667 0.2359375 0.10416666666666667 0.2359375 0.2125 0.265625 0.2125 0.265625 0.10416666666666667
0 0.3578125 0.11666666666666667 0.3234375 0.11666666666666667 0.3234375 0.22291666666666668 0.3578125 0.22291666666666668 0.3578125 0.11666666666666667
0 0.315625 0.11458333333333333 0.2921875 0.11458333333333333 0.2921875 0.21666666666666667 0.315625 0.21666666666666667 0.315625 0.11458333333333333
0 0.2828125 0.1125 0.2609375 0.1125 0.2609375 0.2125 0.2828125 0.2125 0.2828125 0.1125
0 0.23125 0.1125 0.190625 0.1125 0.190625 0.21666666666666667 0.23125 0.21666666666666667 0.23125 0.1125
0 0.41875 0.4791666666666667 0.3765625 0.4791666666666667 0.3765625 0.5520833333333334 0.41875 0.5520833333333334 0.41875 0.4791666666666667
0 0.7859375 0.3625 0.7453125 0.3625 0.7453125 0.5375 0.7859375 0.5375 0.7859375 0.3625
0 0.75 0.30625 0.6859375 0.30625 0.6859375 0.5229166666666667 0.75 0.5229166666666667 0.75 0.30625
0 0.6703125 0.33125 0.6125 0.33125 0.6125 0.55 0.6703125 0.55 0.6703125 0.33125
0 0.7984375 0.46041666666666664 0.746875 0.46041666666666664 0.746875 0.65625 0.7984375 0.65625 0.7984375 0.46041666666666664
0 0.73125 0.44375 0.6734375 0.44375 0.6734375 0.675 0.73125 0.675 0.73125 0.44375
0 0.3609375 0.2 0.3171875 0.2 0.3171875 0.3645833333333333 0.3609375 0.3645833333333333 0.3609375 0.2
0 0.3859375 0.24583333333333332 0.3484375 0.24583333333333332 0.3484375 0.4395833333333333 0.3859375 0.4395833333333333 0.3859375 0.24583333333333332
0 0.3515625 0.25833333333333336 0.303125 0.25833333333333336 0.303125 0.4395833333333333 0.3515625 0.4395833333333333 0.3515625 0.25833333333333336
0 0.8375 0.19791666666666666 0.7953125 0.19791666666666666 0.7953125 0.36041666666666666 0.8375 0.36041666666666666 0.8375 0.19791666666666666
0 0.7828125 0.19791666666666666 0.740625 0.19791666666666666 0.740625 0.36666666666666664 0.7828125 0.36666666666666664 0.7828125 0.19791666666666666
0 0.74375 0.5208333333333334 0.6984375 0.5208333333333334 0.6984375 0.7375 0.74375 0.7375 0.74375 0.5208333333333334
0 0.803125 0.5270833333333333 0.75 0.5270833333333333 0.75 0.74375 0.803125 0.74375 0.803125 0.5270833333333333
0 0.628125 0.4979166666666667 0.5859375 0.4979166666666667 0.5859375 0.6708333333333333 0.628125 0.6708333333333333 0.628125 0.4979166666666667
0 0.9484375 0.49375 0.8953125 0.49375 0.8953125 0.7770833333333333 0.9484375 0.7770833333333333 0.9484375 0.49375
0 0.7921875 0.6375 0.728125 0.6375 0.728125 0.9479166666666666 0.7921875 0.9479166666666666 0.7921875 0.6375
0 0.39375 0.7645833333333333 0.334375 0.7645833333333333 0.334375 0.9979166666666667 0.39375 0.9979166666666667 0.39375 0.7645833333333333
0 0.3421875 0.75 0.2640625 0.75 0.2640625 0.9979166666666667 0.3421875 0.9979166666666667 0.3421875 0.75
2 0.246875 0.39375 0.175 0.39375 0.175 0.5833333333333334 0.246875 0.5833333333333334 0.246875 0.39375
2 0.240625 0.20416666666666666 0.2 0.20416666666666666 0.2 0.37083333333333335 0.240625 0.37083333333333335 0.240625 0.20416666666666666
2 0.9015625 0.35833333333333334 0.828125 0.35833333333333334 0.828125 0.5479166666666667 0.9015625 0.5479166666666667 0.9015625 0.35833333333333334
2 0.5328125 0.5208333333333334 0.48125 0.5208333333333334 0.48125 0.7020833333333333 0.5328125 0.7020833333333333 0.5328125 0.5208333333333334