2 0.146875 0.7625 0.05625 0.7625 0.05625 0.9979166666666667 0.146875 0.9979166666666667 0.146875 0.7625
2 0.659375 0.46041666666666664 0.55 0.46041666666666664 0.55 0.6625 0.659375 0.6625 0.659375 0.46041666666666664
2 0.64375 0.49166666666666664 0.51875 0.49166666666666664 0.51875 0.675 0.64375 0.675 0.64375 0.49166666666666664
2 0.540625 0.5083333333333333 0.4796875 0.5083333333333333 0.4796875 0.69375 0.540625 0.69375 0.540625 0.5083333333333333
0 0.34375 0.08541666666666667 0.3015625 0.08541666666666667 0.3015625 0.15208333333333332 0.34375 0.15208333333333332 0.34375 0.08541666666666667
0 0.29375 0.0625 0.2640625 0.0625 0.2640625 0.16041666666666668 0.29375 0.16041666666666668 0.29375 0.0625
0 0.225 0.10625 0.1921875 0.10625 0.1921875 0.17916666666666667 0.225 0.17916666666666667 0.225 0.10625
0 0.45 0.7333333333333333 0.3625 0.7333333333333333 0.3625 0.91875 0.45 0.91875 0.45 0.7333333333333333
0 0.4203125 0.7854166666666667 0.34375 0.7854166666666667 0.34375 0.9854166666666667 0.4203125 0.9854166666666667 0.4203125 0.7854166666666667
0 0.3546875 0.7645833333333333 0.2734375 0.7645833333333333 0.2734375 0.9833333333333333 0.3546875 0.9833333333333333 0.3546875 0.7645833333333333
0 0.2984375 0.7479166666666667 0.2390625 0.7479166666666667 0.2390625 0.9979166666666667 0.2984375 0.9979166666666667 0.2984375 0.7479166666666667
0 0.2265625 0.14791666666666667 0.18125 0.14791666666666667 0.18125 0.24375 0.2265625 0.24375 0.2265625 0.14791666666666667
0 0.775 0.10208333333333333 0.74375 0.10208333333333333 0.74375 0.225 0.775 0.225 0.775 0.10208333333333333
0 0.7484375 0.11875 0.7140625 0.11875 0.7140625 0.24166666666666667 0.7484375 0.24166666666666667 0.7484375 0.11875
0 0.9109375 0.29583333333333334 0.85 0.29583333333333334 0.85 0.5145833333333333 0.9109375 0.5145833333333333 0.9109375 0.29583333333333334
0 0.840625 0.31666666666666665 0.7828125 0.31666666666666665 0.7828125 0.5 0.840625 0.5 0.840625 0.31666666666666665
0 0.7875 0.30625 0.7421875 0.30625 0.7421875 0.4875 0.7875 0.4875 0.7875 0.30625
0 0.709375 0.28541666666666665 0.6453125 0.28541666666666665 0.6453125 0.48125 0.709375 0.48125 0.709375 0.28541666666666665
0 0.653125 0.29375 0.6078125 0.29375 0.6078125 0.48541666666666666 0.653125 0.48541666666666666 0.653125 0.29375
0 0.25625 0.25 0.2 0.25 0.2 0.42083333333333334 0.25625 0.42083333333333334 0.25625 0.25