2 0.5984375 0.45625 0.5296875 0.45625 0.5296875 0.5520833333333334 0.5984375 0.5520833333333334 0.5984375 0.45625
2 0.3796875 0.15208333333333332 0.3421875 0.15208333333333332 0.3421875 0.2875 0.3796875 0.2875 0.3796875 0.15208333333333332
0 0.3515625 0.08125 0.325 0.08125 0.325 0.15416666666666667 0.3515625 0.15416666666666667 0.3515625 0.08125
0 0.2953125 0.0875 0.278125 0.0875 0.278125 0.15416666666666667 0.2953125 0.15416666666666667 0.2953125 0.0875
0 0.2796875 0.08541666666666667 0.2625 0.08541666666666667 0.2625 0.14791666666666667 0.2796875 0.14791666666666667 0.2796875 0.08541666666666667
0 0.196875 0.05625 0.1765625 0.05625 0.1765625 0.1375 0.196875 0.1375 0.196875 0.05625
0 0.23125 0.08333333333333333 0.209375 0.08333333333333333 0.209375 0.1625 0.23125 0.1625 0.23125 0.08333333333333333
0 0.3234375 0.24166666666666667 0.271875 0.24166666666666667 0.271875 0.39375 0.3234375 0.39375 0.3234375 0.24166666666666667
0 0.253125 0.27708333333333335 0.2109375 0.27708333333333335 0.2109375 0.43125 0.253125 0.43125 0.253125 0.27708333333333335
0 0.221875 0.7375 0.15 0.7375 0.15 0.9916666666666667 0.221875 0.9916666666666667 0.221875 0.7375
0 0.478125 0.83125 0.4140625 0.83125 0.4140625 0.9979166666666667 0.478125 0.9979166666666667 0.478125 0.83125
0 0.646875 0.7375 0.571875 0.7375 0.571875 0.9979166666666667 0.646875 0.9979166666666667 0.646875 0.7375
0 0.7671875 0.7145833333333333 0.6875 0.7145833333333333 0.6875 0.9979166666666667 0.7671875 0.9979166666666667 0.7671875 0.7145833333333333
0 0.825 0.6208333333333333 0.746875 0.6208333333333333 0.746875 0.8875 0.825 0.8875 0.825 0.6208333333333333
0 0.8015625 0.4479166666666667 0.740625 0.4479166666666667 0.740625 0.6770833333333334 0.8015625 0.6770833333333334 0.8015625 0.4479166666666667
0 0.8859375 0.4791666666666667 0.825 0.4791666666666667 0.825 0.71875 0.8859375 0.71875 0.8859375 0.4791666666666667