0 0.2375 0.0375 0.2203125 0.0375 0.2203125 0.08958333333333333 0.2375 0.08958333333333333 0.2375 0.0375
0 0.2265625 0.0375 0.2046875 0.0375 0.2046875 0.09375 0.2265625 0.09375 0.2265625 0.0375
0 0.3234375 0.08333333333333333 0.2984375 0.08333333333333333 0.2984375 0.16041666666666668 0.3234375 0.16041666666666668 0.3234375 0.08333333333333333
0 0.2984375 0.08541666666666667 0.2734375 0.08541666666666667 0.2734375 0.15416666666666667 0.2984375 0.15416666666666667 0.2984375 0.08541666666666667
0 0.284375 0.08541666666666667 0.2609375 0.08541666666666667 0.2609375 0.16666666666666666 0.284375 0.16666666666666666 0.284375 0.08541666666666667
0 0.45625 0.21666666666666667 0.4125 0.21666666666666667 0.4125 0.375 0.45625 0.375 0.45625 0.21666666666666667
0 0.41875 0.23125 0.375 0.23125 0.375 0.37916666666666665 0.41875 0.37916666666666665 0.41875 0.23125
0 0.25625 0.21875 0.2109375 0.21875 0.2109375 0.36875 0.25625 0.36875 0.25625 0.21875
0 0.19375 0.35208333333333336 0.1359375 0.35208333333333336 0.1359375 0.53125 0.19375 0.53125 0.19375 0.35208333333333336
0 0.2515625 0.3416666666666667 0.19375 0.3416666666666667 0.19375 0.5270833333333333 0.2515625 0.5270833333333333 0.2515625 0.3416666666666667
2 0.59375 0.45 0.5296875 0.45 0.5296875 0.5645833333333333 0.59375 0.5645833333333333 0.59375 0.45
2 0.6453125 0.47708333333333336 0.565625 0.47708333333333336 0.565625 0.6416666666666667 0.6453125 0.6416666666666667 0.6453125 0.47708333333333336
2 0.6203125 0.5166666666666667 0.540625 0.5166666666666667 0.540625 0.6770833333333334 0.6203125 0.6770833333333334 0.6203125 0.5166666666666667
0 0.3578125 0.7541666666666667 0.296875 0.7541666666666667 0.296875 0.9979166666666667 0.3578125 0.9979166666666667 0.3578125 0.7541666666666667
0 0.490625 0.7104166666666667 0.415625 0.7104166666666667 0.415625 0.9979166666666667 0.490625 0.9979166666666667 0.490625 0.7104166666666667
0 0.4828125 0.5166666666666667 0.425 0.5166666666666667 0.425 0.7 0.4828125 0.7 0.4828125 0.5166666666666667
0 0.5515625 0.53125 0.496875 0.53125 0.496875 0.7 0.5515625 0.7 0.5515625 0.53125
2 0.790625 0.14166666666666666 0.7578125 0.14166666666666666 0.7578125 0.2708333333333333 0.790625 0.2708333333333333 0.790625 0.14166666666666666
2 0.765625 0.13333333333333333 0.7265625 0.13333333333333333 0.7265625 0.2791666666666667 0.765625 0.2791666666666667 0.765625 0.13333333333333333
0 0.7359375 0.18125 0.7015625 0.18125 0.7015625 0.3229166666666667 0.7359375 0.3229166666666667 0.7359375 0.18125
0 0.6921875 0.18125 0.653125 0.18125 0.653125 0.3104166666666667 0.6921875 0.3104166666666667 0.6921875 0.18125
0 0.709375 0.23125 0.6625 0.23125 0.6625 0.3875 0.709375 0.3875 0.709375 0.23125