0 0.596875 0.45208333333333334 0.5359375 0.45208333333333334 0.5359375 0.5541666666666667 0.596875 0.5541666666666667 0.596875 0.45208333333333334
0 0.321875 0.7333333333333333 0.259375 0.7333333333333333 0.259375 0.9979166666666667 0.321875 0.9979166666666667 0.321875 0.7333333333333333
0 0.3734375 0.07916666666666666 0.346875 0.07916666666666666 0.346875 0.15833333333333333 0.3734375 0.15833333333333333 0.3734375 0.07916666666666666
0 0.353125 0.08125 0.325 0.08125 0.325 0.15833333333333333 0.353125 0.15833333333333333 0.353125 0.08125
0 0.290625 0.09375 0.271875 0.09375 0.271875 0.15833333333333333 0.290625 0.15833333333333333 0.290625 0.09375
0 0.2765625 0.0875 0.2640625 0.0875 0.2640625 0.15208333333333332 0.2765625 0.15208333333333332 0.2765625 0.0875
0 0.25 0.19583333333333333 0.196875 0.19583333333333333 0.196875 0.34375 0.25 0.34375 0.25 0.19583333333333333
0 0.2078125 0.28958333333333336 0.1703125 0.28958333333333336 0.1703125 0.45 0.2078125 0.45 0.2078125 0.28958333333333336
0 0.25 0.32083333333333336 0.1984375 0.32083333333333336 0.1984375 0.48541666666666666 0.25 0.48541666666666666 0.25 0.32083333333333336
0 0.2953125 0.19375 0.2546875 0.19375 0.2546875 0.32708333333333334 0.2953125 0.32708333333333334 0.2953125 0.19375
0 0.471875 0.18541666666666667 0.4484375 0.18541666666666667 0.4484375 0.30625 0.471875 0.30625 0.471875 0.18541666666666667
0 0.4484375 0.20625 0.415625 0.20625 0.415625 0.3 0.4484375 0.3 0.4484375 0.20625
0 0.63125 0.21666666666666667 0.5859375 0.21666666666666667 0.5859375 0.35 0.63125 0.35 0.63125 0.21666666666666667
0 0.6984375 0.18125 0.6578125 0.18125 0.6578125 0.3458333333333333 0.6984375 0.3458333333333333 0.6984375 0.18125
0 0.740625 0.19166666666666668 0.70625 0.19166666666666668 0.70625 0.3458333333333333 0.740625 0.3458333333333333 0.740625 0.19166666666666668
0 0.865625 0.23333333333333334 0.8296875 0.23333333333333334 0.8296875 0.37916666666666665 0.865625 0.37916666666666665 0.865625 0.23333333333333334
0 0.9734375 0.6875 0.9 0.6875 0.9 0.975 0.9734375 0.975 0.9734375 0.6875
1 0.2734375 0.4354166666666667 0.24375 0.4354166666666667 0.24375 0.5479166666666667 0.2734375 0.5479166666666667 0.2734375 0.4354166666666667
2 0.21875 0.60625 0.16875 0.60625 0.16875 0.80625 0.21875 0.80625 0.21875 0.60625
2 0.221875 0.7208333333333333 0.1625 0.7208333333333333 0.1625 0.9979166666666667 0.221875 0.9979166666666667 0.221875 0.7208333333333333