0 0.4125 0.4895833333333333 0.3609375 0.4895833333333333 0.3609375 0.5541666666666667 0.4125 0.5541666666666667 0.4125 0.4895833333333333
0 0.4 0.7708333333333334 0.33125 0.7708333333333334 0.33125 0.9979166666666667 0.4 0.9979166666666667 0.4 0.7708333333333334
0 0.3375 0.7583333333333333 0.25625 0.7583333333333333 0.25625 0.9979166666666667 0.3375 0.9979166666666667 0.3375 0.7583333333333333
0 0.3625 0.2 0.321875 0.2 0.321875 0.32708333333333334 0.3625 0.32708333333333334 0.3625 0.2
0 0.3203125 0.175 0.28125 0.175 0.28125 0.325 0.3203125 0.325 0.3203125 0.175
2 0.2859375 0.18333333333333332 0.2421875 0.18333333333333332 0.2421875 0.3229166666666667 0.2859375 0.3229166666666667 0.2859375 0.18333333333333332
0 0.29375 0.08541666666666667 0.253125 0.08541666666666667 0.253125 0.15 0.29375 0.15 0.29375 0.08541666666666667
0 0.21875 0.11458333333333333 0.1828125 0.11458333333333333 0.1828125 0.25 0.21875 0.25 0.21875 0.11458333333333333
0 0.2328125 0.17708333333333334 0.196875 0.17708333333333334 0.196875 0.3 0.2328125 0.3 0.2328125 0.17708333333333334
0 0.2484375 0.30416666666666664 0.184375 0.30416666666666664 0.184375 0.49375 0.2484375 0.49375 0.2484375 0.30416666666666664
0 0 0.8708333333333333 0.08125 0.8708333333333333 0.08125 0.6104166666666667 0 0.6104166666666667 0 0.8708333333333333
0 0.6671875 0.2833333333333333 0.609375 0.2833333333333333 0.609375 0.48125 0.6671875 0.48125 0.6671875 0.2833333333333333
0 0.728125 0.2833333333333333 0.6640625 0.2833333333333333 0.6640625 0.475 0.728125 0.475 0.728125 0.2833333333333333
2 0.7234375 0.08958333333333333 0.69375 0.08958333333333333 0.69375 0.2 0.7234375 0.2 0.7234375 0.08958333333333333
2 0.6953125 0.09583333333333334 0.6640625 0.09583333333333334 0.6640625 0.20625 0.6953125 0.20625 0.6953125 0.09583333333333334
2 0.5421875 0.5145833333333333 0.4703125 0.5145833333333333 0.4703125 0.7 0.5421875 0.7 0.5421875 0.5145833333333333