2 0.08125 0.5708333333333333 0.0015625 0.5708333333333333 0.0015625 0.8375 0.08125 0.8375 0.08125 0.5708333333333333
2 0.5484375 0.5083333333333333 0.475 0.5083333333333333 0.475 0.6895833333333333 0.5484375 0.6895833333333333 0.5484375 0.5083333333333333
2 0.6421875 0.4875 0.5203125 0.4875 0.5203125 0.6604166666666667 0.6421875 0.6604166666666667 0.6421875 0.4875
2 0.640625 0.47291666666666665 0.55 0.47291666666666665 0.55 0.64375 0.640625 0.64375 0.640625 0.47291666666666665
1 0.2890625 0.09166666666666666 0.259375 0.09166666666666666 0.259375 0.16041666666666668 0.2890625 0.16041666666666668 0.2890625 0.09166666666666666
1 0.8328125 0.31666666666666665 0.796875 0.31666666666666665 0.796875 0.5166666666666667 0.8328125 0.5166666666666667 0.8328125 0.31666666666666665
1 0.80625 0.3375 0.78125 0.3375 0.78125 0.48125 0.80625 0.48125 0.80625 0.3375
0 0.3171875 0.041666666666666664 0.26875 0.041666666666666664 0.26875 0.12291666666666666 0.3171875 0.12291666666666666 0.3171875 0.041666666666666664
0 0.2359375 0.04791666666666667 0.1984375 0.04791666666666667 0.1984375 0.13958333333333334 0.2359375 0.13958333333333334 0.2359375 0.04791666666666667
0 0.7109375 0.07083333333333333 0.6765625 0.07083333333333333 0.6765625 0.16666666666666666 0.7109375 0.16666666666666666 0.7109375 0.07083333333333333
0 0.865625 0.19791666666666666 0.81875 0.19791666666666666 0.81875 0.3458333333333333 0.865625 0.3458333333333333 0.865625 0.19791666666666666
0 0.871875 0.3229166666666667 0.825 0.3229166666666667 0.825 0.4791666666666667 0.871875 0.4791666666666667 0.871875 0.3229166666666667
0 0.7828125 0.3020833333333333 0.728125 0.3020833333333333 0.728125 0.48541666666666666 0.7828125 0.48541666666666666 0.7828125 0.3020833333333333
0 0.2765625 0.175 0.2328125 0.175 0.2328125 0.325 0.2765625 0.325 0.2765625 0.175
0 0.3125 0.17708333333333334 0.2734375 0.17708333333333334 0.2734375 0.31666666666666665 0.3125 0.31666666666666665 0.3125 0.17708333333333334
0 0.275 0.25416666666666665 0.2375 0.25416666666666665 0.2375 0.40625 0.275 0.40625 0.275 0.25416666666666665
0 0.303125 0.32708333333333334 0.25 0.32708333333333334 0.25 0.5270833333333333 0.303125 0.5270833333333333 0.303125 0.32708333333333334
0 0.3671875 0.3458333333333333 0.309375 0.3458333333333333 0.309375 0.5333333333333333 0.3671875 0.5333333333333333 0.3671875 0.3458333333333333
0 0.178125 0.35208333333333336 0.1140625 0.35208333333333336 0.1140625 0.58125 0.178125 0.58125 0.178125 0.35208333333333336
0 0.2875 0.8333333333333334 0.2046875 0.8333333333333334 0.2046875 0.9979166666666667 0.2875 0.9979166666666667 0.2875 0.8333333333333334
0 0.5015625 0.6083333333333333 0.4390625 0.6083333333333333 0.4390625 0.85625 0.5015625 0.85625 0.5015625 0.6083333333333333
0 0.540625 0.6604166666666667 0.4734375 0.6604166666666667 0.4734375 0.9125 0.540625 0.9125 0.540625 0.6604166666666667
0 0.7140625 0.5854166666666667 0.6484375 0.5854166666666667 0.6484375 0.8541666666666666 0.7140625 0.8541666666666666 0.7140625 0.5854166666666667