0 0.3140625 0.45625 0.2625 0.45625 0.2625 0.6395833333333333 0.3140625 0.6395833333333333 0.3140625 0.45625
0 0.2625 0.4708333333333333 0.215625 0.4708333333333333 0.215625 0.71875 0.2625 0.71875 0.2625 0.4708333333333333
0 0.315625 0.7270833333333333 0.265625 0.7270833333333333 0.265625 0.9520833333333333 0.315625 0.9520833333333333 0.315625 0.7270833333333333
0 0.4078125 0.7666666666666667 0.346875 0.7666666666666667 0.346875 0.9645833333333333 0.4078125 0.9645833333333333 0.4078125 0.7666666666666667
0 0.35625 0.7645833333333333 0.2828125 0.7645833333333333 0.2828125 0.9979166666666667 0.35625 0.9979166666666667 0.35625 0.7645833333333333
2 0.1125 0.43125 0.0421875 0.43125 0.0421875 0.63125 0.1125 0.63125 0.1125 0.43125
0 0.21875 0.16875 0.1859375 0.16875 0.1859375 0.3375 0.21875 0.3375 0.21875 0.16875
0 0.2328125 0.3145833333333333 0.1953125 0.3145833333333333 0.1953125 0.4895833333333333 0.2328125 0.4895833333333333 0.2328125 0.3145833333333333
0 0.275 0.3333333333333333 0.228125 0.3333333333333333 0.228125 0.5 0.275 0.5 0.275 0.3333333333333333
0 0.3203125 0.30625 0.2671875 0.30625 0.2671875 0.5125 0.3203125 0.5125 0.3203125 0.30625
0 0.2921875 0.08333333333333333 0.25625 0.08333333333333333 0.25625 0.14791666666666667 0.2921875 0.14791666666666667 0.2921875 0.08333333333333333
1 0.2125 0.5 0.153125 0.5 0.153125 0.7166666666666667 0.2125 0.7166666666666667 0.2125 0.5
0 0.415625 0.4895833333333333 0.365625 0.4895833333333333 0.365625 0.5541666666666667 0.415625 0.5541666666666667 0.415625 0.4895833333333333
0 0.6328125 0.5104166666666666 0.578125 0.5104166666666666 0.578125 0.6520833333333333 0.6328125 0.6520833333333333 0.6328125 0.5104166666666666
0 0.65 0.28125 0.6140625 0.28125 0.6140625 0.4479166666666667 0.65 0.4479166666666667 0.65 0.28125
2 0.7234375 0.20833333333333334 0.675 0.20833333333333334 0.675 0.3729166666666667 0.7234375 0.3729166666666667 0.7234375 0.20833333333333334
0 0.765625 0.14791666666666667 0.725 0.14791666666666667 0.725 0.3 0.765625 0.3 0.765625 0.14791666666666667
0 0.8078125 0.15416666666666667 0.771875 0.15416666666666667 0.771875 0.2875 0.8078125 0.2875 0.8078125 0.15416666666666667
2 0.54375 0.5104166666666666 0.4703125 0.5104166666666666 0.4703125 0.69375 0.54375 0.69375 0.54375 0.5104166666666666
1 0.634375 0.16875 0.590625 0.16875 0.590625 0.2625 0.634375 0.2625 0.634375 0.16875