0 0.48125 0.6291666666666667 0.4265625 0.6291666666666667 0.4265625 0.8479166666666667 0.48125 0.8479166666666667 0.48125 0.6291666666666667
0 0.6078125 0.175 0.575 0.175 0.575 0.30625 0.6078125 0.30625 0.6078125 0.175
0 0.2796875 0.0875 0.2625 0.0875 0.2625 0.15833333333333333 0.2796875 0.15833333333333333 0.2796875 0.0875
0 0.29375 0.0875 0.278125 0.0875 0.278125 0.15416666666666667 0.29375 0.15416666666666667 0.29375 0.0875
0 0.35 0.08125 0.3234375 0.08125 0.3234375 0.15833333333333333 0.35 0.15833333333333333 0.35 0.08125
0 0.321875 0.27291666666666664 0.275 0.27291666666666664 0.275 0.4395833333333333 0.321875 0.4395833333333333 0.321875 0.27291666666666664
0 0.275 0.26875 0.2390625 0.26875 0.2390625 0.44166666666666665 0.275 0.44166666666666665 0.275 0.26875
2 0.2546875 0.23958333333333334 0.2109375 0.23958333333333334 0.2109375 0.40625 0.2546875 0.40625 0.2546875 0.23958333333333334
0 0.78125 0.28125 0.7390625 0.28125 0.7390625 0.48125 0.78125 0.48125 0.78125 0.28125
0 0.75625 0.19791666666666666 0.71875 0.19791666666666666 0.71875 0.3375 0.75625 0.3375 0.75625 0.19791666666666666
0 0.696875 0.2 0.6578125 0.2 0.6578125 0.3375 0.696875 0.3375 0.696875 0.2
0 0.33125 0.39166666666666666 0.2796875 0.39166666666666666 0.2796875 0.5604166666666667 0.33125 0.5604166666666667 0.33125 0.39166666666666666
0 0.2296875 0.73125 0.1578125 0.73125 0.1578125 0.9979166666666667 0.2296875 0.9979166666666667 0.2296875 0.73125
0 0.128125 0.6833333333333333 0.053125 0.6833333333333333 0.053125 0.9479166666666666 0.128125 0.9479166666666666 0.128125 0.6833333333333333
2 0.171875 0.46875 0.1046875 0.46875 0.1046875 0.6916666666666667 0.171875 0.6916666666666667 0.171875 0.46875
2 0.0875 0.48541666666666666 0.03125 0.48541666666666666 0.03125 0.7041666666666667 0.0875 0.7041666666666667 0.0875 0.48541666666666666
2 0.25 0.56875 0.1765625 0.56875 0.1765625 0.7791666666666667 0.25 0.7791666666666667 0.25 0.56875
2 0.6 0.45625 0.5265625 0.45625 0.5265625 0.5541666666666667 0.6 0.5541666666666667 0.6 0.45625
2 0.890625 0.44583333333333336 0.8328125 0.44583333333333336 0.8328125 0.6541666666666667 0.890625 0.6541666666666667 0.890625 0.44583333333333336
2 0.8328125 0.44166666666666665 0.775 0.44166666666666665 0.775 0.6541666666666667 0.8328125 0.6541666666666667 0.8328125 0.44166666666666665
0 0.8046875 0.5854166666666667 0.74375 0.5854166666666667 0.74375 0.8395833333333333 0.8046875 0.8395833333333333 0.8046875 0.5854166666666667
0 0.740625 0.5916666666666667 0.6703125 0.5916666666666667 0.6703125 0.84375 0.740625 0.84375 0.740625 0.5916666666666667