0 0.3484375 0.07291666666666667 0.3140625 0.07291666666666667 0.3140625 0.17708333333333334 0.3484375 0.17708333333333334 0.3484375 0.07291666666666667
0 0.3140625 0.08541666666666667 0.2859375 0.08541666666666667 0.2859375 0.18541666666666667 0.3140625 0.18541666666666667 0.3140625 0.08541666666666667
0 0.2875 0.07916666666666666 0.259375 0.07916666666666666 0.259375 0.15208333333333332 0.2875 0.15208333333333332 0.2875 0.07916666666666666
0 0.2609375 0.08125 0.2328125 0.08125 0.2328125 0.17916666666666667 0.2609375 0.17916666666666667 0.2609375 0.08125
0 0.225 0.07291666666666667 0.19375 0.07291666666666667 0.19375 0.17708333333333334 0.225 0.17708333333333334 0.225 0.07291666666666667
0 0.2265625 0.20833333333333334 0.1734375 0.20833333333333334 0.1734375 0.3458333333333333 0.2265625 0.3458333333333333 0.2265625 0.20833333333333334
0 0.2375 0.16666666666666666 0.2 0.16666666666666666 0.2 0.30833333333333335 0.2375 0.30833333333333335 0.2375 0.16666666666666666
0 0.2828125 0.2 0.2359375 0.2 0.2359375 0.35625 0.2828125 0.35625 0.2828125 0.2
0 0.309375 0.20625 0.2703125 0.20625 0.2703125 0.35625 0.309375 0.35625 0.309375 0.20625
0 0.3828125 0.17708333333333334 0.3390625 0.17708333333333334 0.3390625 0.325 0.3828125 0.325 0.3828125 0.17708333333333334
0 0.2203125 0.375 0.1578125 0.375 0.1578125 0.5645833333333333 0.2203125 0.5645833333333333 0.2203125 0.375
0 0.2609375 0.37083333333333335 0.2125 0.37083333333333335 0.2125 0.5583333333333333 0.2609375 0.5583333333333333 0.2609375 0.37083333333333335
0 0.3140625 0.35625 0.24375 0.35625 0.24375 0.5791666666666667 0.3140625 0.5791666666666667 0.3140625 0.35625
0 0.421875 0.48541666666666666 0.3625 0.48541666666666666 0.3625 0.55625 0.421875 0.55625 0.421875 0.48541666666666666
0 0.1125 0.6625 0.021875 0.6625 0.021875 0.9083333333333333 0.1125 0.9083333333333333 0.1125 0.6625
0 0.4109375 0.7625 0.31875 0.7625 0.31875 0.9791666666666666 0.4109375 0.9791666666666666 0.4109375 0.7625
0 0.3296875 0.7625 0.2453125 0.7625 0.2453125 0.9979166666666667 0.3296875 0.9979166666666667 0.3296875 0.7625
0 0.871875 0.32708333333333334 0.8296875 0.32708333333333334 0.8296875 0.5395833333333333 0.871875 0.5395833333333333 0.871875 0.32708333333333334
0 0.8203125 0.31666666666666665 0.7734375 0.31666666666666665 0.7734375 0.525 0.8203125 0.525 0.8203125 0.31666666666666665
0 0.76875 0.31666666666666665 0.7171875 0.31666666666666665 0.7171875 0.51875 0.76875 0.51875 0.76875 0.31666666666666665
0 0.715625 0.4166666666666667 0.6546875 0.4166666666666667 0.6546875 0.63125 0.715625 0.63125 0.715625 0.4166666666666667
2 0.5421875 0.5125 0.4703125 0.5125 0.4703125 0.7 0.5421875 0.7 0.5421875 0.5125
1 0.8453125 0.45208333333333334 0.7984375 0.45208333333333334 0.7984375 0.60625 0.8453125 0.60625 0.8453125 0.45208333333333334