0 0.171875 0.1375 0.1515625 0.1375 0.1515625 0.24791666666666667 0.171875 0.24791666666666667 0.171875 0.1375
0 0.2 0.12291666666666666 0.1765625 0.12291666666666666 0.1765625 0.23333333333333334 0.2 0.23333333333333334 0.2 0.12291666666666666
0 0.215625 0.12083333333333333 0.1875 0.12083333333333333 0.1875 0.22708333333333333 0.215625 0.22708333333333333 0.215625 0.12083333333333333
0 0.196875 0.0875 0.1765625 0.0875 0.1765625 0.15 0.196875 0.15 0.196875 0.0875
0 0.290625 0.0875 0.275 0.0875 0.275 0.13541666666666666 0.290625 0.13541666666666666 0.290625 0.0875
0 0.278125 0.08541666666666667 0.265625 0.08541666666666667 0.265625 0.1375 0.278125 0.1375 0.278125 0.08541666666666667
0 0.2828125 0.12916666666666668 0.2515625 0.12916666666666668 0.2515625 0.22708333333333333 0.2828125 0.22708333333333333 0.2828125 0.12916666666666668
1 0.2515625 0.15208333333333332 0.221875 0.15208333333333332 0.221875 0.24791666666666667 0.2515625 0.24791666666666667 0.2515625 0.15208333333333332
0 0.3328125 0.16666666666666666 0.29375 0.16666666666666666 0.29375 0.2875 0.3328125 0.2875 0.3328125 0.16666666666666666
0 0.346875 0.1125 0.315625 0.1125 0.315625 0.22083333333333333 0.346875 0.22083333333333333 0.346875 0.1125
0 0.378125 0.18958333333333333 0.3421875 0.18958333333333333 0.3421875 0.31875 0.378125 0.31875 0.378125 0.18958333333333333
0 0.35 0.20208333333333334 0.3046875 0.20208333333333334 0.3046875 0.34375 0.35 0.34375 0.35 0.20208333333333334
0 0.2734375 0.22083333333333333 0.2359375 0.22083333333333333 0.2359375 0.35208333333333336 0.2734375 0.35208333333333336 0.2734375 0.22083333333333333
0 0.2375 0.2833333333333333 0.1921875 0.2833333333333333 0.1921875 0.4625 0.2375 0.4625 0.2375 0.2833333333333333
0 0.3125 0.7270833333333333 0.24375 0.7270833333333333 0.24375 0.9979166666666667 0.3125 0.9979166666666667 0.3125 0.7270833333333333
0 0.234375 0.7166666666666667 0.1765625 0.7166666666666667 0.1765625 0.9979166666666667 0.234375 0.9979166666666667 0.234375 0.7166666666666667
0 0.16875 0.4166666666666667 0.10625 0.4166666666666667 0.10625 0.6229166666666667 0.16875 0.6229166666666667 0.16875 0.4166666666666667
0 0.3640625 0.3416666666666667 0.2984375 0.3416666666666667 0.2984375 0.5583333333333333 0.3640625 0.5583333333333333 0.3640625 0.3416666666666667
0 0.665625 0.18541666666666667 0.6265625 0.18541666666666667 0.6265625 0.32916666666666666 0.665625 0.32916666666666666 0.665625 0.18541666666666667
2 0.796875 0.18333333333333332 0.7609375 0.18333333333333332 0.7609375 0.3020833333333333 0.796875 0.3020833333333333 0.796875 0.18333333333333332
2 0.7625 0.17291666666666666 0.7234375 0.17291666666666666 0.7234375 0.30625 0.7625 0.30625 0.7625 0.17291666666666666