1 0.290625 0.08541666666666667 0.2546875 0.08541666666666667 0.2546875 0.15416666666666667 0.290625 0.15416666666666667 0.290625 0.08541666666666667
0 0.3015625 0.05 0.275 0.05 0.275 0.11458333333333333 0.3015625 0.11458333333333333 0.3015625 0.05
0 0.2375 0.041666666666666664 0.203125 0.041666666666666664 0.203125 0.16458333333333333 0.2375 0.16458333333333333 0.2375 0.041666666666666664
0 0.271875 0.11458333333333333 0.2203125 0.11458333333333333 0.2203125 0.25 0.271875 0.25 0.271875 0.11458333333333333
0 0.2765625 0.20416666666666666 0.221875 0.20416666666666666 0.221875 0.33541666666666664 0.2765625 0.33541666666666664 0.2765625 0.20416666666666666
0 0.371875 0.20833333333333334 0.3 0.20833333333333334 0.3 0.35 0.371875 0.35 0.371875 0.20833333333333334
0 0.6921875 0.05 0.6625 0.05 0.6625 0.18125 0.6921875 0.18125 0.6921875 0.05
0 0.7546875 0.13958333333333334 0.71875 0.13958333333333334 0.71875 0.20416666666666666 0.7546875 0.20416666666666666 0.7546875 0.13958333333333334
0 0.7703125 0.12291666666666666 0.7390625 0.12291666666666666 0.7390625 0.23958333333333334 0.7703125 0.23958333333333334 0.7703125 0.12291666666666666
0 0.73125 0.14791666666666667 0.696875 0.14791666666666667 0.696875 0.27291666666666664 0.73125 0.27291666666666664 0.73125 0.14791666666666667
0 0.684375 0.1625 0.646875 0.1625 0.646875 0.29375 0.684375 0.29375 0.684375 0.1625
0 0.7484375 0.17916666666666667 0.7078125 0.17916666666666667 0.7078125 0.3375 0.7484375 0.3375 0.7484375 0.17916666666666667
0 0.7875 0.18333333333333332 0.753125 0.18333333333333332 0.753125 0.3416666666666667 0.7875 0.3416666666666667 0.7875 0.18333333333333332
0 0.80625 0.19583333333333333 0.7875 0.19583333333333333 0.7875 0.3333333333333333 0.80625 0.3333333333333333 0.80625 0.19583333333333333
0 0.765625 0.34375 0.684375 0.34375 0.684375 0.5333333333333333 0.765625 0.5333333333333333 0.765625 0.34375
0 0.2875 0.34791666666666665 0.20625 0.34791666666666665 0.20625 0.5708333333333333 0.2875 0.5708333333333333 0.2875 0.34791666666666665
0 0.5140625 0.6145833333333334 0.45 0.6145833333333334 0.45 0.8604166666666667 0.5140625 0.8604166666666667 0.5140625 0.6145833333333334
0 0.4625 0.7416666666666667 0.396875 0.7416666666666667 0.396875 0.9958333333333333 0.4625 0.9958333333333333 0.4625 0.7416666666666667
0 0.415625 0.7729166666666667 0.3515625 0.7729166666666667 0.3515625 0.9958333333333333 0.415625 0.9958333333333333 0.415625 0.7729166666666667
0 0.35 0.7416666666666667 0.2703125 0.7416666666666667 0.2703125 0.9958333333333333 0.35 0.9958333333333333 0.35 0.7416666666666667
0 0 0.6895833333333333 0.040625 0.6895833333333333 0.040625 0.46458333333333335 0 0.46458333333333335 0 0.6895833333333333
2 0.646875 0.46875 0.55 0.46875 0.55 0.6354166666666666 0.646875 0.6354166666666666 0.646875 0.46875
2 0.6609375 0.5020833333333333 0.5296875 0.5020833333333333 0.5296875 0.6666666666666666 0.6609375 0.6666666666666666 0.6609375 0.5020833333333333
2 0.55 0.50625 0.48125 0.50625 0.48125 0.7083333333333334 0.55 0.7083333333333334 0.55 0.50625
2 0.1140625 0.46458333333333335 0.0390625 0.46458333333333335 0.0390625 0.7 0.1140625 0.7 0.1140625 0.46458333333333335