0 0.603125 0.45416666666666666 0.534375 0.45416666666666666 0.534375 0.5583333333333333 0.603125 0.5583333333333333 0.603125 0.45416666666666666
0 0.35 0.07916666666666666 0.325 0.07916666666666666 0.325 0.16041666666666668 0.35 0.16041666666666668 0.35 0.07916666666666666
0 0.3 0.08541666666666667 0.2828125 0.08541666666666667 0.2828125 0.15833333333333333 0.3 0.15833333333333333 0.3 0.08541666666666667
0 0.284375 0.08541666666666667 0.2671875 0.08541666666666667 0.2671875 0.15416666666666667 0.284375 0.15416666666666667 0.284375 0.08541666666666667
1 0.71875 0.3645833333333333 0.6921875 0.3645833333333333 0.6921875 0.45416666666666666 0.71875 0.45416666666666666 0.71875 0.3645833333333333
0 0.825 0.24791666666666667 0.7609375 0.24791666666666667 0.7609375 0.425 0.825 0.425 0.825 0.24791666666666667
0 0.7578125 0.28958333333333336 0.7140625 0.28958333333333336 0.7140625 0.475 0.7578125 0.475 0.7578125 0.28958333333333336
0 0.6890625 0.23125 0.640625 0.23125 0.640625 0.40625 0.6890625 0.40625 0.6890625 0.23125
0 0.634375 0.24375 0.5921875 0.24375 0.5921875 0.41041666666666665 0.634375 0.41041666666666665 0.634375 0.24375
0 0.2078125 0.35 0.1640625 0.35 0.1640625 0.5458333333333333 0.2078125 0.5458333333333333 0.2078125 0.35
0 0.3046875 0.4479166666666667 0.2609375 0.4479166666666667 0.2609375 0.6333333333333333 0.3046875 0.6333333333333333 0.3046875 0.4479166666666667
0 0.2671875 0.45208333333333334 0.2125 0.45208333333333334 0.2125 0.6583333333333333 0.2671875 0.6583333333333333 0.2671875 0.45208333333333334
2 0.2078125 0.6 0.159375 0.6 0.159375 0.8229166666666666 0.2078125 0.8229166666666666 0.2078125 0.6
0 0.2328125 0.6333333333333333 0.18125 0.6333333333333333 0.18125 0.8729166666666667 0.2328125 0.8729166666666667 0.2328125 0.6333333333333333
0 0.3453125 0.8645833333333334 0.2546875 0.8645833333333334 0.2546875 0.9979166666666667 0.3453125 0.9979166666666667 0.3453125 0.8645833333333334
0 0.953125 0.6958333333333333 0.8984375 0.6958333333333333 0.8984375 0.9979166666666667 0.953125 0.9979166666666667 0.953125 0.6958333333333333
0 0.9015625 0.73125 0.8359375 0.73125 0.8359375 0.9979166666666667 0.9015625 0.9979166666666667 0.9015625 0.73125