2 0.6 0.45 0.53125 0.45 0.53125 0.5520833333333334 0.6 0.5520833333333334 0.6 0.45
0 0.284375 0.08541666666666667 0.2671875 0.08541666666666667 0.2671875 0.15416666666666667 0.284375 0.15416666666666667 0.284375 0.08541666666666667
0 0.3484375 0.08125 0.321875 0.08125 0.321875 0.15833333333333333 0.3484375 0.15833333333333333 0.3484375 0.08125
0 0.175 0.175 0.146875 0.175 0.146875 0.3125 0.175 0.3125 0.175 0.175
2 0.24375 0.058333333333333334 0.21875 0.058333333333333334 0.21875 0.15208333333333332 0.24375 0.15208333333333332 0.24375 0.058333333333333334
2 0.2234375 0.0625 0.1984375 0.0625 0.1984375 0.15416666666666667 0.2234375 0.15416666666666667 0.2234375 0.0625
0 0.215625 0.11458333333333333 0.18125 0.11458333333333333 0.18125 0.23125 0.215625 0.23125 0.215625 0.11458333333333333
0 0.315625 0.11666666666666667 0.2875 0.11666666666666667 0.2875 0.23333333333333334 0.315625 0.23333333333333334 0.315625 0.11666666666666667
0 0.26875 0.11666666666666667 0.2375 0.11666666666666667 0.2375 0.22291666666666668 0.26875 0.22291666666666668 0.26875 0.11666666666666667
0 0.3265625 0.17083333333333334 0.2921875 0.17083333333333334 0.2921875 0.3 0.3265625 0.3 0.3265625 0.17083333333333334
0 0.29375 0.17708333333333334 0.2625 0.17708333333333334 0.2625 0.29583333333333334 0.29375 0.29583333333333334 0.29375 0.17708333333333334
0 0.2671875 0.17708333333333334 0.2328125 0.17708333333333334 0.2328125 0.2916666666666667 0.2671875 0.2916666666666667 0.2671875 0.17708333333333334
0 0.2296875 0.17291666666666666 0.1953125 0.17291666666666666 0.1953125 0.31666666666666665 0.2296875 0.31666666666666665 0.2296875 0.17291666666666666
0 0.2546875 0.2604166666666667 0.2046875 0.2604166666666667 0.2046875 0.41458333333333336 0.2546875 0.41458333333333336 0.2546875 0.2604166666666667
2 0.8671875 0.39375 0.8109375 0.39375 0.8109375 0.5958333333333333 0.8671875 0.5958333333333333 0.8671875 0.39375
2 0.803125 0.38333333333333336 0.7515625 0.38333333333333336 0.7515625 0.6020833333333333 0.803125 0.6020833333333333 0.803125 0.38333333333333336
0 0.803125 0.32083333333333336 0.759375 0.32083333333333336 0.759375 0.475 0.803125 0.475 0.803125 0.32083333333333336
0 0.8546875 0.32083333333333336 0.7984375 0.32083333333333336 0.7984375 0.46041666666666664 0.8546875 0.46041666666666664 0.8546875 0.32083333333333336
0 0.9046875 0.25833333333333336 0.8671875 0.25833333333333336 0.8671875 0.43333333333333335 0.9046875 0.43333333333333335 0.9046875 0.25833333333333336
0 0.7828125 0.10416666666666667 0.7546875 0.10416666666666667 0.7546875 0.20625 0.7828125 0.20625 0.7828125 0.10416666666666667
0 0.6875 0.2604166666666667 0.634375 0.2604166666666667 0.634375 0.42083333333333334 0.6875 0.42083333333333334 0.6875 0.2604166666666667
0 0.6421875 0.2520833333333333 0.6015625 0.2520833333333333 0.6015625 0.43333333333333335 0.6421875 0.43333333333333335 0.6421875 0.2520833333333333
0 0.6015625 0.24791666666666667 0.56875 0.24791666666666667 0.56875 0.38958333333333334 0.6015625 0.38958333333333334 0.6015625 0.24791666666666667
0 0.425 0.28541666666666665 0.371875 0.28541666666666665 0.371875 0.4708333333333333 0.425 0.4708333333333333 0.425 0.28541666666666665
0 0.346875 0.2875 0.3046875 0.2875 0.3046875 0.46875 0.346875 0.46875 0.346875 0.2875
0 0.3203125 0.3104166666666667 0.2703125 0.3104166666666667 0.2703125 0.49583333333333335 0.3203125 0.49583333333333335 0.3203125 0.3104166666666667
0 0.175 0.4375 0.115625 0.4375 0.115625 0.6666666666666666 0.175 0.6666666666666666 0.175 0.4375
0 0.075 0.5895833333333333 0.01875 0.5895833333333333 0.01875 0.8395833333333333 0.075 0.8395833333333333 0.075 0.5895833333333333
0 0.1984375 0.6875 0.140625 0.6875 0.140625 0.9479166666666666 0.1984375 0.9479166666666666 0.1984375 0.6875
0 0.2421875 0.7041666666666667 0.1796875 0.7041666666666667 0.1796875 0.975 0.2421875 0.975 0.2421875 0.7041666666666667
0 0.4125 0.47291666666666665 0.36875 0.47291666666666665 0.36875 0.5979166666666667 0.4125 0.5979166666666667 0.4125 0.47291666666666665
0 0.478125 0.5145833333333333 0.425 0.5145833333333333 0.425 0.6916666666666667 0.478125 0.6916666666666667 0.478125 0.5145833333333333
0 0.55 0.5270833333333333 0.4984375 0.5270833333333333 0.4984375 0.6979166666666666 0.55 0.6979166666666666 0.55 0.5270833333333333
0 0.6671875 0.42291666666666666 0.6 0.42291666666666666 0.6 0.6583333333333333 0.6671875 0.6583333333333333 0.6671875 0.42291666666666666
0 0.7390625 0.4375 0.6859375 0.4375 0.6859375 0.6541666666666667 0.7390625 0.6541666666666667 0.7390625 0.4375