0 0.2625 0.06041666666666667 0.228125 0.06041666666666667 0.228125 0.16041666666666668 0.2625 0.16041666666666668 0.2625 0.06041666666666667
0 0.2125 0.1125 0.1796875 0.1125 0.1796875 0.25833333333333336 0.2125 0.25833333333333336 0.2125 0.1125
0 0.23125 0.13333333333333333 0.203125 0.13333333333333333 0.203125 0.23541666666666666 0.23125 0.23541666666666666 0.23125 0.13333333333333333
0 0.896875 0.7604166666666666 0.8125 0.7604166666666666 0.8125 0.9916666666666667 0.896875 0.9916666666666667 0.896875 0.7604166666666666
0 0.81875 0.8 0.734375 0.8 0.734375 0.9916666666666667 0.81875 0.9916666666666667 0.81875 0.8
0 0.4203125 0.78125 0.3234375 0.78125 0.3234375 0.9958333333333333 0.4203125 0.9958333333333333 0.4203125 0.78125
0 0.259375 0.36041666666666666 0.1953125 0.36041666666666666 0.1953125 0.55625 0.259375 0.55625 0.259375 0.36041666666666666
2 0.240625 0.08333333333333333 0.2140625 0.08333333333333333 0.2140625 0.17916666666666667 0.240625 0.17916666666666667 0.240625 0.08333333333333333
2 0.6421875 0.4666666666666667 0.5515625 0.4666666666666667 0.5515625 0.6166666666666667 0.6421875 0.6166666666666667 0.6421875 0.4666666666666667
2 0.6484375 0.5041666666666667 0.525 0.5041666666666667 0.525 0.6645833333333333 0.6484375 0.6645833333333333 0.6484375 0.5041666666666667
2 0.5484375 0.50625 0.4734375 0.50625 0.4734375 0.7 0.5484375 0.7 0.5484375 0.50625
1 0.2703125 0.08958333333333333 0.2546875 0.08958333333333333 0.2546875 0.13541666666666666 0.2703125 0.13541666666666666 0.2703125 0.08958333333333333
1 0.0671875 0.7291666666666666 0.0015625 0.7291666666666666 0.0015625 0.9270833333333334 0.0671875 0.9270833333333334 0.0671875 0.7291666666666666