0 0.896875 0.23541666666666666 0.865625 0.23541666666666666 0.865625 0.37083333333333335 0.896875 0.37083333333333335 0.896875 0.23541666666666666
0 0.7734375 0.27708333333333335 0.7328125 0.27708333333333335 0.7328125 0.45 0.7734375 0.45 0.7734375 0.27708333333333335
0 0.703125 0.28541666666666665 0.665625 0.28541666666666665 0.665625 0.45625 0.703125 0.45625 0.703125 0.28541666666666665
0 0.740625 0.32083333333333336 0.696875 0.32083333333333336 0.696875 0.4979166666666667 0.740625 0.4979166666666667 0.740625 0.32083333333333336
0 0.7828125 0.31666666666666665 0.734375 0.31666666666666665 0.734375 0.5104166666666666 0.7828125 0.5104166666666666 0.7828125 0.31666666666666665
0 0.853125 0.20833333333333334 0.8171875 0.20833333333333334 0.8171875 0.35208333333333336 0.853125 0.35208333333333336 0.853125 0.20833333333333334
0 0.88125 0.35 0.8328125 0.35 0.8328125 0.5229166666666667 0.88125 0.5229166666666667 0.88125 0.35
0 0.8328125 0.3416666666666667 0.78125 0.3416666666666667 0.78125 0.5270833333333333 0.8328125 0.5270833333333333 0.8328125 0.3416666666666667
0 0.296875 0.0875 0.2765625 0.0875 0.2765625 0.14583333333333334 0.296875 0.14583333333333334 0.296875 0.0875
0 0.2796875 0.0875 0.2625 0.0875 0.2625 0.15625 0.2796875 0.15625 0.2796875 0.0875
0 0.3515625 0.08333333333333333 0.325 0.08333333333333333 0.325 0.1625 0.3515625 0.1625 0.3515625 0.08333333333333333
0 0.3203125 0.40208333333333335 0.271875 0.40208333333333335 0.271875 0.5895833333333333 0.3203125 0.5895833333333333 0.3203125 0.40208333333333335
0 0.2359375 0.3875 0.1890625 0.3875 0.1890625 0.5916666666666667 0.2359375 0.5916666666666667 0.2359375 0.3875
2 0.284375 0.375 0.24375 0.375 0.24375 0.5770833333333333 0.284375 0.5770833333333333 0.284375 0.375
2 0.196875 0.38125 0.1484375 0.38125 0.1484375 0.5875 0.196875 0.5875 0.196875 0.38125
0 0.2171875 0.69375 0.153125 0.69375 0.153125 0.9541666666666667 0.2171875 0.9541666666666667 0.2171875 0.69375
0 0.6890625 0.35 0.6359375 0.35 0.6359375 0.5375 0.6890625 0.5375 0.6890625 0.35
0 0.634375 0.35625 0.5859375 0.35625 0.5859375 0.5520833333333334 0.634375 0.5520833333333334 0.634375 0.35625
0 0.8640625 0.48125 0.8078125 0.48125 0.8078125 0.74375 0.8640625 0.74375 0.8640625 0.48125
2 0.33125 0.18333333333333332 0.2875 0.18333333333333332 0.2875 0.3020833333333333 0.33125 0.3020833333333333 0.33125 0.18333333333333332
0 0.375 0.2708333333333333 0.33125 0.2708333333333333 0.33125 0.42083333333333334 0.375 0.42083333333333334 0.375 0.2708333333333333