0 0.8578125 0.15833333333333333 0.825 0.15833333333333333 0.825 0.30416666666666664 0.8578125 0.30416666666666664 0.8578125 0.15833333333333333
0 0.746875 0.17708333333333334 0.709375 0.17708333333333334 0.709375 0.30416666666666664 0.746875 0.30416666666666664 0.746875 0.17708333333333334
0 0.6859375 0.17916666666666667 0.6578125 0.17916666666666667 0.6578125 0.30833333333333335 0.6859375 0.30833333333333335 0.6859375 0.17916666666666667
0 0.6734375 0.17083333333333334 0.6375 0.17083333333333334 0.6375 0.3 0.6734375 0.3 0.6734375 0.17083333333333334
0 0.6140625 0.15625 0.575 0.15625 0.575 0.2791666666666667 0.6140625 0.2791666666666667 0.6140625 0.15625
0 0.6609375 0.09791666666666667 0.6234375 0.09791666666666667 0.6234375 0.20833333333333334 0.6609375 0.20833333333333334 0.6609375 0.09791666666666667
0 0.3578125 0.08125 0.321875 0.08125 0.321875 0.15 0.3578125 0.15 0.3578125 0.08125
0 0.353125 0.13541666666666666 0.3265625 0.13541666666666666 0.3265625 0.25833333333333336 0.353125 0.25833333333333336 0.353125 0.13541666666666666
0 0.3234375 0.14375 0.2984375 0.14375 0.2984375 0.25833333333333336 0.3234375 0.25833333333333336 0.3234375 0.14375
0 0.2078125 0.1625 0.1796875 0.1625 0.1796875 0.28541666666666665 0.2078125 0.28541666666666665 0.2078125 0.1625
0 0.246875 0.15625 0.2140625 0.15625 0.2140625 0.2833333333333333 0.246875 0.2833333333333333 0.246875 0.15625
0 0.2578125 0.25416666666666665 0.2078125 0.25416666666666665 0.2078125 0.41875 0.2578125 0.41875 0.2578125 0.25416666666666665
0 0.33125 0.23541666666666666 0.29375 0.23541666666666666 0.29375 0.3875 0.33125 0.3875 0.33125 0.23541666666666666
0 0.253125 0.3854166666666667 0.2109375 0.3854166666666667 0.2109375 0.5875 0.253125 0.5875 0.253125 0.3854166666666667
0 0.203125 0.3625 0.1390625 0.3625 0.1390625 0.56875 0.203125 0.56875 0.203125 0.3625
0 0.1109375 0.4375 0.065625 0.4375 0.065625 0.6375 0.1109375 0.6375 0.1109375 0.4375
0 0.53125 0.7395833333333334 0.4609375 0.7395833333333334 0.4609375 0.9979166666666667 0.53125 0.9979166666666667 0.53125 0.7395833333333334
0 0.6015625 0.45 0.53125 0.45 0.53125 0.5625 0.6015625 0.5625 0.6015625 0.45
0 0.48125 0.5145833333333333 0.4375 0.5145833333333333 0.4375 0.70625 0.48125 0.70625 0.48125 0.5145833333333333
0 0.5515625 0.5270833333333333 0.4890625 0.5270833333333333 0.4890625 0.69375 0.5515625 0.69375 0.5515625 0.5270833333333333