0 0.434375 0.48333333333333334 0.371875 0.48333333333333334 0.371875 0.55625 0.434375 0.55625 0.434375 0.48333333333333334
0 0.6296875 0.48333333333333334 0.571875 0.48333333333333334 0.571875 0.6541666666666667 0.6296875 0.6541666666666667 0.6296875 0.48333333333333334
0 0.2921875 0.08333333333333333 0.2546875 0.08333333333333333 0.2546875 0.15625 0.2921875 0.15625 0.2921875 0.08333333333333333
0 0.6390625 0.11666666666666667 0.6046875 0.11666666666666667 0.6046875 0.23541666666666666 0.6390625 0.23541666666666666 0.6390625 0.11666666666666667
0 0.675 0.125 0.6375 0.125 0.6375 0.23333333333333334 0.675 0.23333333333333334 0.675 0.125
0 0.7578125 0.19583333333333333 0.7203125 0.19583333333333333 0.7203125 0.35208333333333336 0.7578125 0.35208333333333336 0.7578125 0.19583333333333333
0 0.709375 0.19791666666666666 0.659375 0.19791666666666666 0.659375 0.35833333333333334 0.709375 0.35833333333333334 0.709375 0.19791666666666666
0 0.2328125 0.06666666666666667 0.2015625 0.06666666666666667 0.2015625 0.16875 0.2328125 0.16875 0.2328125 0.06666666666666667
0 0.2796875 0.15416666666666667 0.25625 0.15416666666666667 0.25625 0.2916666666666667 0.2796875 0.2916666666666667 0.2796875 0.15416666666666667
0 0.309375 0.14791666666666667 0.278125 0.14791666666666667 0.278125 0.2708333333333333 0.309375 0.2708333333333333 0.309375 0.14791666666666667
0 0.26875 0.16875 0.23125 0.16875 0.23125 0.3 0.26875 0.3 0.26875 0.16875
0 0.3390625 0.19375 0.303125 0.19375 0.303125 0.3333333333333333 0.3390625 0.3333333333333333 0.3390625 0.19375
0 0.303125 0.2 0.275 0.2 0.275 0.32708333333333334 0.303125 0.32708333333333334 0.303125 0.2
0 0 0.8166666666666667 0.059375 0.8166666666666667 0.059375 0.5770833333333333 0 0.5770833333333333 0 0.8166666666666667
0 0.30625 0.73125 0.25625 0.73125 0.25625 0.9979166666666667 0.30625 0.9979166666666667 0.30625 0.73125
0 0.371875 0.775 0.29375 0.775 0.29375 0.9979166666666667 0.371875 0.9979166666666667 0.371875 0.775
0 0.4609375 0.7354166666666667 0.396875 0.7354166666666667 0.396875 0.9979166666666667 0.4609375 0.9979166666666667 0.4609375 0.7354166666666667
0 0.7015625 0.7729166666666667 0.6234375 0.7729166666666667 0.6234375 0.9979166666666667 0.7015625 0.9979166666666667 0.7015625 0.7729166666666667
0 0.803125 0.7770833333333333 0.7125 0.7770833333333333 0.7125 0.9979166666666667 0.803125 0.9979166666666667 0.803125 0.7770833333333333
2 0.134375 0.7145833333333333 0.053125 0.7145833333333333 0.053125 0.9979166666666667 0.134375 0.9979166666666667 0.134375 0.7145833333333333
2 0.2 0.7416666666666667 0.1234375 0.7416666666666667 0.1234375 0.9979166666666667 0.2 0.9979166666666667 0.2 0.7416666666666667
2 0.5421875 0.50625 0.471875 0.50625 0.471875 0.7 0.5421875 0.7 0.5421875 0.50625