0 0.353125 0.07916666666666666 0.321875 0.07916666666666666 0.321875 0.17083333333333334 0.353125 0.17083333333333334 0.353125 0.07916666666666666
0 0.334375 0.07708333333333334 0.30625 0.07708333333333334 0.30625 0.18125 0.334375 0.18125 0.334375 0.07708333333333334
0 0.2890625 0.09583333333333334 0.2609375 0.09583333333333334 0.2609375 0.20208333333333334 0.2890625 0.20208333333333334 0.2890625 0.09583333333333334
0 0.2640625 0.0875 0.2359375 0.0875 0.2359375 0.2 0.2640625 0.2 0.2640625 0.0875
0 0.3953125 0.27708333333333335 0.35 0.27708333333333335 0.35 0.45 0.3953125 0.45 0.3953125 0.27708333333333335
0 0.3453125 0.275 0.3 0.275 0.3 0.45416666666666666 0.3453125 0.45416666666666666 0.3453125 0.275
0 0.33125 0.34791666666666665 0.2875 0.34791666666666665 0.2875 0.5270833333333333 0.33125 0.5270833333333333 0.33125 0.34791666666666665
0 0.25625 0.34791666666666665 0.2171875 0.34791666666666665 0.2171875 0.5354166666666667 0.25625 0.5354166666666667 0.25625 0.34791666666666665
0 0.128125 0.45208333333333334 0.06875 0.45208333333333334 0.06875 0.6604166666666667 0.128125 0.6604166666666667 0.128125 0.45208333333333334
0 0.0703125 0.49375 0.0140625 0.49375 0.0140625 0.73125 0.0703125 0.73125 0.0703125 0.49375
0 0.15 0.5 0.090625 0.5 0.090625 0.7395833333333334 0.15 0.7395833333333334 0.15 0.5
0 0.425 0.4125 0.3765625 0.4125 0.3765625 0.55625 0.425 0.55625 0.425 0.4125
0 0.8546875 0.16666666666666666 0.8234375 0.16666666666666666 0.8234375 0.29375 0.8546875 0.29375 0.8546875 0.16666666666666666
0 0.6265625 0.17916666666666667 0.5859375 0.17916666666666667 0.5859375 0.32708333333333334 0.6265625 0.32708333333333334 0.6265625 0.17916666666666667
0 0.6546875 0.4083333333333333 0.6125 0.4083333333333333 0.6125 0.625 0.6546875 0.625 0.6546875 0.4083333333333333
0 0.4796875 0.6104166666666667 0.4265625 0.6104166666666667 0.4265625 0.81875 0.4796875 0.81875 0.4796875 0.6104166666666667
0 0.4765625 0.7479166666666667 0.40625 0.7479166666666667 0.40625 0.9979166666666667 0.4765625 0.9979166666666667 0.4765625 0.7479166666666667
0 0.9828125 0.6791666666666667 0.8984375 0.6791666666666667 0.8984375 0.9854166666666667 0.9828125 0.9854166666666667 0.9828125 0.6791666666666667
0 0.865625 0.6625 0.7890625 0.6625 0.7890625 0.9375 0.865625 0.9375 0.865625 0.6625
0 0.8109375 0.32083333333333336 0.75625 0.32083333333333336 0.75625 0.5083333333333333 0.8109375 0.5083333333333333 0.8109375 0.32083333333333336
0 0.740625 0.32708333333333334 0.6953125 0.32708333333333334 0.6953125 0.5166666666666667 0.740625 0.5166666666666667 0.740625 0.32708333333333334