0 0.29375 0.07291666666666667 0.2671875 0.07291666666666667 0.2671875 0.18541666666666667 0.29375 0.18541666666666667 0.29375 0.07291666666666667
2 0.4703125 0.49375 0.4125 0.49375 0.4125 0.6895833333333333 0.4703125 0.6895833333333333 0.4703125 0.49375
2 0.6484375 0.4625 0.5453125 0.4625 0.5453125 0.6375 0.6484375 0.6375 0.6484375 0.4625
2 0.6484375 0.4875 0.528125 0.4875 0.528125 0.6708333333333333 0.6484375 0.6708333333333333 0.6484375 0.4875
2 0.54375 0.5145833333333333 0.4859375 0.5145833333333333 0.4859375 0.7 0.54375 0.7 0.54375 0.5145833333333333
0 0.8734375 0.15416666666666667 0.8390625 0.15416666666666667 0.8390625 0.30625 0.8734375 0.30625 0.8734375 0.15416666666666667
0 0.83125 0.14791666666666667 0.7859375 0.14791666666666667 0.7859375 0.3020833333333333 0.83125 0.3020833333333333 0.83125 0.14791666666666667
0 0.321875 0.13125 0.2640625 0.13125 0.2640625 0.29583333333333334 0.321875 0.29583333333333334 0.321875 0.13125
0 0.36875 0.15833333333333333 0.33125 0.15833333333333333 0.33125 0.31666666666666665 0.36875 0.31666666666666665 0.36875 0.15833333333333333
0 0.3125 0.2 0.265625 0.2 0.265625 0.3541666666666667 0.3125 0.3541666666666667 0.3125 0.2
0 0.259375 0.2125 0.221875 0.2125 0.221875 0.36875 0.259375 0.36875 0.259375 0.2125
0 0.28125 0.3020833333333333 0.240625 0.3020833333333333 0.240625 0.5083333333333333 0.28125 0.5083333333333333 0.28125 0.3020833333333333
0 0.334375 0.3020833333333333 0.2828125 0.3020833333333333 0.2828125 0.5020833333333333 0.334375 0.5020833333333333 0.334375 0.3020833333333333
0 0.278125 0.49166666666666664 0.20625 0.49166666666666664 0.20625 0.7666666666666667 0.278125 0.7666666666666667 0.278125 0.49166666666666664
0 0.359375 0.7291666666666666 0.290625 0.7291666666666666 0.290625 0.9958333333333333 0.359375 0.9958333333333333 0.359375 0.7291666666666666
0 0.6078125 0.64375 0.5328125 0.64375 0.5328125 0.9416666666666667 0.6078125 0.9416666666666667 0.6078125 0.64375
0 0.7046875 0.6208333333333333 0.6046875 0.6208333333333333 0.6046875 0.9208333333333333 0.7046875 0.9208333333333333 0.7046875 0.6208333333333333