0 0.5984375 0.45416666666666666 0.5375 0.45416666666666666 0.5375 0.5541666666666667 0.5984375 0.5541666666666667 0.5984375 0.45416666666666666
0 0.371875 0.07708333333333334 0.3484375 0.07708333333333334 0.3484375 0.16041666666666668 0.371875 0.16041666666666668 0.371875 0.07708333333333334
0 0.284375 0.08541666666666667 0.2640625 0.08541666666666667 0.2640625 0.15833333333333333 0.284375 0.15833333333333333 0.284375 0.08541666666666667
0 0.303125 0.08541666666666667 0.28125 0.08541666666666667 0.28125 0.1625 0.303125 0.1625 0.303125 0.08541666666666667
0 0.35 0.08125 0.328125 0.08125 0.328125 0.16041666666666668 0.35 0.16041666666666668 0.35 0.08125
0 0.4453125 0.20416666666666666 0.4109375 0.20416666666666666 0.4109375 0.3458333333333333 0.4453125 0.3458333333333333 0.4453125 0.20416666666666666
0 0.36875 0.19791666666666666 0.3265625 0.19791666666666666 0.3265625 0.34375 0.36875 0.34375 0.36875 0.19791666666666666
0 0.31875 0.25833333333333336 0.2890625 0.25833333333333336 0.2890625 0.42083333333333334 0.31875 0.42083333333333334 0.31875 0.25833333333333336
0 0.2890625 0.24166666666666667 0.2484375 0.24166666666666667 0.2484375 0.42083333333333334 0.2890625 0.42083333333333334 0.2890625 0.24166666666666667
0 0.3109375 0.3020833333333333 0.2609375 0.3020833333333333 0.2609375 0.4791666666666667 0.3109375 0.4791666666666667 0.3109375 0.3020833333333333
0 0.421875 0.24375 0.384375 0.24375 0.384375 0.4125 0.421875 0.4125 0.421875 0.24375
0 0.11875 0.38125 0.0578125 0.38125 0.0578125 0.5666666666666667 0.11875 0.5666666666666667 0.11875 0.38125
0 0 0.7666666666666667 0.05 0.7666666666666667 0.05 0.5229166666666667 0 0.5229166666666667 0 0.7666666666666667
0 0.153125 0.5041666666666667 0.0796875 0.5041666666666667 0.0796875 0.75625 0.153125 0.75625 0.153125 0.5041666666666667
0 0.209375 0.5125 0.15 0.5125 0.15 0.7625 0.209375 0.7625 0.209375 0.5125
0 0.3015625 0.73125 0.246875 0.73125 0.246875 0.9833333333333333 0.3015625 0.9833333333333333 0.3015625 0.73125
0 0.2375 0.71875 0.1765625 0.71875 0.1765625 0.9979166666666667 0.2375 0.9979166666666667 0.2375 0.71875
0 0.3515625 0.7916666666666666 0.3015625 0.7916666666666666 0.3015625 0.9979166666666667 0.3515625 0.9979166666666667 0.3515625 0.7916666666666666
0 0.3640625 0.8541666666666666 0.284375 0.8541666666666666 0.284375 0.9979166666666667 0.3640625 0.9979166666666667 0.3640625 0.8541666666666666
0 0.9046875 0.23541666666666666 0.8703125 0.23541666666666666 0.8703125 0.3729166666666667 0.9046875 0.3729166666666667 0.9046875 0.23541666666666666
0 0.8609375 0.2375 0.83125 0.2375 0.83125 0.38333333333333336 0.8609375 0.38333333333333336 0.8609375 0.2375
0 0.8703125 0.2375 0.8515625 0.2375 0.8515625 0.3875 0.8703125 0.3875 0.8703125 0.2375
0 0.815625 0.22291666666666668 0.7828125 0.22291666666666668 0.7828125 0.38333333333333336 0.815625 0.38333333333333336 0.815625 0.22291666666666668