1 0.1296875 0.775 0.084375 0.775 0.084375 0.85 0.1296875 0.85 0.1296875 0.775
0 0.284375 0.03958333333333333 0.2578125 0.03958333333333333 0.2578125 0.12083333333333333 0.284375 0.12083333333333333 0.284375 0.03958333333333333
0 0.2578125 0.0375 0.234375 0.0375 0.234375 0.10833333333333334 0.2578125 0.10833333333333334 0.2578125 0.0375
0 0.278125 0.08958333333333333 0.2375 0.08958333333333333 0.2375 0.2 0.278125 0.2 0.278125 0.08958333333333333
0 0.2296875 0.0875 0.1921875 0.0875 0.1921875 0.20416666666666666 0.2296875 0.20416666666666666 0.2296875 0.0875
2 0.465625 0.49375 0.4203125 0.49375 0.4203125 0.6958333333333333 0.465625 0.6958333333333333 0.465625 0.49375
0 0.25625 0.26458333333333334 0.1984375 0.26458333333333334 0.1984375 0.42916666666666664 0.25625 0.42916666666666664 0.25625 0.26458333333333334
2 0.6578125 0.47291666666666665 0.546875 0.47291666666666665 0.546875 0.6458333333333334 0.6578125 0.6458333333333334 0.6578125 0.47291666666666665
0 0.178125 0.45208333333333334 0.0953125 0.45208333333333334 0.0953125 0.7 0.178125 0.7 0.178125 0.45208333333333334
2 0.6265625 0.50625 0.53125 0.50625 0.53125 0.66875 0.6265625 0.66875 0.6265625 0.50625
0 0.065625 0.49166666666666664 0.015625 0.49166666666666664 0.015625 0.7145833333333333 0.065625 0.7145833333333333 0.065625 0.49166666666666664
2 0.540625 0.5166666666666667 0.4734375 0.5166666666666667 0.4734375 0.7 0.540625 0.7 0.540625 0.5166666666666667
0 0.1 0.6375 0.015625 0.6375 0.015625 0.8708333333333333 0.1 0.8708333333333333 0.1 0.6375
0 0.0953125 0.7479166666666667 0.0203125 0.7479166666666667 0.0203125 0.9354166666666667 0.0953125 0.9354166666666667 0.0953125 0.7479166666666667
0 0.090625 0.8333333333333334 0.0140625 0.8333333333333334 0.0140625 0.9875 0.090625 0.9875 0.090625 0.8333333333333334
0 0.1703125 0.7979166666666667 0.115625 0.7979166666666667 0.115625 0.9979166666666667 0.1703125 0.9979166666666667 0.1703125 0.7979166666666667
0 0.21875 0.8333333333333334 0.14375 0.8333333333333334 0.14375 0.9979166666666667 0.21875 0.9979166666666667 0.21875 0.8333333333333334
0 0.3546875 0.7270833333333333 0.2859375 0.7270833333333333 0.2859375 0.9979166666666667 0.3546875 0.9979166666666667 0.3546875 0.7270833333333333
0 0.346875 0.9333333333333333 0.2765625 0.9333333333333333 0.2765625 0.9979166666666667 0.346875 0.9979166666666667 0.346875 0.9333333333333333
0 0.85 0.14166666666666666 0.8078125 0.14166666666666666 0.8078125 0.3020833333333333 0.85 0.3020833333333333 0.85 0.14166666666666666
0 0.809375 0.15416666666666667 0.7671875 0.15416666666666667 0.7671875 0.2916666666666667 0.809375 0.2916666666666667 0.809375 0.15416666666666667
0 0.6359375 0.9104166666666667 0.5578125 0.9104166666666667 0.5578125 0.9875 0.6359375 0.9875 0.6359375 0.9104166666666667
0 0.96875 0.7270833333333333 0.89375 0.7270833333333333 0.89375 0.99375 0.96875 0.99375 0.96875 0.7270833333333333
0 0.86875 0.7208333333333333 0.7875 0.7208333333333333 0.7875 0.9979166666666667 0.86875 0.9979166666666667 0.86875 0.7208333333333333
0 0.8046875 0.44583333333333336 0.7265625 0.44583333333333336 0.7265625 0.6791666666666667 0.8046875 0.6791666666666667 0.8046875 0.44583333333333336
0 0.7796875 0.21458333333333332 0.7234375 0.21458333333333332 0.7234375 0.40208333333333335 0.7796875 0.40208333333333335 0.7796875 0.21458333333333332