0 0.46875 0.7145833333333333 0.396875 0.7145833333333333 0.396875 0.9666666666666667 0.46875 0.9666666666666667 0.46875 0.7145833333333333
0 0.503125 0.725 0.4390625 0.725 0.4390625 0.98125 0.503125 0.98125 0.503125 0.725
1 0.771875 0.9125 0.7296875 0.9125 0.7296875 0.9979166666666667 0.771875 0.9979166666666667 0.771875 0.9125
0 0.9265625 0.50625 0.865625 0.50625 0.865625 0.7229166666666667 0.9265625 0.7229166666666667 0.9265625 0.50625
0 0.940625 0.5166666666666667 0.890625 0.5166666666666667 0.890625 0.7541666666666667 0.940625 0.7541666666666667 0.940625 0.5166666666666667
0 0.325 0.08541666666666667 0.29375 0.08541666666666667 0.29375 0.16041666666666668 0.325 0.16041666666666668 0.325 0.08541666666666667
0 0.3015625 0.14375 0.2640625 0.14375 0.2640625 0.275 0.3015625 0.275 0.3015625 0.14375
0 0.2890625 0.16041666666666668 0.2546875 0.16041666666666668 0.2546875 0.28125 0.2890625 0.28125 0.2890625 0.16041666666666668
0 0.2515625 0.1875 0.2046875 0.1875 0.2046875 0.33541666666666664 0.2515625 0.33541666666666664 0.2515625 0.1875
0 0.8265625 0.16458333333333333 0.784375 0.16458333333333333 0.784375 0.29583333333333334 0.8265625 0.29583333333333334 0.8265625 0.16458333333333333
0 0.7765625 0.16875 0.7359375 0.16875 0.7359375 0.30625 0.7765625 0.30625 0.7765625 0.16875
0 0.659375 0.20833333333333334 0.6125 0.20833333333333334 0.6125 0.38333333333333336 0.659375 0.38333333333333336 0.659375 0.20833333333333334
0 0.340625 0.3 0.2921875 0.3 0.2921875 0.47708333333333336 0.340625 0.47708333333333336 0.340625 0.3
0 0.2828125 0.30833333333333335 0.2359375 0.30833333333333335 0.2359375 0.48541666666666666 0.2828125 0.48541666666666666 0.2828125 0.30833333333333335
0 0.1109375 0.37083333333333335 0.0546875 0.37083333333333335 0.0546875 0.56875 0.1109375 0.56875 0.1109375 0.37083333333333335
0 0 0.7770833333333333 0.0609375 0.7770833333333333 0.0609375 0.5541666666666667 0 0.5541666666666667 0 0.7770833333333333
0 0.0984375 0.5625 0.046875 0.5625 0.046875 0.8 0.0984375 0.8 0.0984375 0.5625
0 0.2640625 0.55 0.184375 0.55 0.184375 0.8104166666666667 0.2640625 0.8104166666666667 0.2640625 0.55
0 0.3171875 0.7354166666666667 0.2453125 0.7354166666666667 0.2453125 0.9979166666666667 0.3171875 0.9979166666666667 0.3171875 0.7354166666666667
0 0.3296875 0.7854166666666667 0.2703125 0.7854166666666667 0.2703125 0.9979166666666667 0.3296875 0.9979166666666667 0.3296875 0.7854166666666667
0 0.3875 0.7604166666666666 0.315625 0.7604166666666666 0.315625 0.9979166666666667 0.3875 0.9979166666666667 0.3875 0.7604166666666666
0 0.48125 0.7770833333333333 0.4 0.7770833333333333 0.4 0.9979166666666667 0.48125 0.9979166666666667 0.48125 0.7770833333333333
0 0.6140625 0.61875 0.5375 0.61875 0.5375 0.9291666666666667 0.6140625 0.9291666666666667 0.6140625 0.61875
0 0.553125 0.8625 0.4796875 0.8625 0.4796875 0.9979166666666667 0.553125 0.9979166666666667 0.553125 0.8625
0 0.69375 0.7979166666666667 0.621875 0.7979166666666667 0.621875 0.9979166666666667 0.69375 0.9979166666666667 0.69375 0.7979166666666667
2 0.6359375 0.47708333333333336 0.5546875 0.47708333333333336 0.5546875 0.6645833333333333 0.6359375 0.6645833333333333 0.6359375 0.47708333333333336
2 0.6203125 0.5083333333333333 0.5421875 0.5083333333333333 0.5421875 0.6708333333333333 0.6203125 0.6708333333333333 0.6203125 0.5083333333333333