0 0.2921875 0.08333333333333333 0.2625 0.08333333333333333 0.2625 0.16041666666666668 0.2921875 0.16041666666666668 0.2921875 0.08333333333333333
0 0.3515625 0.07708333333333334 0.3265625 0.07708333333333334 0.3265625 0.15416666666666667 0.3515625 0.15416666666666667 0.3515625 0.07708333333333334
0 0.340625 0.14583333333333334 0.309375 0.14583333333333334 0.309375 0.2604166666666667 0.340625 0.2604166666666667 0.340625 0.14583333333333334
0 0.309375 0.14791666666666667 0.2765625 0.14791666666666667 0.2765625 0.27291666666666664 0.309375 0.27291666666666664 0.309375 0.14791666666666667
2 0.3078125 0.24375 0.2640625 0.24375 0.2640625 0.39166666666666666 0.3078125 0.39166666666666666 0.3078125 0.24375
2 0.25 0.24166666666666667 0.203125 0.24166666666666667 0.203125 0.38958333333333334 0.25 0.38958333333333334 0.25 0.24166666666666667
0 0.2671875 0.28125 0.2203125 0.28125 0.2203125 0.44375 0.2671875 0.44375 0.2671875 0.28125
0 0.325 0.28125 0.2703125 0.28125 0.2703125 0.44375 0.325 0.44375 0.325 0.28125
0 0.3875 0.21041666666666667 0.346875 0.21041666666666667 0.346875 0.35833333333333334 0.3875 0.35833333333333334 0.3875 0.21041666666666667
0 0.66875 0.08958333333333333 0.634375 0.08958333333333333 0.634375 0.20625 0.66875 0.20625 0.66875 0.08958333333333333
0 0.6328125 0.09583333333333334 0.60625 0.09583333333333334 0.60625 0.21041666666666667 0.6328125 0.21041666666666667 0.6328125 0.09583333333333334
0 0.61875 0.37916666666666665 0.571875 0.37916666666666665 0.571875 0.5729166666666666 0.61875 0.5729166666666666 0.61875 0.37916666666666665
0 0.6546875 0.35833333333333334 0.6046875 0.35833333333333334 0.6046875 0.5520833333333334 0.6546875 0.5520833333333334 0.6546875 0.35833333333333334
0 0.34375 0.7791666666666667 0.2859375 0.7791666666666667 0.2859375 0.9979166666666667 0.34375 0.9979166666666667 0.34375 0.7791666666666667
0 0.4796875 0.6229166666666667 0.4234375 0.6229166666666667 0.4234375 0.8479166666666667 0.4796875 0.8479166666666667 0.4796875 0.6229166666666667
0 0.4828125 0.51875 0.4265625 0.51875 0.4265625 0.6916666666666667 0.4828125 0.6916666666666667 0.4828125 0.51875
0 0.553125 0.5166666666666667 0.4984375 0.5166666666666667 0.4984375 0.7 0.553125 0.7 0.553125 0.5166666666666667
2 0.2546875 0.48125 0.2203125 0.48125 0.2203125 0.6625 0.2546875 0.6625 0.2546875 0.48125
2 0.2328125 0.49583333333333335 0.2 0.49583333333333335 0.2 0.6875 0.2328125 0.6875 0.2328125 0.49583333333333335
0 0.2234375 0.5270833333333333 0.175 0.5270833333333333 0.175 0.76875 0.2234375 0.76875 0.2234375 0.5270833333333333
0 0.125 0.4979166666666667 0.0734375 0.4979166666666667 0.0734375 0.725 0.125 0.725 0.125 0.4979166666666667
0 0.0859375 0.4979166666666667 0.0109375 0.4979166666666667 0.0109375 0.7083333333333334 0.0859375 0.7083333333333334 0.0859375 0.4979166666666667
0 0 0.9479166666666666 0.0421875 0.9479166666666666 0.0421875 0.65 0 0.65 0 0.9479166666666666
0 0.1171875 0.6958333333333333 0.040625 0.6958333333333333 0.040625 0.9541666666666667 0.1171875 0.9541666666666667 0.1171875 0.6958333333333333
0 0.959375 0.75 0.8671875 0.75 0.8671875 0.9979166666666667 0.959375 0.9979166666666667 0.959375 0.75
0 0.8109375 0.73125 0.7328125 0.73125 0.7328125 0.9979166666666667 0.8109375 0.9979166666666667 0.8109375 0.73125
0 0.76875 0.35208333333333336 0.70625 0.35208333333333336 0.70625 0.5729166666666666 0.76875 0.5729166666666666 0.76875 0.35208333333333336