0 0.8140625 0.34375 0.775 0.34375 0.775 0.5229166666666667 0.8140625 0.5229166666666667 0.8140625 0.34375
0 0.7765625 0.32708333333333334 0.7375 0.32708333333333334 0.7375 0.5166666666666667 0.7765625 0.5166666666666667 0.7765625 0.32708333333333334
0 0.740625 0.31666666666666665 0.6984375 0.31666666666666665 0.6984375 0.5041666666666667 0.740625 0.5041666666666667 0.740625 0.31666666666666665
2 0.4734375 0.6291666666666667 0.4390625 0.6291666666666667 0.4390625 0.8208333333333333 0.4734375 0.8208333333333333 0.4734375 0.6291666666666667
0 0.4171875 0.4875 0.3578125 0.4875 0.3578125 0.5583333333333333 0.4171875 0.5583333333333333 0.4171875 0.4875
0 0.2578125 0.08958333333333333 0.2296875 0.08958333333333333 0.2296875 0.19166666666666668 0.2578125 0.19166666666666668 0.2578125 0.08958333333333333
0 0.2796875 0.14375 0.2578125 0.14375 0.2578125 0.25 0.2796875 0.25 0.2796875 0.14375
0 0.284375 0.16666666666666666 0.24375 0.16666666666666666 0.24375 0.28958333333333336 0.284375 0.28958333333333336 0.284375 0.16666666666666666
0 0.3015625 0.0875 0.259375 0.0875 0.259375 0.14583333333333334 0.3015625 0.14583333333333334 0.3015625 0.0875
0 0.7421875 0.09166666666666666 0.7171875 0.09166666666666666 0.7171875 0.21875 0.7421875 0.21875 0.7421875 0.09166666666666666
0 0.7546875 0.12708333333333333 0.728125 0.12708333333333333 0.728125 0.23958333333333334 0.7546875 0.23958333333333334 0.7546875 0.12708333333333333
0 0.715625 0.12291666666666666 0.6828125 0.12291666666666666 0.6828125 0.27291666666666664 0.715625 0.27291666666666664 0.715625 0.12291666666666666
0 0.7328125 0.16875 0.7015625 0.16875 0.7015625 0.29583333333333334 0.7328125 0.29583333333333334 0.7328125 0.16875
0 0.325 0.14166666666666666 0.29375 0.14166666666666666 0.29375 0.24791666666666667 0.325 0.24791666666666667 0.325 0.14166666666666666
0 0.240625 0.1375 0.2046875 0.1375 0.2046875 0.27291666666666664 0.240625 0.27291666666666664 0.240625 0.1375
0 0.2234375 0.15833333333333333 0.1921875 0.15833333333333333 0.1921875 0.26458333333333334 0.2234375 0.26458333333333334 0.2234375 0.15833333333333333
0 0.403125 0.2604166666666667 0.365625 0.2604166666666667 0.365625 0.44375 0.403125 0.44375 0.403125 0.2604166666666667
0 0.365625 0.25833333333333336 0.321875 0.25833333333333336 0.321875 0.41875 0.365625 0.41875 0.365625 0.25833333333333336
0 0.3171875 0.26458333333333334 0.2796875 0.26458333333333334 0.2796875 0.425 0.3171875 0.425 0.3171875 0.26458333333333334
0 0.2875 0.2916666666666667 0.2390625 0.2916666666666667 0.2390625 0.48541666666666666 0.2875 0.48541666666666666 0.2875 0.2916666666666667
0 0.0453125 0.6583333333333333 0.0015625 0.6583333333333333 0.0015625 0.9479166666666666 0.0453125 0.9479166666666666 0.0453125 0.6583333333333333
0 0.121875 0.6666666666666666 0.0359375 0.6666666666666666 0.0359375 0.925 0.121875 0.925 0.121875 0.6666666666666666
0 0.296875 0.73125 0.2421875 0.73125 0.2421875 0.9958333333333333 0.296875 0.9958333333333333 0.296875 0.73125
0 0.34375 0.7458333333333333 0.2703125 0.7458333333333333 0.2703125 0.9979166666666667 0.34375 0.9979166666666667 0.34375 0.7458333333333333
0 0.4015625 0.76875 0.3421875 0.76875 0.3421875 0.9895833333333334 0.4015625 0.9895833333333334 0.4015625 0.76875
0 0.6234375 0.48125 0.5734375 0.48125 0.5734375 0.6416666666666667 0.6234375 0.6416666666666667 0.6234375 0.48125
0 0.784375 0.5041666666666667 0.7171875 0.5041666666666667 0.7171875 0.7375 0.784375 0.7375 0.784375 0.5041666666666667
2 0.7171875 0.43125 0.6625 0.43125 0.6625 0.6479166666666667 0.7171875 0.6479166666666667 0.7171875 0.43125
2 0.546875 0.5125 0.4765625 0.5125 0.4765625 0.7 0.546875 0.7 0.546875 0.5125
2 0.921875 0.3645833333333333 0.86875 0.3645833333333333 0.86875 0.6229166666666667 0.921875 0.6229166666666667 0.921875 0.3645833333333333
2 0.8859375 0.43125 0.8359375 0.43125 0.8359375 0.6416666666666667 0.8859375 0.6416666666666667 0.8859375 0.43125