0 0.79375 0.14791666666666667 0.7609375 0.14791666666666667 0.7609375 0.26666666666666666 0.79375 0.26666666666666666 0.79375 0.14791666666666667
0 0.7515625 0.1625 0.71875 0.1625 0.71875 0.32083333333333336 0.7515625 0.32083333333333336 0.7515625 0.1625
1 0.834375 0.8770833333333333 0.78125 0.8770833333333333 0.78125 0.9979166666666667 0.834375 0.9979166666666667 0.834375 0.8770833333333333
0 0.7609375 0.08333333333333333 0.728125 0.08333333333333333 0.728125 0.20625 0.7609375 0.20625 0.7609375 0.08333333333333333
0 0.7296875 0.08125 0.7 0.08125 0.7 0.2125 0.7296875 0.2125 0.7296875 0.08125
2 0.534375 0.5458333333333333 0.4734375 0.5458333333333333 0.4734375 0.7895833333333333 0.534375 0.7895833333333333 0.534375 0.5458333333333333
0 0.4140625 0.45208333333333334 0.371875 0.45208333333333334 0.371875 0.5625 0.4140625 0.5625 0.4140625 0.45208333333333334
0 0.46875 0.20208333333333334 0.41875 0.20208333333333334 0.41875 0.3020833333333333 0.46875 0.3020833333333333 0.46875 0.20208333333333334
0 0.2 0.04791666666666667 0.1671875 0.04791666666666667 0.1671875 0.12083333333333333 0.2 0.12083333333333333 0.2 0.04791666666666667
0 0.309375 0.07291666666666667 0.2609375 0.07291666666666667 0.2609375 0.15833333333333333 0.309375 0.15833333333333333 0.309375 0.07291666666666667
0 0.2390625 0.10625 0.1984375 0.10625 0.1984375 0.19166666666666668 0.2390625 0.19166666666666668 0.2390625 0.10625
0 0.2109375 0.15416666666666667 0.178125 0.15416666666666667 0.178125 0.28125 0.2109375 0.28125 0.2109375 0.15416666666666667
0 0.25 0.15 0.21875 0.15 0.21875 0.26666666666666666 0.25 0.26666666666666666 0.25 0.15
0 0.24375 0.225 0.1953125 0.225 0.1953125 0.34375 0.24375 0.34375 0.24375 0.225
0 0.221875 0.2916666666666667 0.1765625 0.2916666666666667 0.1765625 0.4875 0.221875 0.4875 0.221875 0.2916666666666667
0 0.5125 0.5979166666666667 0.4515625 0.5979166666666667 0.4515625 0.8479166666666667 0.5125 0.8479166666666667 0.5125 0.5979166666666667
0 0.4328125 0.7625 0.3734375 0.7625 0.3734375 0.9916666666666667 0.4328125 0.9916666666666667 0.4328125 0.7625
0 0.23125 0.8583333333333333 0.159375 0.8583333333333333 0.159375 0.99375 0.23125 0.99375 0.23125 0.8583333333333333
2 0.471875 0.49375 0.421875 0.49375 0.421875 0.6854166666666667 0.471875 0.6854166666666667 0.471875 0.49375
0 0.890625 0.84375 0.834375 0.84375 0.834375 0.9979166666666667 0.890625 0.9979166666666667 0.890625 0.84375
2 0.5390625 0.5041666666666667 0.4765625 0.5041666666666667 0.4765625 0.6458333333333334 0.5390625 0.6458333333333334 0.5390625 0.5041666666666667
0 0.815625 0.21666666666666667 0.7796875 0.21666666666666667 0.7796875 0.35208333333333336 0.815625 0.35208333333333336 0.815625 0.21666666666666667
0 0.7859375 0.20208333333333334 0.740625 0.20208333333333334 0.740625 0.3770833333333333 0.7859375 0.3770833333333333 0.7859375 0.20208333333333334