0 0.3578125 0.08125 0.3265625 0.08125 0.3265625 0.16666666666666666 0.3578125 0.16666666666666666 0.3578125 0.08125
0 0.278125 0.07083333333333333 0.2484375 0.07083333333333333 0.2484375 0.16458333333333333 0.278125 0.16458333333333333 0.278125 0.07083333333333333
0 0.2109375 0.13125 0.1765625 0.13125 0.1765625 0.24375 0.2109375 0.24375 0.2109375 0.13125
0 0.4515625 0.2 0.4109375 0.2 0.4109375 0.30416666666666664 0.4515625 0.30416666666666664 0.4515625 0.2
0 0.4140625 0.2 0.378125 0.2 0.378125 0.32708333333333334 0.4140625 0.32708333333333334 0.4140625 0.2
0 0.378125 0.19791666666666666 0.34375 0.19791666666666666 0.34375 0.3416666666666667 0.378125 0.3416666666666667 0.378125 0.19791666666666666
0 0.3234375 0.2 0.2921875 0.2 0.2921875 0.325 0.3234375 0.325 0.3234375 0.2
0 0.334375 0.2520833333333333 0.2921875 0.2520833333333333 0.2921875 0.4041666666666667 0.334375 0.4041666666666667 0.334375 0.2520833333333333
0 0.2890625 0.23541666666666666 0.253125 0.23541666666666666 0.253125 0.38125 0.2890625 0.38125 0.2890625 0.23541666666666666
0 0.2484375 0.24166666666666667 0.209375 0.24166666666666667 0.209375 0.37916666666666665 0.2484375 0.37916666666666665 0.2484375 0.24166666666666667
0 0.2828125 0.4083333333333333 0.2171875 0.4083333333333333 0.2171875 0.60625 0.2828125 0.60625 0.2828125 0.4083333333333333
0 0.3421875 0.41458333333333336 0.2890625 0.41458333333333336 0.2890625 0.5770833333333333 0.3421875 0.5770833333333333 0.3421875 0.41458333333333336
2 0.6 0.45208333333333334 0.528125 0.45208333333333334 0.528125 0.5541666666666667 0.6 0.5541666666666667 0.6 0.45208333333333334
0 0.4796875 0.5145833333333333 0.41875 0.5145833333333333 0.41875 0.6979166666666666 0.4796875 0.6979166666666666 0.4796875 0.5145833333333333
0 0.5515625 0.525 0.490625 0.525 0.490625 0.6979166666666666 0.5515625 0.6979166666666666 0.5515625 0.525
0 0.28125 0.73125 0.21875 0.73125 0.21875 0.9979166666666667 0.28125 0.9979166666666667 0.28125 0.73125
0 0.3453125 0.7583333333333333 0.271875 0.7583333333333333 0.271875 0.9979166666666667 0.3453125 0.9979166666666667 0.3453125 0.7583333333333333
0 0.46875 0.8020833333333334 0.359375 0.8020833333333334 0.359375 0.9979166666666667 0.46875 0.9979166666666667 0.46875 0.8020833333333334
0 0.7875 0.12083333333333333 0.7546875 0.12083333333333333 0.7546875 0.25625 0.7875 0.25625 0.7875 0.12083333333333333
0 0.7703125 0.15 0.7421875 0.15 0.7421875 0.26875 0.7703125 0.26875 0.7703125 0.15
2 0.965625 0.5354166666666667 0.8859375 0.5354166666666667 0.8859375 0.8 0.965625 0.8 0.965625 0.5354166666666667