2 0.6375 0.4791666666666667 0.5625 0.4791666666666667 0.5625 0.64375 0.6375 0.64375 0.6375 0.4791666666666667
2 0.625 0.5020833333333333 0.5265625 0.5020833333333333 0.5265625 0.675 0.625 0.675 0.625 0.5020833333333333
0 0.475 0.6875 0.4171875 0.6875 0.4171875 0.9208333333333333 0.475 0.9208333333333333 0.475 0.6875
0 0.48125 0.75625 0.4109375 0.75625 0.4109375 0.9979166666666667 0.48125 0.9979166666666667 0.48125 0.75625
0 0.45 0.7354166666666667 0.3671875 0.7354166666666667 0.3671875 0.9979166666666667 0.45 0.9979166666666667 0.45 0.7354166666666667
0 0.3953125 0.7625 0.328125 0.7625 0.328125 0.9979166666666667 0.3953125 0.9979166666666667 0.3953125 0.7625
0 0.3328125 0.7375 0.2765625 0.7375 0.2765625 0.9958333333333333 0.3328125 0.9958333333333333 0.3328125 0.7375
0 0 0.9979166666666667 0.065625 0.9979166666666667 0.065625 0.7333333333333333 0 0.7333333333333333 0 0.9979166666666667
0 0.1515625 0.7083333333333334 0.078125 0.7083333333333334 0.078125 0.9979166666666667 0.1515625 0.9979166666666667 0.1515625 0.7083333333333334
0 0.25625 0.06875 0.23125 0.06875 0.23125 0.15 0.25625 0.15 0.25625 0.06875
0 0.240625 0.075 0.215625 0.075 0.215625 0.15416666666666667 0.240625 0.15416666666666667 0.240625 0.075
0 0.2453125 0.10833333333333334 0.2109375 0.10833333333333334 0.2109375 0.23125 0.2453125 0.23125 0.2453125 0.10833333333333334
0 0.3640625 0.1 0.3296875 0.1 0.3296875 0.225 0.3640625 0.225 0.3640625 0.1
0 0.328125 0.125 0.29375 0.125 0.29375 0.23333333333333334 0.328125 0.23333333333333334 0.328125 0.125
0 0.2984375 0.11458333333333333 0.26875 0.11458333333333333 0.26875 0.22291666666666668 0.2984375 0.22291666666666668 0.2984375 0.11458333333333333
0 0.2765625 0.1375 0.2453125 0.1375 0.2453125 0.2520833333333333 0.2765625 0.2520833333333333 0.2765625 0.1375
0 0.2421875 0.14375 0.2015625 0.14375 0.2015625 0.26458333333333334 0.2421875 0.26458333333333334 0.2421875 0.14375
0 0.2609375 0.26666666666666666 0.2125 0.26666666666666666 0.2125 0.44166666666666665 0.2609375 0.44166666666666665 0.2609375 0.26666666666666666
0 0.6984375 0.14166666666666666 0.665625 0.14166666666666666 0.665625 0.28125 0.6984375 0.28125 0.6984375 0.14166666666666666
0 0.6921875 0.16875 0.659375 0.16875 0.659375 0.30416666666666664 0.6921875 0.30416666666666664 0.6921875 0.16875
0 0.6703125 0.15625 0.6421875 0.15625 0.6421875 0.28125 0.6703125 0.28125 0.6703125 0.15625
0 0.646875 0.15833333333333333 0.621875 0.15833333333333333 0.621875 0.28541666666666665 0.646875 0.28541666666666665 0.646875 0.15833333333333333
0 0.625 0.20416666666666666 0.584375 0.20416666666666666 0.584375 0.33541666666666664 0.625 0.33541666666666664 0.625 0.20416666666666666
0 0.75625 0.15208333333333332 0.7140625 0.15208333333333332 0.7140625 0.2791666666666667 0.75625 0.2791666666666667 0.75625 0.15208333333333332
0 0.8484375 0.28958333333333336 0.7953125 0.28958333333333336 0.7953125 0.4791666666666667 0.8484375 0.4791666666666667 0.8484375 0.28958333333333336
0 0.796875 0.29375 0.7484375 0.29375 0.7484375 0.47291666666666665 0.796875 0.47291666666666665 0.796875 0.29375
0 0.71875 0.4166666666666667 0.659375 0.4166666666666667 0.659375 0.65625 0.71875 0.65625 0.71875 0.4166666666666667
1 0.653125 0.29791666666666666 0.63125 0.29791666666666666 0.63125 0.38333333333333336 0.653125 0.38333333333333336 0.653125 0.29791666666666666