0 0.5984375 0.45625 0.528125 0.45625 0.528125 0.5541666666666667 0.5984375 0.5541666666666667 0.5984375 0.45625
0 0.384375 0.10416666666666667 0.3515625 0.10416666666666667 0.3515625 0.22083333333333333 0.384375 0.22083333333333333 0.384375 0.10416666666666667
0 0.3671875 0.07916666666666666 0.346875 0.07916666666666666 0.346875 0.15208333333333332 0.3671875 0.15208333333333332 0.3671875 0.07916666666666666
0 0.35 0.07916666666666666 0.325 0.07916666666666666 0.325 0.15833333333333333 0.35 0.15833333333333333 0.35 0.07916666666666666
0 0.2828125 0.08541666666666667 0.2609375 0.08541666666666667 0.2609375 0.15833333333333333 0.2828125 0.15833333333333333 0.2828125 0.08541666666666667
0 0.2921875 0.09166666666666666 0.2765625 0.09166666666666666 0.2765625 0.15208333333333332 0.2921875 0.15208333333333332 0.2921875 0.09166666666666666
0 0.2265625 0.06666666666666667 0.1984375 0.06666666666666667 0.1984375 0.17708333333333334 0.2265625 0.17708333333333334 0.2265625 0.06666666666666667
0 0.265625 0.12708333333333333 0.228125 0.12708333333333333 0.228125 0.24375 0.265625 0.24375 0.265625 0.12708333333333333
0 0.7390625 0.10416666666666667 0.7 0.10416666666666667 0.7 0.22916666666666666 0.7390625 0.22916666666666666 0.7390625 0.10416666666666667
0 0.6875 0.11041666666666666 0.653125 0.11041666666666666 0.653125 0.24166666666666667 0.6875 0.24166666666666667 0.6875 0.11041666666666666
0 0.6953125 0.2520833333333333 0.65 0.2520833333333333 0.65 0.425 0.6953125 0.425 0.6953125 0.2520833333333333
0 0.7578125 0.24583333333333332 0.7046875 0.24583333333333332 0.7046875 0.4166666666666667 0.7578125 0.4166666666666667 0.7578125 0.24583333333333332
0 0.7359375 0.2833333333333333 0.6890625 0.2833333333333333 0.6890625 0.45625 0.7359375 0.45625 0.7359375 0.2833333333333333
0 0.9 0.2875 0.8546875 0.2875 0.8546875 0.47291666666666665 0.9 0.47291666666666665 0.9 0.2875
0 0.8421875 0.29791666666666666 0.7984375 0.29791666666666666 0.7984375 0.4791666666666667 0.8421875 0.4791666666666667 0.8421875 0.29791666666666666
0 0.68125 0.27708333333333335 0.6234375 0.27708333333333335 0.6234375 0.475 0.68125 0.475 0.68125 0.27708333333333335
0 0.3125 0.28958333333333336 0.259375 0.28958333333333336 0.259375 0.45 0.3125 0.45 0.3125 0.28958333333333336
2 0.0640625 0.5041666666666667 0.00625 0.5041666666666667 0.00625 0.7208333333333333 0.0640625 0.7208333333333333 0.0640625 0.5041666666666667
2 0.1328125 0.59375 0.0703125 0.59375 0.0703125 0.8416666666666667 0.1328125 0.8416666666666667 0.1328125 0.59375
0 0.2078125 0.6291666666666667 0.146875 0.6291666666666667 0.146875 0.8541666666666666 0.2078125 0.8541666666666666 0.2078125 0.6291666666666667
2 0.2359375 0.71875 0.175 0.71875 0.175 0.9979166666666667 0.2359375 0.9979166666666667 0.2359375 0.71875
0 0.3125 0.7291666666666666 0.253125 0.7291666666666666 0.253125 0.9979166666666667 0.3125 0.9979166666666667 0.3125 0.7291666666666666
0 0.5796875 0.7166666666666667 0.50625 0.7166666666666667 0.50625 0.9791666666666666 0.5796875 0.9791666666666666 0.5796875 0.7166666666666667
0 0.6703125 0.6791666666666667 0.59375 0.6791666666666667 0.59375 0.975 0.6703125 0.975 0.6703125 0.6791666666666667