0 0.4234375 0.48125 0.3640625 0.48125 0.3640625 0.5541666666666667 0.4234375 0.5541666666666667 0.4234375 0.48125
0 0.4078125 0.76875 0.3296875 0.76875 0.3296875 0.98125 0.4078125 0.98125 0.4078125 0.76875
0 0.3375 0.76875 0.259375 0.76875 0.259375 0.9979166666666667 0.3375 0.9979166666666667 0.3375 0.76875
0 0.29375 0.08333333333333333 0.2515625 0.08333333333333333 0.2515625 0.14791666666666667 0.29375 0.14791666666666667 0.29375 0.08333333333333333
0 0.24375 0.09791666666666667 0.20625 0.09791666666666667 0.20625 0.22083333333333333 0.24375 0.22083333333333333 0.24375 0.09791666666666667
0 0.2125 0.15625 0.1875 0.15625 0.1875 0.2833333333333333 0.2125 0.2833333333333333 0.2125 0.15625
0 0.2484375 0.26666666666666666 0.1828125 0.26666666666666666 0.1828125 0.4479166666666667 0.2484375 0.4479166666666667 0.2484375 0.26666666666666666
0 0.3296875 0.18541666666666667 0.2859375 0.18541666666666667 0.2859375 0.3541666666666667 0.3296875 0.3541666666666667 0.3296875 0.18541666666666667
0 0.3796875 0.2125 0.3296875 0.2125 0.3296875 0.3625 0.3796875 0.3625 0.3796875 0.2125
0 0.6140625 0.08958333333333333 0.578125 0.08958333333333333 0.578125 0.22083333333333333 0.6140625 0.22083333333333333 0.6140625 0.08958333333333333
0 0.628125 0.1 0.6015625 0.1 0.6015625 0.21458333333333332 0.628125 0.21458333333333332 0.628125 0.1
2 0.671875 0.08958333333333333 0.640625 0.08958333333333333 0.640625 0.19375 0.671875 0.19375 0.671875 0.08958333333333333
2 0.7140625 0.07083333333333333 0.6734375 0.07083333333333333 0.6734375 0.19791666666666666 0.7140625 0.19791666666666666 0.7140625 0.07083333333333333
0 0.6140625 0.24583333333333332 0.5703125 0.24583333333333332 0.5703125 0.43333333333333335 0.6140625 0.43333333333333335 0.6140625 0.24583333333333332
0 0.6640625 0.23958333333333334 0.6125 0.23958333333333334 0.6125 0.425 0.6640625 0.425 0.6640625 0.23958333333333334
2 0.29375 0.19375 0.2453125 0.19375 0.2453125 0.34375 0.29375 0.34375 0.29375 0.19375
2 0.5484375 0.5104166666666666 0.4671875 0.5104166666666666 0.4671875 0.70625 0.5484375 0.70625 0.5484375 0.5104166666666666