0 0.3515625 0.7854166666666667 0.2875 0.7854166666666667 0.2875 0.9916666666666667 0.3515625 0.9916666666666667 0.3515625 0.7854166666666667
0 0.6625 0.06041666666666667 0.628125 0.06041666666666667 0.628125 0.15625 0.6625 0.15625 0.6625 0.06041666666666667
0 0.790625 0.16875 0.753125 0.16875 0.753125 0.29583333333333334 0.790625 0.29583333333333334 0.790625 0.16875
0 0.228125 0.12083333333333333 0.1890625 0.12083333333333333 0.1890625 0.24583333333333332 0.228125 0.24583333333333332 0.228125 0.12083333333333333
0 0.3640625 0.10833333333333334 0.325 0.10833333333333334 0.325 0.24375 0.3640625 0.24375 0.3640625 0.10833333333333334
0 0.346875 0.15625 0.3171875 0.15625 0.3171875 0.275 0.346875 0.275 0.346875 0.15625
2 0.465625 0.49375 0.4203125 0.49375 0.4203125 0.6958333333333333 0.465625 0.6958333333333333 0.465625 0.49375
0 0.30625 0.13541666666666666 0.2625 0.13541666666666666 0.2625 0.27291666666666664 0.30625 0.27291666666666664 0.30625 0.13541666666666666
2 0.6578125 0.47291666666666665 0.546875 0.47291666666666665 0.546875 0.6458333333333334 0.6578125 0.6458333333333334 0.6578125 0.47291666666666665
0 0.384375 0.25833333333333336 0.3453125 0.25833333333333336 0.3453125 0.4375 0.384375 0.4375 0.384375 0.25833333333333336
2 0.6265625 0.50625 0.53125 0.50625 0.53125 0.66875 0.6265625 0.66875 0.6265625 0.50625
0 0.35 0.24791666666666667 0.3109375 0.24791666666666667 0.3109375 0.42916666666666664 0.35 0.42916666666666664 0.35 0.24791666666666667
2 0.540625 0.5166666666666667 0.4734375 0.5166666666666667 0.4734375 0.7 0.540625 0.7 0.540625 0.5166666666666667
0 0.2984375 0.26458333333333334 0.265625 0.26458333333333334 0.265625 0.42916666666666664 0.2984375 0.42916666666666664 0.2984375 0.26458333333333334
0 0.06875 0.4479166666666667 0.0046875 0.4479166666666667 0.0046875 0.7104166666666667 0.06875 0.7104166666666667 0.06875 0.4479166666666667
0 0.1 0.42291666666666666 0.0484375 0.42291666666666666 0.0484375 0.625 0.1 0.625 0.1 0.42291666666666666
0 0.2546875 0.5895833333333333 0.1875 0.5895833333333333 0.1875 0.8145833333333333 0.2546875 0.8145833333333333 0.2546875 0.5895833333333333
0 0.6828125 0.65 0.6109375 0.65 0.6109375 0.95 0.6828125 0.95 0.6828125 0.65
0 0.728125 0.8895833333333333 0.6515625 0.8895833333333333 0.6515625 0.9979166666666667 0.728125 0.9979166666666667 0.728125 0.8895833333333333
0 0.8046875 0.8916666666666667 0.728125 0.8916666666666667 0.728125 0.9979166666666667 0.8046875 0.9979166666666667 0.8046875 0.8916666666666667
0 0.80625 0.6104166666666667 0.728125 0.6104166666666667 0.728125 0.86875 0.80625 0.86875 0.80625 0.6104166666666667
0 0.7859375 0.36041666666666666 0.7234375 0.36041666666666666 0.7234375 0.575 0.7859375 0.575 0.7859375 0.36041666666666666
2 0.678125 0.18958333333333333 0.621875 0.18958333333333333 0.621875 0.34791666666666665 0.678125 0.34791666666666665 0.678125 0.18958333333333333
2 0.7140625 0.19375 0.66875 0.19375 0.66875 0.33958333333333335 0.7140625 0.33958333333333335 0.7140625 0.19375
2 0.765625 0.19583333333333333 0.73125 0.19583333333333333 0.73125 0.3020833333333333 0.765625 0.3020833333333333 0.765625 0.19583333333333333
2 0.7359375 0.17708333333333334 0.7046875 0.17708333333333334 0.7046875 0.3104166666666667 0.7359375 0.3104166666666667 0.7359375 0.17708333333333334
1 0.609375 0.7833333333333333 0.55625 0.7833333333333333 0.55625 0.9333333333333333 0.609375 0.9333333333333333 0.609375 0.7833333333333333