0 0.2765625 0.06875 0.2546875 0.06875 0.2546875 0.14166666666666666 0.2765625 0.14166666666666666 0.2765625 0.06875
1 0.1984375 0.10208333333333333 0.1765625 0.10208333333333333 0.1765625 0.20208333333333334 0.1984375 0.20208333333333334 0.1984375 0.10208333333333333
1 0.215625 0.10833333333333334 0.1890625 0.10833333333333334 0.1890625 0.19791666666666666 0.215625 0.19791666666666666 0.215625 0.10833333333333334
0 0.38125 0.1 0.346875 0.1 0.346875 0.2 0.38125 0.2 0.38125 0.1
0 0.3234375 0.08333333333333333 0.29375 0.08333333333333333 0.29375 0.15416666666666667 0.3234375 0.15416666666666667 0.3234375 0.08333333333333333
0 0.290625 0.15625 0.253125 0.15625 0.253125 0.2833333333333333 0.290625 0.2833333333333333 0.290625 0.15625
0 0.25625 0.2375 0.2125 0.2375 0.2125 0.40208333333333335 0.25625 0.40208333333333335 0.25625 0.2375
0 0.18125 0.35625 0.13125 0.35625 0.13125 0.5125 0.18125 0.5125 0.18125 0.35625
2 0.1515625 0.41875 0.1078125 0.41875 0.1078125 0.5520833333333334 0.1515625 0.5520833333333334 0.1515625 0.41875
2 0.1578125 0.5208333333333334 0.0859375 0.5208333333333334 0.0859375 0.7520833333333333 0.1578125 0.7520833333333333 0.1578125 0.5208333333333334
0 0.2234375 0.71875 0.1453125 0.71875 0.1453125 0.9979166666666667 0.2234375 0.9979166666666667 0.2234375 0.71875
0 0.2453125 0.69375 0.18125 0.69375 0.18125 0.9416666666666667 0.2453125 0.9416666666666667 0.2453125 0.69375
0 0.4109375 0.49166666666666664 0.35625 0.49166666666666664 0.35625 0.65 0.4109375 0.65 0.4109375 0.49166666666666664
0 0.425 0.5104166666666666 0.3796875 0.5104166666666666 0.3796875 0.675 0.425 0.675 0.425 0.5104166666666666
0 0.48125 0.5208333333333334 0.4265625 0.5208333333333334 0.4265625 0.6979166666666666 0.48125 0.6979166666666666 0.48125 0.5208333333333334
0 0.5484375 0.5229166666666667 0.496875 0.5229166666666667 0.496875 0.6958333333333333 0.5484375 0.6958333333333333 0.5484375 0.5229166666666667
2 0.6359375 0.20208333333333334 0.5890625 0.20208333333333334 0.5890625 0.36041666666666666 0.6359375 0.36041666666666666 0.6359375 0.20208333333333334
0 0.83125 0.22916666666666666 0.79375 0.22916666666666666 0.79375 0.4166666666666667 0.83125 0.4166666666666667 0.83125 0.22916666666666666
0 0.78125 0.24583333333333332 0.73125 0.24583333333333332 0.73125 0.4083333333333333 0.78125 0.4083333333333333 0.78125 0.24583333333333332
0 0.725 0.19583333333333333 0.690625 0.19583333333333333 0.690625 0.35833333333333334 0.725 0.35833333333333334 0.725 0.19583333333333333
0 0.6734375 0.225 0.6328125 0.225 0.6328125 0.3625 0.6734375 0.3625 0.6734375 0.225
0 0.575 0.35833333333333334 0.528125 0.35833333333333334 0.528125 0.49583333333333335 0.575 0.49583333333333335 0.575 0.35833333333333334
2 0.6125 0.5020833333333333 0.55 0.5020833333333333 0.55 0.6708333333333333 0.6125 0.6708333333333333 0.6125 0.5020833333333333
2 0.6421875 0.4791666666666667 0.5765625 0.4791666666666667 0.5765625 0.6395833333333333 0.6421875 0.6395833333333333 0.6421875 0.4791666666666667
0 0.896875 0.4875 0.8171875 0.4875 0.8171875 0.74375 0.896875 0.74375 0.896875 0.4875