0 0.16875 0.1625 0.14375 0.1625 0.14375 0.2875 0.16875 0.2875 0.16875 0.1625
0 0.35 0.08333333333333333 0.3265625 0.08333333333333333 0.3265625 0.15416666666666667 0.35 0.15416666666666667 0.35 0.08333333333333333
0 0.29375 0.0875 0.2765625 0.0875 0.2765625 0.15208333333333332 0.29375 0.15208333333333332 0.29375 0.0875
0 0.28125 0.0875 0.2640625 0.0875 0.2640625 0.15416666666666667 0.28125 0.15416666666666667 0.28125 0.0875
0 0.3234375 0.13125 0.296875 0.13125 0.296875 0.24583333333333332 0.3234375 0.24583333333333332 0.3234375 0.13125
0 0.30625 0.13958333333333334 0.28125 0.13958333333333334 0.28125 0.2520833333333333 0.30625 0.2520833333333333 0.30625 0.13958333333333334
2 0.3515625 0.2125 0.321875 0.2125 0.321875 0.3645833333333333 0.3515625 0.3645833333333333 0.3515625 0.2125
2 0.290625 0.15833333333333333 0.2609375 0.15833333333333333 0.2609375 0.26875 0.290625 0.26875 0.290625 0.15833333333333333
2 0.2625 0.15833333333333333 0.2328125 0.15833333333333333 0.2328125 0.275 0.2625 0.275 0.2625 0.15833333333333333
0 0.6203125 0.14375 0.5828125 0.14375 0.5828125 0.26875 0.6203125 0.26875 0.6203125 0.14375
0 0.6671875 0.12916666666666668 0.628125 0.12916666666666668 0.628125 0.25833333333333336 0.6671875 0.25833333333333336 0.6671875 0.12916666666666668
0 0.7515625 0.15416666666666667 0.7171875 0.15416666666666667 0.7171875 0.28125 0.7515625 0.28125 0.7515625 0.15416666666666667
0 0.7921875 0.42083333333333334 0.734375 0.42083333333333334 0.734375 0.6291666666666667 0.7921875 0.6291666666666667 0.7921875 0.42083333333333334
0 0.7359375 0.4041666666666667 0.678125 0.4041666666666667 0.678125 0.6354166666666666 0.7359375 0.6354166666666666 0.7359375 0.4041666666666667
0 0 0.8 0.0625 0.8 0.0625 0.5625 0 0.5625 0 0.8
0 0.209375 0.68125 0.15 0.68125 0.15 0.95 0.209375 0.95 0.209375 0.68125