0 0.41875 0.49166666666666664 0.3671875 0.49166666666666664 0.3671875 0.5541666666666667 0.41875 0.5541666666666667 0.41875 0.49166666666666664
0 0.421875 0.5041666666666667 0.3859375 0.5041666666666667 0.3859375 0.55625 0.421875 0.55625 0.421875 0.5041666666666667
0 0.196875 0.11666666666666667 0.175 0.11666666666666667 0.175 0.23125 0.196875 0.23125 0.196875 0.11666666666666667
0 0.225 0.05416666666666667 0.1984375 0.05416666666666667 0.1984375 0.15416666666666667 0.225 0.15416666666666667 0.225 0.05416666666666667
0 0.3234375 0.19791666666666666 0.2703125 0.19791666666666666 0.2703125 0.32083333333333336 0.3234375 0.32083333333333336 0.3234375 0.19791666666666666
0 0.278125 0.18958333333333333 0.2390625 0.18958333333333333 0.2390625 0.32083333333333336 0.278125 0.32083333333333336 0.278125 0.18958333333333333
0 0.7015625 0.0625 0.6625 0.0625 0.6625 0.16875 0.7015625 0.16875 0.7015625 0.0625
0 0.884375 0.22708333333333333 0.834375 0.22708333333333333 0.834375 0.39791666666666664 0.884375 0.39791666666666664 0.884375 0.22708333333333333
0 0.853125 0.28541666666666665 0.8125 0.28541666666666665 0.8125 0.46041666666666664 0.853125 0.46041666666666664 0.853125 0.28541666666666665
0 0.771875 0.2791666666666667 0.7109375 0.2791666666666667 0.7109375 0.47708333333333336 0.771875 0.47708333333333336 0.771875 0.2791666666666667
0 0.390625 0.30416666666666664 0.334375 0.30416666666666664 0.334375 0.48541666666666666 0.390625 0.48541666666666666 0.390625 0.30416666666666664
0 0.334375 0.29791666666666666 0.2859375 0.29791666666666666 0.2859375 0.4895833333333333 0.334375 0.4895833333333333 0.334375 0.29791666666666666
0 0.2859375 0.3 0.234375 0.3 0.234375 0.4895833333333333 0.2859375 0.4895833333333333 0.2859375 0.3
0 0.2046875 0.3333333333333333 0.1484375 0.3333333333333333 0.1484375 0.49375 0.2046875 0.49375 0.2046875 0.3333333333333333
0 0.2109375 0.7145833333333333 0.13125 0.7145833333333333 0.13125 0.98125 0.2109375 0.98125 0.2109375 0.7145833333333333
0 0.5046875 0.6145833333333334 0.4296875 0.6145833333333334 0.4296875 0.7895833333333333 0.5046875 0.7895833333333333 0.5046875 0.6145833333333334
0 0.525 0.6958333333333333 0.440625 0.6958333333333333 0.440625 0.9645833333333333 0.525 0.9645833333333333 0.525 0.6958333333333333
0 0.709375 0.7145833333333333 0.61875 0.7145833333333333 0.61875 0.9916666666666667 0.709375 0.9916666666666667 0.709375 0.7145833333333333
1 0.8171875 0.30416666666666664 0.7828125 0.30416666666666664 0.7828125 0.4625 0.8171875 0.4625 0.8171875 0.30416666666666664
1 0.2875 0.10208333333333333 0.2640625 0.10208333333333333 0.2640625 0.15625 0.2875 0.15625 0.2875 0.10208333333333333
2 0.1375 0.5 0.06875 0.5 0.06875 0.7416666666666667 0.1375 0.7416666666666667 0.1375 0.5
2 0.63125 0.47291666666666665 0.5484375 0.47291666666666665 0.5484375 0.6270833333333333 0.63125 0.6270833333333333 0.63125 0.47291666666666665
2 0.6578125 0.4979166666666667 0.5328125 0.4979166666666667 0.5328125 0.6791666666666667 0.6578125 0.6791666666666667 0.6578125 0.4979166666666667
2 0.55 0.5145833333333333 0.4828125 0.5145833333333333 0.4828125 0.7041666666666667 0.55 0.7041666666666667 0.55 0.5145833333333333