0 0.5984375 0.45208333333333334 0.534375 0.45208333333333334 0.534375 0.5520833333333334 0.5984375 0.5520833333333334 0.5984375 0.45208333333333334
0 0.3015625 0.03125 0.278125 0.03125 0.278125 0.09375 0.3015625 0.09375 0.3015625 0.03125
0 0.2984375 0.09166666666666666 0.278125 0.09166666666666666 0.278125 0.15416666666666667 0.2984375 0.15416666666666667 0.2984375 0.09166666666666666
0 0.28125 0.0875 0.2609375 0.0875 0.2609375 0.15208333333333332 0.28125 0.15208333333333332 0.28125 0.0875
0 0.3515625 0.07916666666666666 0.325 0.07916666666666666 0.325 0.15416666666666667 0.3515625 0.15416666666666667 0.3515625 0.07916666666666666
0 0.7796875 0.10625 0.7453125 0.10625 0.7453125 0.21458333333333332 0.7796875 0.21458333333333332 0.7796875 0.10625
0 0.7484375 0.11041666666666666 0.71875 0.11041666666666666 0.71875 0.22083333333333333 0.7484375 0.22083333333333333 0.7484375 0.11041666666666666
1 0.6875 0.15416666666666667 0.6703125 0.15416666666666667 0.6703125 0.22708333333333333 0.6875 0.22708333333333333 0.6875 0.15416666666666667
0 0.26875 0.17708333333333334 0.2265625 0.17708333333333334 0.2265625 0.31875 0.26875 0.31875 0.26875 0.17708333333333334
0 0.31875 0.2375 0.265625 0.2375 0.265625 0.41875 0.31875 0.41875 0.31875 0.2375
0 0.3640625 0.24166666666666667 0.3171875 0.24166666666666667 0.3171875 0.4083333333333333 0.3640625 0.4083333333333333 0.3640625 0.24166666666666667
0 0.31875 0.4583333333333333 0.2640625 0.4583333333333333 0.2640625 0.6395833333333333 0.31875 0.6395833333333333 0.31875 0.4583333333333333
0 0.3671875 0.44166666666666665 0.31875 0.44166666666666665 0.31875 0.6333333333333333 0.3671875 0.6333333333333333 0.3671875 0.44166666666666665
2 0.209375 0.6020833333333333 0.1578125 0.6020833333333333 0.1578125 0.85 0.209375 0.85 0.209375 0.6020833333333333
0 0.2453125 0.6333333333333333 0.190625 0.6333333333333333 0.190625 0.86875 0.2453125 0.86875 0.2453125 0.6333333333333333
0 0.5015625 0.9125 0.459375 0.9125 0.459375 0.9979166666666667 0.5015625 0.9979166666666667 0.5015625 0.9125
0 0.290625 0.725 0.2375 0.725 0.2375 0.9979166666666667 0.290625 0.9979166666666667 0.290625 0.725
0 0.5640625 0.875 0.5 0.875 0.5 0.9979166666666667 0.5640625 0.9979166666666667 0.5640625 0.875
1 0.775 0.5791666666666667 0.7359375 0.5791666666666667 0.7359375 0.69375 0.775 0.69375 0.775 0.5791666666666667
0 0.8671875 0.36041666666666666 0.8171875 0.36041666666666666 0.8171875 0.56875 0.8671875 0.56875 0.8671875 0.36041666666666666
0 0.6703125 0.4125 0.6234375 0.4125 0.6234375 0.625 0.6703125 0.625 0.6703125 0.4125
0 0.715625 0.40208333333333335 0.6625 0.40208333333333335 0.6625 0.6354166666666666 0.715625 0.6354166666666666 0.715625 0.40208333333333335
0 0.85625 0.44166666666666665 0.796875 0.44166666666666665 0.796875 0.6708333333333333 0.85625 0.6708333333333333 0.85625 0.44166666666666665