0 0.353125 0.08125 0.3390625 0.08125 0.3390625 0.14375 0.353125 0.14375 0.353125 0.08125
0 0.3140625 0.075 0.2890625 0.075 0.2890625 0.15208333333333332 0.3140625 0.15208333333333332 0.3140625 0.075
0 0.2890625 0.08125 0.259375 0.08125 0.259375 0.14375 0.2890625 0.14375 0.2890625 0.08125
0 0.2046875 0.09375 0.1734375 0.09375 0.1734375 0.19791666666666666 0.2046875 0.19791666666666666 0.2046875 0.09375
0 0.425 0.4875 0.365625 0.4875 0.365625 0.5520833333333334 0.425 0.5520833333333334 0.425 0.4875
0 0.9203125 0.34791666666666665 0.8734375 0.34791666666666665 0.8734375 0.5291666666666667 0.9203125 0.5291666666666667 0.9203125 0.34791666666666665
0 0.8765625 0.3333333333333333 0.821875 0.3333333333333333 0.821875 0.5229166666666667 0.8765625 0.5229166666666667 0.8765625 0.3333333333333333
0 0.4484375 0.2604166666666667 0.3921875 0.2604166666666667 0.3921875 0.4375 0.4484375 0.4375 0.4484375 0.2604166666666667
0 0.365625 0.14791666666666667 0.334375 0.14791666666666667 0.334375 0.2791666666666667 0.365625 0.2791666666666667 0.365625 0.14791666666666667
0 0.6390625 0.11875 0.603125 0.11875 0.603125 0.24791666666666667 0.6390625 0.24791666666666667 0.6390625 0.11875
0 0.6390625 0.22916666666666666 0.5921875 0.22916666666666666 0.5921875 0.43125 0.6390625 0.43125 0.6390625 0.22916666666666666
0 0.684375 0.25833333333333336 0.6375 0.25833333333333336 0.6375 0.45 0.684375 0.45 0.684375 0.25833333333333336
0 0.2796875 0.7375 0.1984375 0.7375 0.1984375 0.9979166666666667 0.2796875 0.9979166666666667 0.2796875 0.7375
0 0.3703125 0.7395833333333334 0.3015625 0.7395833333333334 0.3015625 0.9979166666666667 0.3703125 0.9979166666666667 0.3703125 0.7395833333333334
0 0.4609375 0.7354166666666667 0.384375 0.7354166666666667 0.384375 0.9979166666666667 0.4609375 0.9979166666666667 0.4609375 0.7354166666666667
0 0.6328125 0.49375 0.571875 0.49375 0.571875 0.6625 0.6328125 0.6625 0.6328125 0.49375
0 0.7296875 0.5020833333333333 0.6625 0.5020833333333333 0.6625 0.7604166666666666 0.7296875 0.7604166666666666 0.7296875 0.5020833333333333
0 0.8546875 0.75625 0.7625 0.75625 0.7625 0.9979166666666667 0.8546875 0.9979166666666667 0.8546875 0.75625
2 0.9921875 0.575 0.925 0.575 0.925 0.8229166666666666 0.9921875 0.8229166666666666 0.9921875 0.575
2 0.925 0.5708333333333333 0.85625 0.5708333333333333 0.85625 0.80625 0.925 0.80625 0.925 0.5708333333333333
2 0.7375 0.25833333333333336 0.6890625 0.25833333333333336 0.6890625 0.4375 0.7375 0.4375 0.7375 0.25833333333333336
2 0.546875 0.5166666666666667 0.4765625 0.5166666666666667 0.4765625 0.69375 0.546875 0.69375 0.546875 0.5166666666666667