2 0.596875 0.45416666666666666 0.5328125 0.45416666666666666 0.5328125 0.55 0.596875 0.55 0.596875 0.45416666666666666
0 0.446875 0.19791666666666666 0.4125 0.19791666666666666 0.4125 0.30625 0.446875 0.30625 0.446875 0.19791666666666666
0 0.3484375 0.08333333333333333 0.3265625 0.08333333333333333 0.3265625 0.1625 0.3484375 0.1625 0.3484375 0.08333333333333333
0 0.2953125 0.08541666666666667 0.2765625 0.08541666666666667 0.2765625 0.15416666666666667 0.2953125 0.15416666666666667 0.2953125 0.08541666666666667
0 0.28125 0.08541666666666667 0.2640625 0.08541666666666667 0.2640625 0.15 0.28125 0.15 0.28125 0.08541666666666667
0 0.20625 0.06666666666666667 0.1828125 0.06666666666666667 0.1828125 0.14583333333333334 0.20625 0.14583333333333334 0.20625 0.06666666666666667
0 0.240625 0.06875 0.2140625 0.06875 0.2140625 0.14791666666666667 0.240625 0.14791666666666667 0.240625 0.06875
2 0.2578125 0.22916666666666666 0.2203125 0.22916666666666666 0.2203125 0.37083333333333335 0.2578125 0.37083333333333335 0.2578125 0.22916666666666666
2 0.2953125 0.225 0.253125 0.225 0.253125 0.37083333333333335 0.2953125 0.37083333333333335 0.2953125 0.225
0 0.06875 0.53125 0.01875 0.53125 0.01875 0.74375 0.06875 0.74375 0.06875 0.53125
0 0.1421875 0.5458333333333333 0.0703125 0.5458333333333333 0.0703125 0.7666666666666667 0.1421875 0.7666666666666667 0.1421875 0.5458333333333333
0 0.2390625 0.73125 0.165625 0.73125 0.165625 0.9979166666666667 0.2390625 0.9979166666666667 0.2390625 0.73125
0 0.625 0.5916666666666667 0.540625 0.5916666666666667 0.540625 0.8729166666666667 0.625 0.8729166666666667 0.625 0.5916666666666667
0 0.70625 0.6 0.6234375 0.6 0.6234375 0.85 0.70625 0.85 0.70625 0.6
0 0.8125 0.3458333333333333 0.765625 0.3458333333333333 0.765625 0.56875 0.8125 0.56875 0.8125 0.3458333333333333
0 0.76875 0.3729166666666667 0.7171875 0.3729166666666667 0.7171875 0.5729166666666666 0.76875 0.5729166666666666 0.76875 0.3729166666666667
0 0.65 0.28125 0.6078125 0.28125 0.6078125 0.4583333333333333 0.65 0.4583333333333333 0.65 0.28125