1 0.1984375 0.29583333333333334 0.175 0.29583333333333334 0.175 0.35625 0.1984375 0.35625 0.1984375 0.29583333333333334
0 0.2953125 0.20625 0.2578125 0.20625 0.2578125 0.3625 0.2953125 0.3625 0.2953125 0.20625
0 0.2765625 0.24583333333333332 0.2296875 0.24583333333333332 0.2296875 0.4270833333333333 0.2765625 0.4270833333333333 0.2765625 0.24583333333333332
0 0.234375 0.2125 0.190625 0.2125 0.190625 0.34375 0.234375 0.34375 0.234375 0.2125
0 0.1453125 0.3645833333333333 0.090625 0.3645833333333333 0.090625 0.5666666666666667 0.1453125 0.5666666666666667 0.1453125 0.3645833333333333
0 0.1828125 0.38333333333333336 0.1375 0.38333333333333336 0.1375 0.6229166666666667 0.1828125 0.6229166666666667 0.1828125 0.38333333333333336
0 0.2984375 0.5333333333333333 0.2421875 0.5333333333333333 0.2421875 0.7375 0.2984375 0.7375 0.2984375 0.5333333333333333
0 0.25625 0.7145833333333333 0.1578125 0.7145833333333333 0.1578125 0.9916666666666667 0.25625 0.9916666666666667 0.25625 0.7145833333333333
0 0.24375 0.50625 0.1984375 0.50625 0.1984375 0.7104166666666667 0.24375 0.7104166666666667 0.24375 0.50625
0 0.31875 0.33958333333333335 0.2703125 0.33958333333333335 0.2703125 0.53125 0.31875 0.53125 0.31875 0.33958333333333335
0 0.359375 0.2916666666666667 0.3140625 0.2916666666666667 0.3140625 0.475 0.359375 0.475 0.359375 0.2916666666666667
0 0.375 0.2375 0.3296875 0.2375 0.3296875 0.3958333333333333 0.375 0.3958333333333333 0.375 0.2375
0 0.6265625 0.13125 0.596875 0.13125 0.596875 0.2375 0.6265625 0.2375 0.6265625 0.13125
0 0.6859375 0.1625 0.6453125 0.1625 0.6453125 0.29375 0.6859375 0.29375 0.6859375 0.1625
0 0.76875 0.16875 0.73125 0.16875 0.73125 0.3020833333333333 0.76875 0.3020833333333333 0.76875 0.16875
0 0.8109375 0.22291666666666668 0.765625 0.22291666666666668 0.765625 0.39166666666666666 0.8109375 0.39166666666666666 0.8109375 0.22291666666666668
0 0.7546875 0.26458333333333334 0.7140625 0.26458333333333334 0.7140625 0.46041666666666664 0.7546875 0.46041666666666664 0.7546875 0.26458333333333334
0 0.803125 0.2791666666666667 0.75625 0.2791666666666667 0.75625 0.4666666666666667 0.803125 0.4666666666666667 0.803125 0.2791666666666667
0 0.8890625 0.3104166666666667 0.8234375 0.3104166666666667 0.8234375 0.5354166666666667 0.8890625 0.5354166666666667 0.8890625 0.3104166666666667
1 0.65 0.19166666666666668 0.625 0.19166666666666668 0.625 0.2791666666666667 0.65 0.2791666666666667 0.65 0.19166666666666668
1 0.409375 0.2916666666666667 0.375 0.2916666666666667 0.375 0.39791666666666664 0.409375 0.39791666666666664 0.409375 0.2916666666666667
2 0.5609375 0.5770833333333333 0.496875 0.5770833333333333 0.496875 0.7854166666666667 0.5609375 0.7854166666666667 0.5609375 0.5770833333333333
2 0.471875 0.49375 0.421875 0.49375 0.421875 0.6854166666666667 0.471875 0.6854166666666667 0.471875 0.49375
2 0.5390625 0.5041666666666667 0.4765625 0.5041666666666667 0.4765625 0.6458333333333334 0.5390625 0.6458333333333334 0.5390625 0.5041666666666667
2 0.6765625 0.3770833333333333 0.6234375 0.3770833333333333 0.6234375 0.5833333333333334 0.6765625 0.5833333333333334 0.6765625 0.3770833333333333
2 0.71875 0.39166666666666666 0.6671875 0.39166666666666666 0.6671875 0.6145833333333334 0.71875 0.6145833333333334 0.71875 0.39166666666666666