0 0.3078125 0.03125 0.2875 0.03125 0.2875 0.11666666666666667 0.3078125 0.11666666666666667 0.3078125 0.03125
0 0.215625 0.03125 0.196875 0.03125 0.196875 0.09166666666666666 0.215625 0.09166666666666666 0.215625 0.03125
0 0.36875 0.07916666666666666 0.3453125 0.07916666666666666 0.3453125 0.15416666666666667 0.36875 0.15416666666666667 0.36875 0.07916666666666666
0 0.35 0.08333333333333333 0.325 0.08333333333333333 0.325 0.15416666666666667 0.35 0.15416666666666667 0.35 0.08333333333333333
0 0.2859375 0.08541666666666667 0.2734375 0.08541666666666667 0.2734375 0.14791666666666667 0.2859375 0.14791666666666667 0.2859375 0.08541666666666667
0 0.2765625 0.08333333333333333 0.2640625 0.08333333333333333 0.2640625 0.15416666666666667 0.2765625 0.15416666666666667 0.2765625 0.08333333333333333
0 0.3453125 0.175 0.3171875 0.175 0.3171875 0.30625 0.3453125 0.30625 0.3453125 0.175
0 0.3015625 0.17291666666666666 0.2609375 0.17291666666666666 0.2609375 0.30416666666666664 0.3015625 0.30416666666666664 0.3015625 0.17291666666666666
0 0.290625 0.19791666666666666 0.253125 0.19791666666666666 0.253125 0.325 0.290625 0.325 0.290625 0.19791666666666666
0 0.225 0.6416666666666667 0.1640625 0.6416666666666667 0.1640625 0.875 0.225 0.875 0.225 0.6416666666666667
2 0.178125 0.6083333333333333 0.1078125 0.6083333333333333 0.1078125 0.85625 0.178125 0.85625 0.178125 0.6083333333333333
0 0.9203125 0.23333333333333334 0.89375 0.23333333333333334 0.89375 0.38333333333333336 0.9203125 0.38333333333333336 0.9203125 0.23333333333333334
0 0.8921875 0.23125 0.8578125 0.23125 0.8578125 0.3958333333333333 0.8921875 0.3958333333333333 0.8921875 0.23125
0 0.8015625 0.21666666666666667 0.7625 0.21666666666666667 0.7625 0.36666666666666664 0.8015625 0.36666666666666664 0.8015625 0.21666666666666667
0 0.80625 0.22916666666666666 0.78125 0.22916666666666666 0.78125 0.3770833333333333 0.80625 0.3770833333333333 0.80625 0.22916666666666666
0 0.74375 0.15416666666666667 0.7125 0.15416666666666667 0.7125 0.2833333333333333 0.74375 0.2833333333333333 0.74375 0.15416666666666667
0 0.7046875 0.16875 0.6796875 0.16875 0.6796875 0.3125 0.7046875 0.3125 0.7046875 0.16875
0 0.68125 0.15833333333333333 0.65 0.15833333333333333 0.65 0.30416666666666664 0.68125 0.30416666666666664 0.68125 0.15833333333333333
0 0.715625 0.475 0.6765625 0.475 0.6765625 0.6770833333333334 0.715625 0.6770833333333334 0.715625 0.475
0 0.775 0.5270833333333333 0.715625 0.5270833333333333 0.715625 0.7875 0.775 0.7875 0.775 0.5270833333333333
0 0.7015625 0.5 0.6375 0.5 0.6375 0.7895833333333333 0.7015625 0.7895833333333333 0.7015625 0.5
0 0.31875 0.7333333333333333 0.259375 0.7333333333333333 0.259375 0.9979166666666667 0.31875 0.9979166666666667 0.31875 0.7333333333333333
2 0.225 0.7166666666666667 0.1625 0.7166666666666667 0.1625 0.9979166666666667 0.225 0.9979166666666667 0.225 0.7166666666666667