0 0.303125 0.3541666666666667 0.2484375 0.3541666666666667 0.2484375 0.5125 0.303125 0.5125 0.303125 0.3541666666666667
0 0.234375 0.027083333333333334 0.209375 0.027083333333333334 0.209375 0.11666666666666667 0.234375 0.11666666666666667 0.234375 0.027083333333333334
0 0.29375 0.08125 0.2546875 0.08125 0.2546875 0.15416666666666667 0.29375 0.15416666666666667 0.29375 0.08125
0 0.0390625 0.5708333333333333 0.0015625 0.5708333333333333 0.0015625 0.8416666666666667 0.0390625 0.8416666666666667 0.0390625 0.5708333333333333
0 0.2328125 0.15625 0.1984375 0.15625 0.1984375 0.2604166666666667 0.2328125 0.2604166666666667 0.2328125 0.15625
0 0.2859375 0.14166666666666666 0.2546875 0.14166666666666666 0.2546875 0.2708333333333333 0.2859375 0.2708333333333333 0.2859375 0.14166666666666666
0 0.2890625 0.4354166666666667 0.2234375 0.4354166666666667 0.2234375 0.6520833333333333 0.2890625 0.6520833333333333 0.2890625 0.4354166666666667
0 0.2109375 0.3 0.16875 0.3 0.16875 0.4791666666666667 0.2109375 0.4791666666666667 0.2109375 0.3
0 0.203125 0.45 0.1453125 0.45 0.1453125 0.6604166666666667 0.203125 0.6604166666666667 0.203125 0.45
2 0.375 0.15833333333333333 0.3359375 0.15833333333333333 0.3359375 0.29583333333333334 0.375 0.29583333333333334 0.375 0.15833333333333333
2 0.3390625 0.17291666666666666 0.3 0.17291666666666666 0.3 0.3020833333333333 0.3390625 0.3020833333333333 0.3390625 0.17291666666666666
2 0.19375 0.5895833333333333 0.140625 0.5895833333333333 0.140625 0.8229166666666666 0.19375 0.8229166666666666 0.19375 0.5895833333333333
2 0.1390625 0.5895833333333333 0.0765625 0.5895833333333333 0.0765625 0.8395833333333333 0.1390625 0.8395833333333333 0.1390625 0.5895833333333333
2 0.5515625 0.5166666666666667 0.4828125 0.5166666666666667 0.4828125 0.69375 0.5515625 0.69375 0.5515625 0.5166666666666667
0 0.359375 0.35 0.3171875 0.35 0.3171875 0.5375 0.359375 0.5375 0.359375 0.35
0 0.8578125 0.26458333333333334 0.8125 0.26458333333333334 0.8125 0.4375 0.8578125 0.4375 0.8578125 0.26458333333333334
0 0.821875 0.2 0.7859375 0.2 0.7859375 0.35208333333333336 0.821875 0.35208333333333336 0.821875 0.2
0 0.784375 0.2 0.7484375 0.2 0.7484375 0.3645833333333333 0.784375 0.3645833333333333 0.784375 0.2
0 0.7484375 0.25416666666666665 0.7078125 0.25416666666666665 0.7078125 0.42083333333333334 0.7484375 0.42083333333333334 0.7484375 0.25416666666666665
0 0.8703125 0.38333333333333336 0.809375 0.38333333333333336 0.809375 0.5854166666666667 0.8703125 0.5854166666666667 0.8703125 0.38333333333333336
0 0.79375 0.38958333333333334 0.740625 0.38958333333333334 0.740625 0.5895833333333333 0.79375 0.5895833333333333 0.79375 0.38958333333333334
0 0.7296875 0.3770833333333333 0.690625 0.3770833333333333 0.690625 0.55625 0.7296875 0.55625 0.7296875 0.3770833333333333
0 0.6890625 0.35833333333333334 0.6390625 0.35833333333333334 0.6390625 0.5791666666666667 0.6890625 0.5791666666666667 0.6890625 0.35833333333333334
0 0.8515625 0.775 0.7609375 0.775 0.7609375 0.9979166666666667 0.8515625 0.9979166666666667 0.8515625 0.775