2 0.596875 0.45416666666666666 0.53125 0.45416666666666666 0.53125 0.5520833333333334 0.596875 0.5520833333333334 0.596875 0.45416666666666666
0 0.903125 0.26458333333333334 0.86875 0.26458333333333334 0.86875 0.4270833333333333 0.903125 0.4270833333333333 0.903125 0.26458333333333334
0 0.221875 0.058333333333333334 0.2 0.058333333333333334 0.2 0.15 0.221875 0.15 0.221875 0.058333333333333334
0 0.2796875 0.0875 0.2609375 0.0875 0.2609375 0.15 0.2796875 0.15 0.2796875 0.0875
0 0.29375 0.08333333333333333 0.275 0.08333333333333333 0.275 0.1625 0.29375 0.1625 0.29375 0.08333333333333333
0 0.353125 0.08125 0.325 0.08125 0.325 0.15416666666666667 0.353125 0.15416666666666667 0.353125 0.08125
0 0.2265625 0.12916666666666668 0.2 0.12916666666666668 0.2 0.24375 0.2265625 0.24375 0.2265625 0.12916666666666668
0 0.209375 0.1375 0.18125 0.1375 0.18125 0.2625 0.209375 0.2625 0.209375 0.1375
0 0.246875 0.17916666666666667 0.2140625 0.17916666666666667 0.2140625 0.31666666666666665 0.246875 0.31666666666666665 0.246875 0.17916666666666667
0 0.6875 0.17708333333333334 0.6578125 0.17708333333333334 0.6578125 0.3104166666666667 0.6875 0.3104166666666667 0.6875 0.17708333333333334
0 0.65625 0.17291666666666666 0.6203125 0.17291666666666666 0.6203125 0.31666666666666665 0.65625 0.31666666666666665 0.65625 0.17291666666666666
2 0.4046875 0.47291666666666665 0.371875 0.47291666666666665 0.371875 0.5958333333333333 0.4046875 0.5958333333333333 0.4046875 0.47291666666666665
2 0.4171875 0.49375 0.36875 0.49375 0.36875 0.6166666666666667 0.4171875 0.6166666666666667 0.4171875 0.49375
0 0.48125 0.51875 0.4265625 0.51875 0.4265625 0.675 0.48125 0.675 0.48125 0.51875
0 0.5515625 0.53125 0.49375 0.53125 0.49375 0.7 0.5515625 0.7 0.5515625 0.53125
2 0.2265625 0.21875 0.1875 0.21875 0.1875 0.3541666666666667 0.2265625 0.3541666666666667 0.2265625 0.21875
2 0.353125 0.19166666666666668 0.3078125 0.19166666666666668 0.3078125 0.3125 0.353125 0.3125 0.353125 0.19166666666666668
2 0.3984375 0.26875 0.35625 0.26875 0.35625 0.4270833333333333 0.3984375 0.4270833333333333 0.3984375 0.26875
2 0.4453125 0.25625 0.3984375 0.25625 0.3984375 0.4166666666666667 0.4453125 0.4166666666666667 0.4453125 0.25625
2 0.715625 0.24791666666666667 0.6703125 0.24791666666666667 0.6703125 0.40625 0.715625 0.40625 0.715625 0.24791666666666667
2 0.7578125 0.24166666666666667 0.7125 0.24166666666666667 0.7125 0.3958333333333333 0.7578125 0.3958333333333333 0.7578125 0.24166666666666667
0 0.815625 0.26666666666666666 0.771875 0.26666666666666666 0.771875 0.44375 0.815625 0.44375 0.815625 0.26666666666666666
0 0.9859375 0.7708333333333334 0.934375 0.7708333333333334 0.934375 0.9979166666666667 0.9859375 0.9979166666666667 0.9859375 0.7708333333333334
0 0.19375 0.7041666666666667 0.1359375 0.7041666666666667 0.1359375 0.9604166666666667 0.19375 0.9604166666666667 0.19375 0.7041666666666667
0 0.2359375 0.7125 0.1671875 0.7125 0.1671875 0.9875 0.2359375 0.9875 0.2359375 0.7125
0 0.5140625 0.6645833333333333 0.4578125 0.6645833333333333 0.4578125 0.9166666666666666 0.5140625 0.9166666666666666 0.5140625 0.6645833333333333
0 0.678125 0.6583333333333333 0.6078125 0.6583333333333333 0.6078125 0.9520833333333333 0.678125 0.9520833333333333 0.678125 0.6583333333333333
0 0.8234375 0.7395833333333334 0.753125 0.7395833333333334 0.753125 0.9979166666666667 0.8234375 0.9979166666666667 0.8234375 0.7395833333333334
0 0.8453125 0.32916666666666666 0.7984375 0.32916666666666666 0.7984375 0.51875 0.8453125 0.51875 0.8453125 0.32916666666666666
0 0.6171875 0.32083333333333336 0.58125 0.32083333333333336 0.58125 0.4979166666666667 0.6171875 0.4979166666666667 0.6171875 0.32083333333333336