2 0.625 0.5 0.55 0.5 0.55 0.6770833333333334 0.625 0.6770833333333334 0.625 0.5
2 0.6421875 0.48125 0.5765625 0.48125 0.5765625 0.6479166666666667 0.6421875 0.6479166666666667 0.6421875 0.48125
0 0.83125 0.18333333333333332 0.79375 0.18333333333333332 0.79375 0.32083333333333336 0.83125 0.32083333333333336 0.83125 0.18333333333333332
0 0.2046875 0.04791666666666667 0.184375 0.04791666666666667 0.184375 0.14166666666666666 0.2046875 0.14166666666666666 0.2046875 0.04791666666666667
0 0.328125 0.08333333333333333 0.2921875 0.08333333333333333 0.2921875 0.15833333333333333 0.328125 0.15833333333333333 0.328125 0.08333333333333333
0 0.3046875 0.17083333333333334 0.271875 0.17083333333333334 0.271875 0.3 0.3046875 0.3 0.3046875 0.17083333333333334
0 0.2265625 0.675 0.1578125 0.675 0.1578125 0.9229166666666667 0.2265625 0.9229166666666667 0.2265625 0.675
0 0.2453125 0.7479166666666667 0.184375 0.7479166666666667 0.184375 0.9958333333333333 0.2453125 0.9958333333333333 0.2453125 0.7479166666666667
0 0.484375 0.5145833333333333 0.434375 0.5145833333333333 0.434375 0.6979166666666666 0.484375 0.6979166666666666 0.484375 0.5145833333333333
0 0.5546875 0.5229166666666667 0.496875 0.5229166666666667 0.496875 0.7 0.5546875 0.7 0.5546875 0.5229166666666667
0 0.7125 0.10208333333333333 0.678125 0.10208333333333333 0.678125 0.2125 0.7125 0.2125 0.7125 0.10208333333333333
0 0.8 0.16666666666666666 0.759375 0.16666666666666666 0.759375 0.31875 0.8 0.31875 0.8 0.16666666666666666
0 0.7984375 0.4270833333333333 0.74375 0.4270833333333333 0.74375 0.6520833333333333 0.7984375 0.6520833333333333 0.7984375 0.4270833333333333
0 0.88125 0.4270833333333333 0.821875 0.4270833333333333 0.821875 0.64375 0.88125 0.64375 0.88125 0.4270833333333333