0 0.421875 0.5083333333333333 0.39375 0.5083333333333333 0.39375 0.5541666666666667 0.421875 0.5541666666666667 0.421875 0.5083333333333333
0 0.4109375 0.4875 0.3609375 0.4875 0.3609375 0.5479166666666667 0.4109375 0.5479166666666667 0.4109375 0.4875
2 0.634375 0.46458333333333335 0.55 0.46458333333333335 0.55 0.6291666666666667 0.634375 0.6291666666666667 0.634375 0.46458333333333335
2 0.6359375 0.5104166666666666 0.5375 0.5104166666666666 0.5375 0.6604166666666667 0.6359375 0.6604166666666667 0.6359375 0.5104166666666666
2 0.5515625 0.5104166666666666 0.4796875 0.5104166666666666 0.4796875 0.7145833333333333 0.5515625 0.7145833333333333 0.5515625 0.5104166666666666
0 0.24375 0.052083333333333336 0.2203125 0.052083333333333336 0.2203125 0.1125 0.24375 0.1125 0.24375 0.052083333333333336
0 0.2125 0.075 0.18125 0.075 0.18125 0.17916666666666667 0.2125 0.17916666666666667 0.2125 0.075
0 0.2484375 0.0875 0.2125 0.0875 0.2125 0.175 0.2484375 0.175 0.2484375 0.0875
0 0.29375 0.17083333333333334 0.24375 0.17083333333333334 0.24375 0.3 0.29375 0.3 0.29375 0.17083333333333334
0 0.34375 0.15416666666666667 0.3109375 0.15416666666666667 0.3109375 0.275 0.34375 0.275 0.34375 0.15416666666666667
0 0.6921875 0.06666666666666667 0.6703125 0.06666666666666667 0.6703125 0.14791666666666667 0.6921875 0.14791666666666667 0.6921875 0.06666666666666667
0 0.8046875 0.15833333333333333 0.76875 0.15833333333333333 0.76875 0.3 0.8046875 0.3 0.8046875 0.15833333333333333
0 0.7890625 0.17916666666666667 0.7359375 0.17916666666666667 0.7359375 0.3125 0.7890625 0.3125 0.7890625 0.17916666666666667
0 0.84375 0.24375 0.7984375 0.24375 0.7984375 0.4125 0.84375 0.4125 0.84375 0.24375
0 0.79375 0.23333333333333334 0.74375 0.23333333333333334 0.74375 0.41458333333333336 0.79375 0.41458333333333336 0.79375 0.23333333333333334
0 0.7421875 0.23125 0.6984375 0.23125 0.6984375 0.39791666666666664 0.7421875 0.39791666666666664 0.7421875 0.23125
0 0.3203125 0.24791666666666667 0.2765625 0.24791666666666667 0.2765625 0.42916666666666664 0.3203125 0.42916666666666664 0.3203125 0.24791666666666667
0 0.2078125 0.36875 0.153125 0.36875 0.153125 0.5583333333333333 0.2078125 0.5583333333333333 0.2078125 0.36875
0 0.265625 0.3541666666666667 0.1921875 0.3541666666666667 0.1921875 0.5520833333333334 0.265625 0.5520833333333334 0.265625 0.3541666666666667
0 0.3390625 0.40625 0.2828125 0.40625 0.2828125 0.5708333333333333 0.3390625 0.5708333333333333 0.3390625 0.40625
0 0.5140625 0.6666666666666666 0.4203125 0.6666666666666666 0.4203125 0.8541666666666666 0.5140625 0.8541666666666666 0.5140625 0.6666666666666666
0 0.4609375 0.7333333333333333 0.3875 0.7333333333333333 0.3875 0.9979166666666667 0.4609375 0.9979166666666667 0.4609375 0.7333333333333333
0 0.4203125 0.7770833333333333 0.35 0.7770833333333333 0.35 0.9979166666666667 0.4203125 0.9979166666666667 0.4203125 0.7770833333333333
0 0.34375 0.7625 0.2703125 0.7625 0.2703125 0.99375 0.34375 0.99375 0.34375 0.7625
1 0.2875 0.1 0.26875 0.1 0.26875 0.15 0.2875 0.15 0.2875 0.1
1 0.63125 0.33125 0.590625 0.33125 0.590625 0.4666666666666667 0.63125 0.4666666666666667 0.63125 0.33125