0 0.4203125 0.475 0.3546875 0.475 0.3546875 0.5583333333333333 0.4203125 0.5583333333333333 0.4203125 0.475
0 0.3546875 0.73125 0.2765625 0.73125 0.2765625 0.875 0.3546875 0.875 0.3546875 0.73125
0 0.409375 0.7541666666666667 0.3265625 0.7541666666666667 0.3265625 0.9854166666666667 0.409375 0.9854166666666667 0.409375 0.7541666666666667
0 0.303125 0.74375 0.221875 0.74375 0.221875 0.9979166666666667 0.303125 0.9979166666666667 0.303125 0.74375
0 0.175 0.4895833333333333 0.1234375 0.4895833333333333 0.1234375 0.73125 0.175 0.73125 0.175 0.4895833333333333
0 0.1171875 0.3854166666666667 0.0484375 0.3854166666666667 0.0484375 0.6041666666666666 0.1171875 0.6041666666666666 0.1171875 0.3854166666666667
1 0.1203125 0.5520833333333334 0.078125 0.5520833333333334 0.078125 0.7041666666666667 0.1203125 0.7041666666666667 0.1203125 0.5520833333333334
2 0.5515625 0.5083333333333333 0.471875 0.5083333333333333 0.471875 0.69375 0.5515625 0.69375 0.5515625 0.5083333333333333
2 0.246875 0.16041666666666668 0.20625 0.16041666666666668 0.20625 0.28541666666666665 0.246875 0.28541666666666665 0.246875 0.16041666666666668
0 0.2671875 0.029166666666666667 0.2453125 0.029166666666666667 0.2453125 0.11458333333333333 0.2671875 0.11458333333333333 0.2671875 0.029166666666666667
0 0.24375 0.027083333333333334 0.2265625 0.027083333333333334 0.2265625 0.11041666666666666 0.24375 0.11041666666666666 0.24375 0.027083333333333334
0 0.296875 0.08958333333333333 0.246875 0.08958333333333333 0.246875 0.14166666666666666 0.296875 0.14166666666666666 0.296875 0.08958333333333333
0 0.2359375 0.11041666666666666 0.209375 0.11041666666666666 0.209375 0.19583333333333333 0.2359375 0.19583333333333333 0.2359375 0.11041666666666666
0 0.2046875 0.11041666666666666 0.1765625 0.11041666666666666 0.1765625 0.2125 0.2046875 0.2125 0.2046875 0.11041666666666666
0 0.2796875 0.15416666666666667 0.2421875 0.15416666666666667 0.2421875 0.29791666666666666 0.2796875 0.29791666666666666 0.2796875 0.15416666666666667
0 0.2484375 0.21041666666666667 0.2140625 0.21041666666666667 0.2140625 0.3625 0.2484375 0.3625 0.2484375 0.21041666666666667
0 0.371875 0.17916666666666667 0.3328125 0.17916666666666667 0.3328125 0.29791666666666666 0.371875 0.29791666666666666 0.371875 0.17916666666666667
0 0.6296875 0.13125 0.5890625 0.13125 0.5890625 0.25 0.6296875 0.25 0.6296875 0.13125
2 0.7140625 0.11666666666666667 0.6765625 0.11666666666666667 0.6765625 0.23125 0.7140625 0.23125 0.7140625 0.11666666666666667
2 0.75 0.11041666666666666 0.7171875 0.11041666666666666 0.7171875 0.23125 0.75 0.23125 0.75 0.11041666666666666
0 0.7078125 0.38125 0.64375 0.38125 0.64375 0.6 0.7078125 0.6 0.7078125 0.38125
0 0.765625 0.4 0.6859375 0.4 0.6859375 0.6375 0.765625 0.6375 0.765625 0.4