2 0.23125 0.3625 0.178125 0.3625 0.178125 0.5520833333333334 0.23125 0.5520833333333334 0.23125 0.3625
2 0.1234375 0.7791666666666667 0.0359375 0.7791666666666667 0.0359375 0.9895833333333334 0.1234375 0.9895833333333334 0.1234375 0.7791666666666667
2 0.6328125 0.46875 0.5484375 0.46875 0.5484375 0.6291666666666667 0.6328125 0.6291666666666667 0.6328125 0.46875
2 0.646875 0.4979166666666667 0.5359375 0.4979166666666667 0.5359375 0.6708333333333333 0.646875 0.6708333333333333 0.646875 0.4979166666666667
2 0.55 0.5145833333333333 0.4765625 0.5145833333333333 0.4765625 0.7041666666666667 0.55 0.7041666666666667 0.55 0.5145833333333333
1 0.296875 0.1 0.278125 0.1 0.278125 0.15 0.296875 0.15 0.296875 0.1
1 0.796875 0.26666666666666666 0.7703125 0.26666666666666666 0.7703125 0.41458333333333336 0.796875 0.41458333333333336 0.796875 0.26666666666666666
1 0.73125 0.2833333333333333 0.6984375 0.2833333333333333 0.6984375 0.4125 0.73125 0.4125 0.73125 0.2833333333333333
0 0.221875 0.04791666666666667 0.2 0.04791666666666667 0.2 0.14791666666666667 0.221875 0.14791666666666667 0.221875 0.04791666666666667
0 0.240625 0.24166666666666667 0.190625 0.24166666666666667 0.190625 0.4083333333333333 0.240625 0.4083333333333333 0.240625 0.24166666666666667
0 0.2859375 0.2604166666666667 0.23125 0.2604166666666667 0.23125 0.4125 0.2859375 0.4125 0.2859375 0.2604166666666667
0 0.2578125 0.16875 0.215625 0.16875 0.215625 0.2791666666666667 0.2578125 0.2791666666666667 0.2578125 0.16875
0 0.325 0.22708333333333333 0.2828125 0.22708333333333333 0.2828125 0.38333333333333336 0.325 0.38333333333333336 0.325 0.22708333333333333
0 0.38125 0.2125 0.3453125 0.2125 0.3453125 0.39166666666666666 0.38125 0.39166666666666666 0.38125 0.2125
0 0.41875 0.23541666666666666 0.36875 0.23541666666666666 0.36875 0.39166666666666666 0.41875 0.39166666666666666 0.41875 0.23541666666666666
0 0.6578125 0.05 0.6359375 0.05 0.6359375 0.13541666666666666 0.6578125 0.13541666666666666 0.6578125 0.05
0 0.771875 0.24583333333333332 0.753125 0.24583333333333332 0.753125 0.39166666666666666 0.771875 0.39166666666666666 0.771875 0.24583333333333332
0 0.75 0.24375 0.7234375 0.24375 0.7234375 0.425 0.75 0.425 0.75 0.24375
0 0.49375 0.625 0.4265625 0.625 0.4265625 0.85625 0.49375 0.85625 0.49375 0.625
0 0.175 0.425 0.103125 0.425 0.103125 0.65 0.175 0.65 0.175 0.425
0 0.309375 0.44583333333333336 0.246875 0.44583333333333336 0.246875 0.6020833333333333 0.309375 0.6020833333333333 0.309375 0.44583333333333336
0 0.478125 0.7125 0.3890625 0.7125 0.3890625 0.9958333333333333 0.478125 0.9958333333333333 0.478125 0.7125
0 0.9265625 0.3645833333333333 0.8671875 0.3645833333333333 0.8671875 0.56875 0.9265625 0.56875 0.9265625 0.3645833333333333