0 0.9984375 0.7666666666666667 0.9546875 0.7666666666666667 0.9546875 0.9979166666666667 0.9984375 0.9979166666666667 0.9984375 0.7666666666666667
2 0.2953125 0.20625 0.2484375 0.20625 0.2484375 0.33541666666666664 0.2953125 0.33541666666666664 0.2953125 0.20625
0 0.3203125 0.78125 0.2453125 0.78125 0.2453125 0.9979166666666667 0.3203125 0.9979166666666667 0.3203125 0.78125
0 0.3859375 0.12708333333333333 0.35 0.12708333333333333 0.35 0.24375 0.3859375 0.24375 0.3859375 0.12708333333333333
0 0.325 0.1 0.2890625 0.1 0.2890625 0.21875 0.325 0.21875 0.325 0.1
0 0.2859375 0.10416666666666667 0.2515625 0.10416666666666667 0.2515625 0.21875 0.2859375 0.21875 0.2859375 0.10416666666666667
0 0.2484375 0.12083333333333333 0.2125 0.12083333333333333 0.2125 0.22291666666666668 0.2484375 0.22291666666666668 0.2484375 0.12083333333333333
0 0.66875 0.08541666666666667 0.6453125 0.08541666666666667 0.6453125 0.2 0.66875 0.2 0.66875 0.08541666666666667
0 0.8 0.17291666666666666 0.7609375 0.17291666666666666 0.7609375 0.3 0.8 0.3 0.8 0.17291666666666666
0 0.746875 0.16458333333333333 0.7109375 0.16458333333333333 0.7109375 0.3 0.746875 0.3 0.746875 0.16458333333333333
0 0.80625 0.23958333333333334 0.7703125 0.23958333333333334 0.7703125 0.39375 0.80625 0.39375 0.80625 0.23958333333333334
0 0.4828125 0.5125 0.428125 0.5125 0.428125 0.7083333333333334 0.4828125 0.7083333333333334 0.4828125 0.5125
0 0.55625 0.5166666666666667 0.4984375 0.5166666666666667 0.4984375 0.7020833333333333 0.55625 0.7020833333333333 0.55625 0.5166666666666667
2 0.6234375 0.5041666666666667 0.5515625 0.5041666666666667 0.5515625 0.6791666666666667 0.6234375 0.6791666666666667 0.6234375 0.5041666666666667
2 0.64375 0.475 0.575 0.475 0.575 0.6604166666666667 0.64375 0.6604166666666667 0.64375 0.475
2 0.2375 0.5291666666666667 0.16875 0.5291666666666667 0.16875 0.7895833333333333 0.2375 0.7895833333333333 0.2375 0.5291666666666667
2 0.1484375 0.5770833333333333 0.0703125 0.5770833333333333 0.0703125 0.8125 0.1484375 0.8125 0.1484375 0.5770833333333333