0 0.353125 0.08333333333333333 0.325 0.08333333333333333 0.325 0.16041666666666668 0.353125 0.16041666666666668 0.353125 0.08333333333333333
0 0.3265625 0.10833333333333334 0.296875 0.10833333333333334 0.296875 0.21041666666666667 0.3265625 0.21041666666666667 0.3265625 0.10833333333333334
0 0.2921875 0.09583333333333334 0.2734375 0.09583333333333334 0.2734375 0.16666666666666666 0.2921875 0.16666666666666666 0.2921875 0.09583333333333334
0 0.2796875 0.0875 0.2609375 0.0875 0.2609375 0.16041666666666668 0.2796875 0.16041666666666668 0.2796875 0.0875
0 0.25 0.12708333333333333 0.2171875 0.12708333333333333 0.2171875 0.23958333333333334 0.25 0.23958333333333334 0.25 0.12708333333333333
0 0.33125 0.16666666666666666 0.3015625 0.16666666666666666 0.3015625 0.2916666666666667 0.33125 0.2916666666666667 0.33125 0.16666666666666666
0 0.3015625 0.17083333333333334 0.271875 0.17083333333333334 0.271875 0.28958333333333336 0.3015625 0.28958333333333336 0.3015625 0.17083333333333334
0 0.3265625 0.23125 0.2890625 0.23125 0.2890625 0.38333333333333336 0.3265625 0.38333333333333336 0.3265625 0.23125
0 0.2828125 0.22708333333333333 0.2453125 0.22708333333333333 0.2453125 0.37916666666666665 0.2828125 0.37916666666666665 0.2828125 0.22708333333333333
0 0.4515625 0.28125 0.4015625 0.28125 0.4015625 0.46458333333333335 0.4515625 0.46458333333333335 0.4515625 0.28125
0 0.375 0.26875 0.321875 0.26875 0.321875 0.46875 0.375 0.46875 0.375 0.26875
0 0.48125 0.5145833333333333 0.4296875 0.5145833333333333 0.4296875 0.7 0.48125 0.7 0.48125 0.5145833333333333
0 0.55 0.5270833333333333 0.4953125 0.5270833333333333 0.4953125 0.6958333333333333 0.55 0.6958333333333333 0.55 0.5270833333333333
0 0.7625 0.09791666666666667 0.740625 0.09791666666666667 0.740625 0.2 0.7625 0.2 0.7625 0.09791666666666667
0 0.740625 0.1 0.715625 0.1 0.715625 0.20625 0.740625 0.20625 0.740625 0.1
0 0.9390625 0.25833333333333336 0.909375 0.25833333333333336 0.909375 0.4 0.9390625 0.4 0.9390625 0.25833333333333336
0 0.903125 0.2604166666666667 0.8734375 0.2604166666666667 0.8734375 0.42916666666666664 0.903125 0.42916666666666664 0.903125 0.2604166666666667
0 0.8234375 0.23125 0.7703125 0.23125 0.7703125 0.3958333333333333 0.8234375 0.3958333333333333 0.8234375 0.23125
0 0.75 0.20208333333333334 0.70625 0.20208333333333334 0.70625 0.34375 0.75 0.34375 0.75 0.20208333333333334
0 0.7 0.19375 0.6609375 0.19375 0.6609375 0.33541666666666664 0.7 0.33541666666666664 0.7 0.19375
0 0.70625 0.26875 0.6671875 0.26875 0.6671875 0.44166666666666665 0.70625 0.44166666666666665 0.70625 0.26875
1 0.04375 0.7645833333333333 0.0078125 0.7645833333333333 0.0078125 0.86875 0.04375 0.86875 0.04375 0.7645833333333333
0 0.1890625 0.48125 0.128125 0.48125 0.128125 0.6979166666666666 0.1890625 0.6979166666666666 0.1890625 0.48125
0 0.2328125 0.7083333333333334 0.1859375 0.7083333333333334 0.1859375 0.9625 0.2328125 0.9625 0.2328125 0.7083333333333334
0 0.2671875 0.7291666666666666 0.2171875 0.7291666666666666 0.2171875 0.9979166666666667 0.2671875 0.9979166666666667 0.2671875 0.7291666666666666
0 0.3421875 0.7395833333333334 0.2640625 0.7395833333333334 0.2640625 0.9979166666666667 0.3421875 0.9979166666666667 0.3421875 0.7395833333333334
0 0.621875 0.7395833333333334 0.515625 0.7395833333333334 0.515625 0.975 0.621875 0.975 0.621875 0.7395833333333334
0 0.6296875 0.80625 0.5375 0.80625 0.5375 0.9979166666666667 0.6296875 0.9979166666666667 0.6296875 0.80625
0 0.7421875 0.7916666666666666 0.6578125 0.7916666666666666 0.6578125 0.9979166666666667 0.7421875 0.9979166666666667 0.7421875 0.7916666666666666
2 0.803125 0.7 0.715625 0.7 0.715625 0.9916666666666667 0.803125 0.9916666666666667 0.803125 0.7
0 0.91875 0.7208333333333333 0.8296875 0.7208333333333333 0.8296875 0.9979166666666667 0.91875 0.9979166666666667 0.91875 0.7208333333333333
0 0.753125 0.5291666666666667 0.684375 0.5291666666666667 0.684375 0.7645833333333333 0.753125 0.7645833333333333 0.753125 0.5291666666666667
0 0.8171875 0.3875 0.759375 0.3875 0.759375 0.5979166666666667 0.8171875 0.5979166666666667 0.8171875 0.3875
0 0.6390625 0.27291666666666664 0.6015625 0.27291666666666664 0.6015625 0.46458333333333335 0.6390625 0.46458333333333335 0.6390625 0.27291666666666664