0 0.390625 0.15 0.35625 0.15 0.35625 0.26666666666666666 0.390625 0.26666666666666666 0.390625 0.15
0 0.353125 0.15208333333333332 0.315625 0.15208333333333332 0.315625 0.26875 0.353125 0.26875 0.353125 0.15208333333333332
0 0.353125 0.08125 0.325 0.08125 0.325 0.16041666666666668 0.353125 0.16041666666666668 0.353125 0.08125
0 0.284375 0.08541666666666667 0.2609375 0.08541666666666667 0.2609375 0.15625 0.284375 0.15625 0.284375 0.08541666666666667
0 0.1765625 0.17708333333333334 0.1421875 0.17708333333333334 0.1421875 0.3 0.1765625 0.3 0.1765625 0.17708333333333334
0 0.2078125 0.12083333333333333 0.175 0.12083333333333333 0.175 0.225 0.2078125 0.225 0.2078125 0.12083333333333333
0 0.246875 0.17083333333333334 0.2140625 0.17083333333333334 0.2140625 0.29583333333333334 0.246875 0.29583333333333334 0.246875 0.17083333333333334
0 0.296875 0.17083333333333334 0.2578125 0.17083333333333334 0.2578125 0.29583333333333334 0.296875 0.29583333333333334 0.296875 0.17083333333333334
0 0.2984375 0.23125 0.259375 0.23125 0.259375 0.375 0.2984375 0.375 0.2984375 0.23125
0 0.3046875 0.33541666666666664 0.259375 0.33541666666666664 0.259375 0.5270833333333333 0.3046875 0.5270833333333333 0.3046875 0.33541666666666664
0 0.24375 0.32708333333333334 0.1953125 0.32708333333333334 0.1953125 0.51875 0.24375 0.51875 0.24375 0.32708333333333334
0 0.403125 0.75625 0.35 0.75625 0.35 0.9979166666666667 0.403125 0.9979166666666667 0.403125 0.75625
0 0.7953125 0.7854166666666667 0.7328125 0.7854166666666667 0.7328125 0.9979166666666667 0.7953125 0.9979166666666667 0.7953125 0.7854166666666667
0 0.853125 0.7583333333333333 0.7890625 0.7583333333333333 0.7890625 0.9979166666666667 0.853125 0.9979166666666667 0.853125 0.7583333333333333
2 0.596875 0.45208333333333334 0.528125 0.45208333333333334 0.528125 0.55 0.596875 0.55 0.596875 0.45208333333333334
0 0.6265625 0.20833333333333334 0.5953125 0.20833333333333334 0.5953125 0.3645833333333333 0.6265625 0.3645833333333333 0.6265625 0.20833333333333334
0 0.859375 0.22291666666666668 0.825 0.22291666666666668 0.825 0.3729166666666667 0.859375 0.3729166666666667 0.859375 0.22291666666666668
0 0.8203125 0.20833333333333334 0.778125 0.20833333333333334 0.778125 0.3875 0.8203125 0.3875 0.8203125 0.20833333333333334
0 0.6640625 0.20833333333333334 0.625 0.20833333333333334 0.625 0.36041666666666666 0.6640625 0.36041666666666666 0.6640625 0.20833333333333334