1 0.7359375 0.36875 0.703125 0.36875 0.703125 0.46458333333333335 0.7359375 0.46458333333333335 0.7359375 0.36875
2 0.6359375 0.475 0.559375 0.475 0.559375 0.6458333333333334 0.6359375 0.6458333333333334 0.6359375 0.475
2 0.6265625 0.5041666666666667 0.5265625 0.5041666666666667 0.5265625 0.6729166666666667 0.6265625 0.6729166666666667 0.6265625 0.5041666666666667
0 0.3265625 0.08541666666666667 0.3 0.08541666666666667 0.3 0.15625 0.3265625 0.15625 0.3265625 0.08541666666666667
0 0.65 0.10833333333333334 0.6171875 0.10833333333333334 0.6171875 0.2125 0.65 0.2125 0.65 0.10833333333333334
0 0.975 0.71875 0.890625 0.71875 0.890625 0.9354166666666667 0.975 0.9354166666666667 0.975 0.71875
0 0.471875 0.6875 0.4140625 0.6875 0.4140625 0.96875 0.471875 0.96875 0.471875 0.6875
0 0.4765625 0.75 0.4125 0.75 0.4125 0.9979166666666667 0.4765625 0.9979166666666667 0.4765625 0.75
0 0.4515625 0.7375 0.3734375 0.7375 0.3734375 0.9979166666666667 0.4515625 0.9979166666666667 0.4515625 0.7375
0 0.39375 0.7625 0.3375 0.7625 0.3375 0.9979166666666667 0.39375 0.9979166666666667 0.39375 0.7625
0 0.334375 0.7375 0.2734375 0.7375 0.2734375 0.9979166666666667 0.334375 0.9979166666666667 0.334375 0.7375
0 0.090625 0.5729166666666666 0.028125 0.5729166666666666 0.028125 0.8375 0.090625 0.8375 0.090625 0.5729166666666666
0 0.1171875 0.4479166666666667 0.0671875 0.4479166666666667 0.0671875 0.65 0.1171875 0.65 0.1171875 0.4479166666666667
0 0.171875 0.44583333333333336 0.109375 0.44583333333333336 0.109375 0.6729166666666667 0.171875 0.6729166666666667 0.171875 0.44583333333333336
0 0.209375 0.04791666666666667 0.1875 0.04791666666666667 0.1875 0.12083333333333333 0.209375 0.12083333333333333 0.209375 0.04791666666666667
0 0.2234375 0.04375 0.2 0.04375 0.2 0.12291666666666666 0.2234375 0.12291666666666666 0.2234375 0.04375
0 0.303125 0.08333333333333333 0.2734375 0.08333333333333333 0.2734375 0.18333333333333332 0.303125 0.18333333333333332 0.303125 0.08333333333333333
0 0.2609375 0.125 0.23125 0.125 0.23125 0.23958333333333334 0.2609375 0.23958333333333334 0.2609375 0.125
0 0.2515625 0.14791666666666667 0.2171875 0.14791666666666667 0.2171875 0.2604166666666667 0.2515625 0.2604166666666667 0.2515625 0.14791666666666667
0 0.2703125 0.14791666666666667 0.240625 0.14791666666666667 0.240625 0.25833333333333336 0.2703125 0.25833333333333336 0.2703125 0.14791666666666667
0 0.3046875 0.13125 0.275 0.13125 0.275 0.23541666666666666 0.3046875 0.23541666666666666 0.3046875 0.13125
0 0.2734375 0.18333333333333332 0.2390625 0.18333333333333332 0.2390625 0.28541666666666665 0.2734375 0.28541666666666665 0.2734375 0.18333333333333332
0 0.2546875 0.19583333333333333 0.215625 0.19583333333333333 0.215625 0.33541666666666664 0.2546875 0.33541666666666664 0.2546875 0.19583333333333333
0 0.3328125 0.17291666666666666 0.2953125 0.17291666666666666 0.2953125 0.3104166666666667 0.3328125 0.3104166666666667 0.3328125 0.17291666666666666
0 0.6078125 0.09375 0.5734375 0.09375 0.5734375 0.19791666666666666 0.6078125 0.19791666666666666 0.6078125 0.09375
0 0.6796875 0.08541666666666667 0.65 0.08541666666666667 0.65 0.18541666666666667 0.6796875 0.18541666666666667 0.6796875 0.08541666666666667
0 0.7 0.07291666666666667 0.6765625 0.07291666666666667 0.6765625 0.18333333333333332 0.7 0.18333333333333332 0.7 0.07291666666666667
0 0.7015625 0.22916666666666666 0.6484375 0.22916666666666666 0.6484375 0.4125 0.7015625 0.4125 0.7015625 0.22916666666666666
0 0.74375 0.25 0.69375 0.25 0.69375 0.41041666666666665 0.74375 0.41041666666666665 0.74375 0.25
0 0.6734375 0.275 0.63125 0.275 0.63125 0.4479166666666667 0.6734375 0.4479166666666667 0.6734375 0.275
0 0.9125 0.4791666666666667 0.846875 0.4791666666666667 0.846875 0.71875 0.9125 0.71875 0.9125 0.4791666666666667
0 0.834375 0.48125 0.775 0.48125 0.775 0.7083333333333334 0.834375 0.7083333333333334 0.834375 0.48125