0 0.465625 0.17708333333333334 0.434375 0.17708333333333334 0.434375 0.28958333333333336 0.465625 0.28958333333333336 0.465625 0.17708333333333334
0 0.6171875 0.09583333333333334 0.5859375 0.09583333333333334 0.5859375 0.2125 0.6171875 0.2125 0.6171875 0.09583333333333334
0 0.11875 0.19166666666666668 0.0921875 0.19166666666666668 0.0921875 0.28958333333333336 0.11875 0.28958333333333336 0.11875 0.19166666666666668
0 0.171875 0.16875 0.1390625 0.16875 0.1390625 0.2875 0.171875 0.2875 0.171875 0.16875
0 0.2875 0.08541666666666667 0.2671875 0.08541666666666667 0.2671875 0.15416666666666667 0.2875 0.15416666666666667 0.2875 0.08541666666666667
0 0.2984375 0.0875 0.2828125 0.0875 0.2828125 0.15625 0.2984375 0.15625 0.2984375 0.0875
0 0.35 0.07916666666666666 0.328125 0.07916666666666666 0.328125 0.1625 0.35 0.1625 0.35 0.07916666666666666
0 0.2015625 0.11458333333333333 0.1796875 0.11458333333333333 0.1796875 0.2125 0.2015625 0.2125 0.2015625 0.11458333333333333
0 0.2078125 0.08541666666666667 0.1796875 0.08541666666666667 0.1796875 0.17708333333333334 0.2078125 0.17708333333333334 0.2078125 0.08541666666666667
0 0.2421875 0.13125 0.21875 0.13125 0.21875 0.24375 0.2421875 0.24375 0.2421875 0.13125
0 0.215625 0.12916666666666668 0.19375 0.12916666666666668 0.19375 0.22708333333333333 0.215625 0.22708333333333333 0.215625 0.12916666666666668
0 0.25625 0.18333333333333332 0.225 0.18333333333333332 0.225 0.31875 0.25625 0.31875 0.25625 0.18333333333333332
2 0.2078125 0.6020833333333333 0.159375 0.6020833333333333 0.159375 0.8458333333333333 0.2078125 0.8458333333333333 0.2078125 0.6020833333333333
0 0.2390625 0.6354166666666666 0.18125 0.6354166666666666 0.18125 0.8729166666666667 0.2390625 0.8729166666666667 0.2390625 0.6354166666666666
0 0.3125 0.7291666666666666 0.2515625 0.7291666666666666 0.2515625 0.9979166666666667 0.3125 0.9979166666666667 0.3125 0.7291666666666666
0 0.9703125 0.73125 0.91875 0.73125 0.91875 0.9979166666666667 0.9703125 0.9979166666666667 0.9703125 0.73125
0 0.6640625 0.42083333333333334 0.609375 0.42083333333333334 0.609375 0.6395833333333333 0.6640625 0.6395833333333333 0.6640625 0.42083333333333334
0 0.76875 0.44583333333333336 0.7 0.44583333333333336 0.7 0.6541666666666667 0.76875 0.6541666666666667 0.76875 0.44583333333333336
0 0.603125 0.45625 0.534375 0.45625 0.534375 0.55625 0.603125 0.55625 0.603125 0.45625