2 0.465625 0.49375 0.4203125 0.49375 0.4203125 0.6958333333333333 0.465625 0.6958333333333333 0.465625 0.49375
2 0.6578125 0.47291666666666665 0.546875 0.47291666666666665 0.546875 0.6458333333333334 0.6578125 0.6458333333333334 0.6578125 0.47291666666666665
0 0.2015625 0.07916666666666666 0.16875 0.07916666666666666 0.16875 0.16458333333333333 0.2015625 0.16458333333333333 0.2015625 0.07916666666666666
0 0.4453125 0.2791666666666667 0.396875 0.2791666666666667 0.396875 0.4354166666666667 0.4453125 0.4354166666666667 0.4453125 0.2791666666666667
2 0.6265625 0.50625 0.53125 0.50625 0.53125 0.66875 0.6265625 0.66875 0.6265625 0.50625
2 0.540625 0.5166666666666667 0.4734375 0.5166666666666667 0.4734375 0.7 0.540625 0.7 0.540625 0.5166666666666667
0 0.384375 0.23333333333333334 0.334375 0.23333333333333334 0.334375 0.4125 0.384375 0.4125 0.384375 0.23333333333333334
0 0.35 0.26458333333333334 0.3015625 0.26458333333333334 0.3015625 0.43125 0.35 0.43125 0.35 0.26458333333333334
0 0.3234375 0.2125 0.2875 0.2125 0.2875 0.3645833333333333 0.3234375 0.3645833333333333 0.3234375 0.2125
0 0.290625 0.21875 0.240625 0.21875 0.240625 0.4270833333333333 0.290625 0.4270833333333333 0.290625 0.21875
0 0.2421875 0.25625 0.184375 0.25625 0.184375 0.4479166666666667 0.2421875 0.4479166666666667 0.2421875 0.25625
0 0.2109375 0.30416666666666664 0.14375 0.30416666666666664 0.14375 0.44583333333333336 0.2109375 0.44583333333333336 0.2109375 0.30416666666666664
0 0.1484375 0.42291666666666666 0.0703125 0.42291666666666666 0.0703125 0.6229166666666667 0.1484375 0.6229166666666667 0.1484375 0.42291666666666666
0 0.43125 0.325 0.38125 0.325 0.38125 0.5 0.43125 0.5 0.43125 0.325
0 0.2859375 0.7479166666666667 0.1984375 0.7479166666666667 0.1984375 0.9979166666666667 0.2859375 0.9979166666666667 0.2859375 0.7479166666666667
0 0.6375 0.7645833333333333 0.5390625 0.7645833333333333 0.5390625 0.9979166666666667 0.6375 0.9979166666666667 0.6375 0.7645833333333333
0 0.7375 0.7583333333333333 0.6296875 0.7583333333333333 0.6296875 0.9979166666666667 0.7375 0.9979166666666667 0.7375 0.7583333333333333
0 0.8171875 0.7666666666666667 0.7359375 0.7666666666666667 0.7359375 0.9979166666666667 0.8171875 0.9979166666666667 0.8171875 0.7666666666666667
0 0.6796875 0.12083333333333333 0.646875 0.12083333333333333 0.646875 0.2520833333333333 0.6796875 0.2520833333333333 0.6796875 0.12083333333333333
0 0.7234375 0.12083333333333333 0.6921875 0.12083333333333333 0.6921875 0.24375 0.7234375 0.24375 0.7234375 0.12083333333333333
1 0.2640625 0.09166666666666666 0.240625 0.09166666666666666 0.240625 0.15 0.2640625 0.15 0.2640625 0.09166666666666666