1 0 0.9104166666666667 0.0515625 0.9104166666666667 0.0515625 0.7291666666666666 0 0.7291666666666666 0 0.9104166666666667
0 0.90625 0.8645833333333334 0.8140625 0.8645833333333334 0.8140625 0.9875 0.90625 0.9875 0.90625 0.8645833333333334
0 0.2046875 0.08125 0.1734375 0.08125 0.1734375 0.16041666666666668 0.2046875 0.16041666666666668 0.2046875 0.08125
0 0.30625 0.052083333333333336 0.271875 0.052083333333333336 0.271875 0.13333333333333333 0.30625 0.13333333333333333 0.30625 0.052083333333333336
0 0.2625 0.05416666666666667 0.234375 0.05416666666666667 0.234375 0.14791666666666667 0.2625 0.14791666666666667 0.2625 0.05416666666666667
0 0.2109375 0.14375 0.1765625 0.14375 0.1765625 0.25 0.2109375 0.25 0.2109375 0.14375
0 0.3859375 0.7666666666666667 0.325 0.7666666666666667 0.325 0.99375 0.3859375 0.99375 0.3859375 0.7666666666666667
0 0.2625 0.40208333333333335 0.1953125 0.40208333333333335 0.1953125 0.6104166666666667 0.2625 0.6104166666666667 0.2625 0.40208333333333335
2 0.275 0.0875 0.2421875 0.0875 0.2421875 0.18333333333333332 0.275 0.18333333333333332 0.275 0.0875
2 0.6359375 0.4666666666666667 0.55 0.4666666666666667 0.55 0.6375 0.6359375 0.6375 0.6359375 0.4666666666666667
2 0.6546875 0.49166666666666664 0.534375 0.49166666666666664 0.534375 0.6770833333333334 0.6546875 0.6770833333333334 0.6546875 0.49166666666666664
2 0.5515625 0.5125 0.4765625 0.5125 0.4765625 0.7104166666666667 0.5515625 0.7104166666666667 0.5515625 0.5125