0 0.5984375 0.45416666666666666 0.534375 0.45416666666666666 0.534375 0.5541666666666667 0.5984375 0.5541666666666667 0.5984375 0.45416666666666666
0 0.3 0.08541666666666667 0.2796875 0.08541666666666667 0.2796875 0.14791666666666667 0.3 0.14791666666666667 0.3 0.08541666666666667
0 0.2828125 0.08541666666666667 0.2640625 0.08541666666666667 0.2640625 0.15 0.2828125 0.15 0.2828125 0.08541666666666667
0 0.371875 0.07916666666666666 0.3484375 0.07916666666666666 0.3484375 0.16041666666666668 0.371875 0.16041666666666668 0.371875 0.07916666666666666
0 0.353125 0.07916666666666666 0.325 0.07916666666666666 0.325 0.16458333333333333 0.353125 0.16458333333333333 0.353125 0.07916666666666666
0 0.175 0.18125 0.1421875 0.18125 0.1421875 0.3020833333333333 0.175 0.3020833333333333 0.175 0.18125
0 0.2046875 0.16666666666666666 0.1734375 0.16666666666666666 0.1734375 0.29583333333333334 0.2046875 0.29583333333333334 0.2046875 0.16666666666666666
0 0.246875 0.175 0.209375 0.175 0.209375 0.29583333333333334 0.246875 0.29583333333333334 0.246875 0.175
0 0.2796875 0.22291666666666668 0.2421875 0.22291666666666668 0.2421875 0.32708333333333334 0.2796875 0.32708333333333334 0.2796875 0.22291666666666668
0 0.2984375 0.2833333333333333 0.253125 0.2833333333333333 0.253125 0.42083333333333334 0.2984375 0.42083333333333334 0.2984375 0.2833333333333333
0 0.328125 0.16666666666666666 0.2890625 0.16666666666666666 0.2890625 0.2916666666666667 0.328125 0.2916666666666667 0.328125 0.16666666666666666
0 0.3578125 0.24375 0.3171875 0.24375 0.3171875 0.4 0.3578125 0.4 0.3578125 0.24375
0 0.375 0.2604166666666667 0.3296875 0.2604166666666667 0.3296875 0.41875 0.375 0.41875 0.375 0.2604166666666667
0 0.38125 0.3375 0.3453125 0.3375 0.3453125 0.49375 0.38125 0.49375 0.38125 0.3375
0 0.45 0.3416666666666667 0.4046875 0.3416666666666667 0.4046875 0.4979166666666667 0.45 0.4979166666666667 0.45 0.3416666666666667
0 0.4046875 0.3729166666666667 0.35 0.3729166666666667 0.35 0.5541666666666667 0.4046875 0.5541666666666667 0.4046875 0.3729166666666667
0 0.303125 0.35208333333333336 0.25625 0.35208333333333336 0.25625 0.5625 0.303125 0.5625 0.303125 0.35208333333333336
0 0.25 0.35208333333333336 0.203125 0.35208333333333336 0.203125 0.5645833333333333 0.25 0.5645833333333333 0.25 0.35208333333333336
0 0.128125 0.45 0.0578125 0.45 0.0578125 0.6895833333333333 0.128125 0.6895833333333333 0.128125 0.45
0 0.178125 0.4625 0.125 0.4625 0.125 0.6833333333333333 0.178125 0.6833333333333333 0.178125 0.4625
0 0.315625 0.7333333333333333 0.2484375 0.7333333333333333 0.2484375 0.9979166666666667 0.315625 0.9979166666666667 0.315625 0.7333333333333333
0 0.2390625 0.71875 0.175 0.71875 0.175 0.9979166666666667 0.2390625 0.9979166666666667 0.2390625 0.71875
0 0.30625 0.8375 0.2390625 0.8375 0.2390625 0.9979166666666667 0.30625 0.9979166666666667 0.30625 0.8375
0 0.8453125 0.42083333333333334 0.8046875 0.42083333333333334 0.8046875 0.6208333333333333 0.8453125 0.6208333333333333 0.8453125 0.42083333333333334
0 0.909375 0.4166666666666667 0.86875 0.4166666666666667 0.86875 0.6333333333333333 0.909375 0.6333333333333333 0.909375 0.4166666666666667
0 0.8640625 0.36666666666666664 0.8234375 0.36666666666666664 0.8234375 0.55 0.8640625 0.55 0.8640625 0.36666666666666664
0 0.8203125 0.38125 0.784375 0.38125 0.784375 0.56875 0.8203125 0.56875 0.8203125 0.38125
0 0.796875 0.38125 0.7609375 0.38125 0.7609375 0.5958333333333333 0.796875 0.5958333333333333 0.796875 0.38125
0 0.7640625 0.6375 0.6984375 0.6375 0.6984375 0.91875 0.7640625 0.91875 0.7640625 0.6375