0 0.1921875 0.03333333333333333 0.175 0.03333333333333333 0.175 0.09791666666666667 0.1921875 0.09791666666666667 0.1921875 0.03333333333333333
0 0.2265625 0.075 0.2015625 0.075 0.2015625 0.15833333333333333 0.2265625 0.15833333333333333 0.2265625 0.075
0 0.2609375 0.08333333333333333 0.2296875 0.08333333333333333 0.2296875 0.17083333333333334 0.2609375 0.17083333333333334 0.2609375 0.08333333333333333
0 0.2953125 0.0875 0.271875 0.0875 0.271875 0.15208333333333332 0.2953125 0.15208333333333332 0.2953125 0.0875
0 0.2796875 0.0875 0.2625 0.0875 0.2625 0.14583333333333334 0.2796875 0.14583333333333334 0.2796875 0.0875
0 0.325 0.08125 0.296875 0.08125 0.296875 0.15416666666666667 0.325 0.15416666666666667 0.325 0.08125
0 0.35625 0.08125 0.328125 0.08125 0.328125 0.15 0.35625 0.15 0.35625 0.08125
0 0.903125 0.25416666666666665 0.8703125 0.25416666666666665 0.8703125 0.43333333333333335 0.903125 0.43333333333333335 0.903125 0.25416666666666665
0 0.8109375 0.20208333333333334 0.778125 0.20208333333333334 0.778125 0.33541666666666664 0.8109375 0.33541666666666664 0.8109375 0.20208333333333334
0 0.7375 0.09166666666666666 0.7125 0.09166666666666666 0.7125 0.19375 0.7375 0.19375 0.7375 0.09166666666666666
0 0.7125 0.125 0.6734375 0.125 0.6734375 0.25 0.7125 0.25 0.7125 0.125
0 0.6515625 0.11875 0.6109375 0.11875 0.6109375 0.25625 0.6515625 0.25625 0.6515625 0.11875
0 0.4609375 0.26875 0.4234375 0.26875 0.4234375 0.44166666666666665 0.4609375 0.44166666666666665 0.4609375 0.26875
0 0.409375 0.24791666666666667 0.36875 0.24791666666666667 0.36875 0.39375 0.409375 0.39375 0.409375 0.24791666666666667
0 0.2734375 0.22916666666666666 0.2265625 0.22916666666666666 0.2265625 0.39166666666666666 0.2734375 0.39166666666666666 0.2734375 0.22916666666666666
0 0.309375 0.23958333333333334 0.2703125 0.23958333333333334 0.2703125 0.3854166666666667 0.309375 0.3854166666666667 0.309375 0.23958333333333334
0 0.3578125 0.25833333333333336 0.3125 0.25833333333333336 0.3125 0.40625 0.3578125 0.40625 0.3578125 0.25833333333333336
2 0.4140625 0.32916666666666666 0.3640625 0.32916666666666666 0.3640625 0.5104166666666666 0.4140625 0.5104166666666666 0.4140625 0.32916666666666666
2 0.35625 0.35 0.2953125 0.35 0.2953125 0.5395833333333333 0.35625 0.5395833333333333 0.35625 0.35
0 0.25 0.34375 0.2 0.34375 0.2 0.5375 0.25 0.5375 0.25 0.34375
0 0.19375 0.35 0.1375 0.35 0.1375 0.5291666666666667 0.19375 0.5291666666666667 0.19375 0.35
1 0.128125 0.37083333333333335 0.0828125 0.37083333333333335 0.0828125 0.5395833333333333 0.128125 0.5395833333333333 0.128125 0.37083333333333335
0 0 0.9520833333333333 0.034375 0.9520833333333333 0.034375 0.7041666666666667 0 0.7041666666666667 0 0.9520833333333333
0 0.1125 0.6916666666666667 0.0359375 0.6916666666666667 0.0359375 0.95625 0.1125 0.95625 0.1125 0.6916666666666667
0 0.2421875 0.6979166666666666 0.1953125 0.6979166666666666 0.1953125 0.9520833333333333 0.2421875 0.9520833333333333 0.2421875 0.6979166666666666
0 0.2546875 0.725 0.2109375 0.725 0.2109375 0.9979166666666667 0.2546875 0.9979166666666667 0.2546875 0.725
0 0.334375 0.7541666666666667 0.259375 0.7541666666666667 0.259375 0.9979166666666667 0.334375 0.9979166666666667 0.334375 0.7541666666666667
0 0.490625 0.5125 0.4296875 0.5125 0.4296875 0.6958333333333333 0.490625 0.6958333333333333 0.490625 0.5125
0 0.55 0.5208333333333334 0.4953125 0.5208333333333334 0.4953125 0.7 0.55 0.7 0.55 0.5208333333333334
0 0.7796875 0.4354166666666667 0.73125 0.4354166666666667 0.73125 0.65 0.7796875 0.65 0.7796875 0.4354166666666667
0 0.734375 0.42083333333333334 0.665625 0.42083333333333334 0.665625 0.6458333333333334 0.734375 0.6458333333333334 0.734375 0.42083333333333334
0 0.9609375 0.6895833333333333 0.884375 0.6895833333333333 0.884375 0.94375 0.9609375 0.94375 0.9609375 0.6895833333333333
0 0.8265625 0.5020833333333333 0.7578125 0.5020833333333333 0.7578125 0.73125 0.8265625 0.73125 0.8265625 0.5020833333333333
2 0.596875 0.45416666666666666 0.5484375 0.45416666666666666 0.5484375 0.5541666666666667 0.596875 0.5541666666666667 0.596875 0.45416666666666666