1 0.36875 0.275 0.3390625 0.275 0.3390625 0.38333333333333336 0.36875 0.38333333333333336 0.36875 0.275
1 0.25625 0.0875 0.2390625 0.0875 0.2390625 0.1625 0.25625 0.1625 0.25625 0.0875
0 0.3203125 0.20625 0.278125 0.20625 0.278125 0.35625 0.3203125 0.35625 0.3203125 0.20625
0 0.29375 0.23125 0.246875 0.23125 0.246875 0.40208333333333335 0.29375 0.40208333333333335 0.29375 0.23125
0 0.2265625 0.28125 0.171875 0.28125 0.171875 0.42916666666666664 0.2265625 0.42916666666666664 0.2265625 0.28125
2 0.465625 0.49375 0.4203125 0.49375 0.4203125 0.6958333333333333 0.465625 0.6958333333333333 0.465625 0.49375
0 0.2453125 0.19166666666666668 0.1765625 0.19166666666666668 0.1765625 0.3541666666666667 0.2453125 0.3541666666666667 0.2453125 0.19166666666666668
2 0.6578125 0.47291666666666665 0.546875 0.47291666666666665 0.546875 0.6458333333333334 0.6578125 0.6458333333333334 0.6578125 0.47291666666666665
0 0.378125 0.23541666666666666 0.334375 0.23541666666666666 0.334375 0.43333333333333335 0.378125 0.43333333333333335 0.378125 0.23541666666666666
2 0.6265625 0.50625 0.53125 0.50625 0.53125 0.66875 0.6265625 0.66875 0.6265625 0.50625
0 0.365625 0.28125 0.315625 0.28125 0.315625 0.43333333333333335 0.365625 0.43333333333333335 0.365625 0.28125
2 0.540625 0.5166666666666667 0.4734375 0.5166666666666667 0.4734375 0.7 0.540625 0.7 0.540625 0.5166666666666667
0 0.4140625 0.28541666666666665 0.3625 0.28541666666666665 0.3625 0.44583333333333336 0.4140625 0.44583333333333336 0.4140625 0.28541666666666665
0 0.4515625 0.2708333333333333 0.4046875 0.2708333333333333 0.4046875 0.4270833333333333 0.4515625 0.4270833333333333 0.4515625 0.2708333333333333
0 0.35625 0.3875 0.3140625 0.3875 0.3140625 0.5729166666666666 0.35625 0.5729166666666666 0.35625 0.3875
0 0.303125 0.28541666666666665 0.2546875 0.28541666666666665 0.2546875 0.47291666666666665 0.303125 0.47291666666666665 0.303125 0.28541666666666665
0 0.1703125 0.32083333333333336 0.1140625 0.32083333333333336 0.1140625 0.5104166666666666 0.1703125 0.5104166666666666 0.1703125 0.32083333333333336
0 0.221875 0.3458333333333333 0.1671875 0.3458333333333333 0.1671875 0.5270833333333333 0.221875 0.5270833333333333 0.221875 0.3458333333333333
0 0.3078125 0.7333333333333333 0.240625 0.7333333333333333 0.240625 0.9979166666666667 0.3078125 0.9979166666666667 0.3078125 0.7333333333333333
0 0.659375 0.6291666666666667 0.6 0.6291666666666667 0.6 0.9104166666666667 0.659375 0.9104166666666667 0.659375 0.6291666666666667
0 0.73125 0.6229166666666667 0.6578125 0.6229166666666667 0.6578125 0.9770833333333333 0.73125 0.9770833333333333 0.73125 0.6229166666666667
0 0.81875 0.6354166666666666 0.74375 0.6354166666666666 0.74375 0.94375 0.81875 0.94375 0.81875 0.6354166666666666
0 0.659375 0.10833333333333334 0.6109375 0.10833333333333334 0.6109375 0.23958333333333334 0.659375 0.23958333333333334 0.659375 0.10833333333333334
0 0.69375 0.11666666666666667 0.6578125 0.11666666666666667 0.6578125 0.22708333333333333 0.69375 0.22708333333333333 0.69375 0.11666666666666667
0 0.303125 0.07916666666666666 0.2734375 0.07916666666666666 0.2734375 0.14791666666666667 0.303125 0.14791666666666667 0.303125 0.07916666666666666
0 0.2109375 0.07916666666666666 0.1796875 0.07916666666666666 0.1796875 0.17708333333333334 0.2109375 0.17708333333333334 0.2109375 0.07916666666666666