0 0.321875 0.08541666666666667 0.2953125 0.08541666666666667 0.2953125 0.15833333333333333 0.321875 0.15833333333333333 0.321875 0.08541666666666667
0 0.29375 0.08541666666666667 0.2703125 0.08541666666666667 0.2703125 0.15416666666666667 0.29375 0.15416666666666667 0.29375 0.08541666666666667
0 0.278125 0.08541666666666667 0.259375 0.08541666666666667 0.259375 0.15416666666666667 0.278125 0.15416666666666667 0.278125 0.08541666666666667
0 0.209375 0.05625 0.1859375 0.05625 0.1859375 0.13125 0.209375 0.13125 0.209375 0.05625
0 0.2015625 0.12083333333333333 0.175 0.12083333333333333 0.175 0.23541666666666666 0.2015625 0.23541666666666666 0.2015625 0.12083333333333333
0 0.2375 0.08958333333333333 0.209375 0.08958333333333333 0.209375 0.1875 0.2375 0.1875 0.2375 0.08958333333333333
0 0.4296875 0.2125 0.3875 0.2125 0.3875 0.3625 0.4296875 0.3625 0.4296875 0.2125
0 0.3046875 0.21458333333333332 0.2625 0.21458333333333332 0.2625 0.36041666666666666 0.3046875 0.36041666666666666 0.3046875 0.21458333333333332
0 0.2609375 0.20208333333333334 0.225 0.20208333333333334 0.225 0.36041666666666666 0.2609375 0.36041666666666666 0.2609375 0.20208333333333334
0 0.3421875 0.1875 0.2953125 0.1875 0.2953125 0.31666666666666665 0.3421875 0.31666666666666665 0.3421875 0.1875
0 0.4875 0.51875 0.4265625 0.51875 0.4265625 0.6979166666666666 0.4875 0.6979166666666666 0.4875 0.51875
0 0.5515625 0.5208333333333334 0.496875 0.5208333333333334 0.496875 0.69375 0.5515625 0.69375 0.5515625 0.5208333333333334
2 0.6375 0.5 0.5453125 0.5 0.5453125 0.6729166666666667 0.6375 0.6729166666666667 0.6375 0.5
2 0.65 0.475 0.5734375 0.475 0.5734375 0.65625 0.65 0.65625 0.65 0.475
2 0.58125 0.45208333333333334 0.5265625 0.45208333333333334 0.5265625 0.58125 0.58125 0.58125 0.58125 0.45208333333333334
0 0.4875 0.71875 0.434375 0.71875 0.434375 0.9979166666666667 0.4875 0.9979166666666667 0.4875 0.71875
0 0.4765625 0.725 0.4140625 0.725 0.4140625 0.9979166666666667 0.4765625 0.9979166666666667 0.4765625 0.725
0 0.3640625 0.7604166666666666 0.2890625 0.7604166666666666 0.2890625 0.9979166666666667 0.3640625 0.9979166666666667 0.3640625 0.7604166666666666
0 0.6484375 0.725 0.5796875 0.725 0.5796875 0.9979166666666667 0.6484375 0.9979166666666667 0.6484375 0.725
0 0.759375 0.7354166666666667 0.6859375 0.7354166666666667 0.6859375 0.9979166666666667 0.759375 0.9979166666666667 0.759375 0.7354166666666667
0 0.75 0.2833333333333333 0.7015625 0.2833333333333333 0.7015625 0.4625 0.75 0.4625 0.75 0.2833333333333333