0 0.353125 0.08125 0.325 0.08125 0.325 0.14791666666666667 0.353125 0.14791666666666667 0.353125 0.08125
0 0.296875 0.08333333333333333 0.2640625 0.08333333333333333 0.2640625 0.15208333333333332 0.296875 0.15208333333333332 0.296875 0.08333333333333333
0 0.35625 0.12291666666666666 0.325 0.12291666666666666 0.325 0.225 0.35625 0.225 0.35625 0.12291666666666666
0 0.3109375 0.12916666666666668 0.275 0.12916666666666668 0.275 0.23125 0.3109375 0.23125 0.3109375 0.12916666666666668
2 0.2109375 0.14166666666666666 0.184375 0.14166666666666666 0.184375 0.25416666666666665 0.2109375 0.25416666666666665 0.2109375 0.14166666666666666
2 0.240625 0.13958333333333334 0.2109375 0.13958333333333334 0.2109375 0.25 0.240625 0.25 0.240625 0.13958333333333334
2 0.6 0.45625 0.5328125 0.45625 0.5328125 0.5541666666666667 0.6 0.5541666666666667 0.6 0.45625
2 0.3390625 0.20833333333333334 0.29375 0.20833333333333334 0.29375 0.34375 0.3390625 0.34375 0.3390625 0.20833333333333334
0 0.28125 0.20625 0.246875 0.20625 0.246875 0.3458333333333333 0.28125 0.3458333333333333 0.28125 0.20625
0 0.3015625 0.29791666666666666 0.2546875 0.29791666666666666 0.2546875 0.46458333333333335 0.3015625 0.46458333333333335 0.3015625 0.29791666666666666
0 0.340625 0.79375 0.2875 0.79375 0.2875 0.9979166666666667 0.340625 0.9979166666666667 0.340625 0.79375
0 0.8125 0.8875 0.7296875 0.8875 0.7296875 0.9979166666666667 0.8125 0.9979166666666667 0.8125 0.8875
0 0.8046875 0.17708333333333334 0.7671875 0.17708333333333334 0.7671875 0.32083333333333336 0.8046875 0.32083333333333336 0.8046875 0.17708333333333334
0 0.7671875 0.16666666666666666 0.7265625 0.16666666666666666 0.7265625 0.3333333333333333 0.7671875 0.3333333333333333 0.7671875 0.16666666666666666
0 0.6890625 0.25625 0.653125 0.25625 0.653125 0.42083333333333334 0.6890625 0.42083333333333334 0.6890625 0.25625
0 0.6578125 0.2520833333333333 0.61875 0.2520833333333333 0.61875 0.4270833333333333 0.6578125 0.4270833333333333 0.6578125 0.2520833333333333
0 0.1859375 0.45625 0.134375 0.45625 0.134375 0.6791666666666667 0.1859375 0.6791666666666667 0.1859375 0.45625
0 0.2578125 0.4583333333333333 0.2140625 0.4583333333333333 0.2140625 0.6604166666666667 0.2578125 0.6604166666666667 0.2578125 0.4583333333333333