0 0.4203125 0.43333333333333335 0.36875 0.43333333333333335 0.36875 0.54375 0.4203125 0.54375 0.4203125 0.43333333333333335
0 0.334375 0.41458333333333336 0.2859375 0.41458333333333336 0.2859375 0.5645833333333333 0.334375 0.5645833333333333 0.334375 0.41458333333333336
0 0.296875 0.0875 0.246875 0.0875 0.246875 0.15625 0.296875 0.15625 0.296875 0.0875
0 0.371875 0.15625 0.3359375 0.15625 0.3359375 0.28958333333333336 0.371875 0.28958333333333336 0.371875 0.15625
0 0.3328125 0.15416666666666667 0.3 0.15416666666666667 0.3 0.28541666666666665 0.3328125 0.28541666666666665 0.3328125 0.15416666666666667
0 0.2375 0.5708333333333333 0.1828125 0.5708333333333333 0.1828125 0.7979166666666667 0.2375 0.7979166666666667 0.2375 0.5708333333333333
0 0.2 0.65 0.1453125 0.65 0.1453125 0.8958333333333334 0.2 0.8958333333333334 0.2 0.65
0 0.3359375 0.7333333333333333 0.2609375 0.7333333333333333 0.2609375 0.9979166666666667 0.3359375 0.9979166666666667 0.3359375 0.7333333333333333
0 0.615625 0.47291666666666665 0.5640625 0.47291666666666665 0.5640625 0.7083333333333334 0.615625 0.7083333333333334 0.615625 0.47291666666666665
0 0.99375 0.69375 0.91875 0.69375 0.91875 0.9875 0.99375 0.9875 0.99375 0.69375
0 0.9203125 0.7145833333333333 0.8421875 0.7145833333333333 0.8421875 0.9979166666666667 0.9203125 0.9979166666666667 0.9203125 0.7145833333333333
2 0.0765625 0.5854166666666667 0.0078125 0.5854166666666667 0.0078125 0.85 0.0765625 0.85 0.0765625 0.5854166666666667
2 0.26875 0.42083333333333334 0.2125 0.42083333333333334 0.2125 0.6270833333333333 0.26875 0.6270833333333333 0.26875 0.42083333333333334
2 0.53125 0.5666666666666667 0.4578125 0.5666666666666667 0.4578125 0.79375 0.53125 0.79375 0.53125 0.5666666666666667
2 0.5421875 0.5166666666666667 0.4859375 0.5166666666666667 0.4859375 0.69375 0.5421875 0.69375 0.5421875 0.5166666666666667
2 0.615625 0.825 0.5234375 0.825 0.5234375 0.9979166666666667 0.615625 0.9979166666666667 0.615625 0.825