0 0.3234375 0.09375 0.296875 0.09375 0.296875 0.16041666666666668 0.3234375 0.16041666666666668 0.3234375 0.09375
0 0.2953125 0.08958333333333333 0.2765625 0.08958333333333333 0.2765625 0.15 0.2953125 0.15 0.2953125 0.08958333333333333
0 0.278125 0.08541666666666667 0.2609375 0.08541666666666667 0.2609375 0.15416666666666667 0.278125 0.15416666666666667 0.278125 0.08541666666666667
0 0.4484375 0.20416666666666666 0.4109375 0.20416666666666666 0.4109375 0.29375 0.4484375 0.29375 0.4484375 0.20416666666666666
0 0.321875 0.14375 0.290625 0.14375 0.290625 0.2604166666666667 0.321875 0.2604166666666667 0.321875 0.14375
1 0.3328125 0.175 0.2984375 0.175 0.2984375 0.29583333333333334 0.3328125 0.29583333333333334 0.3328125 0.175
1 0.303125 0.17291666666666666 0.278125 0.17291666666666666 0.278125 0.3020833333333333 0.303125 0.3020833333333333 0.303125 0.17291666666666666
1 0.2859375 0.175 0.253125 0.175 0.253125 0.30833333333333335 0.2859375 0.30833333333333335 0.2859375 0.175
0 0.21875 0.40208333333333335 0.1734375 0.40208333333333335 0.1734375 0.6020833333333333 0.21875 0.6020833333333333 0.21875 0.40208333333333335
0 0.2734375 0.4125 0.228125 0.4125 0.228125 0.6083333333333333 0.2734375 0.6083333333333333 0.2734375 0.4125
0 0.2765625 0.65 0.2125 0.65 0.2125 0.8958333333333334 0.2765625 0.8958333333333334 0.2765625 0.65
0 0.3296875 0.7208333333333333 0.259375 0.7208333333333333 0.259375 0.9979166666666667 0.3296875 0.9979166666666667 0.3296875 0.7208333333333333
0 0.80625 0.75 0.746875 0.75 0.746875 0.9979166666666667 0.80625 0.9979166666666667 0.80625 0.75
0 0.7125 0.7958333333333333 0.61875 0.7958333333333333 0.61875 0.9979166666666667 0.7125 0.9979166666666667 0.7125 0.7958333333333333
0 0.4109375 0.4895833333333333 0.3484375 0.4895833333333333 0.3484375 0.6333333333333333 0.4109375 0.6333333333333333 0.4109375 0.4895833333333333
0 0.41875 0.51875 0.36875 0.51875 0.36875 0.6645833333333333 0.41875 0.6645833333333333 0.41875 0.51875
0 0.4796875 0.5166666666666667 0.428125 0.5166666666666667 0.428125 0.6916666666666667 0.4796875 0.6916666666666667 0.4796875 0.5166666666666667
0 0.5515625 0.5270833333333333 0.496875 0.5270833333333333 0.496875 0.7 0.5515625 0.7 0.5515625 0.5270833333333333
0 0.6890625 0.19166666666666668 0.6390625 0.19166666666666668 0.6390625 0.33125 0.6890625 0.33125 0.6890625 0.19166666666666668
2 0.6046875 0.5041666666666667 0.5515625 0.5041666666666667 0.5515625 0.6729166666666667 0.6046875 0.6729166666666667 0.6046875 0.5041666666666667
2 0.634375 0.48333333333333334 0.571875 0.48333333333333334 0.571875 0.6458333333333334 0.634375 0.6458333333333334 0.634375 0.48333333333333334
2 0.790625 0.4354166666666667 0.7234375 0.4354166666666667 0.7234375 0.6583333333333333 0.790625 0.6583333333333333 0.790625 0.4354166666666667