2 0.5984375 0.45416666666666666 0.528125 0.45416666666666666 0.528125 0.55 0.5984375 0.55 0.5984375 0.45416666666666666
2 0.384375 0.25416666666666665 0.35 0.25416666666666665 0.35 0.4166666666666667 0.384375 0.4166666666666667 0.384375 0.25416666666666665
2 0.4203125 0.24583333333333332 0.378125 0.24583333333333332 0.378125 0.41041666666666665 0.4203125 0.41041666666666665 0.4203125 0.24583333333333332
0 0.375 0.20416666666666666 0.3453125 0.20416666666666666 0.3453125 0.3416666666666667 0.375 0.3416666666666667 0.375 0.20416666666666666
0 0.3515625 0.21041666666666667 0.325 0.21041666666666667 0.325 0.3645833333333333 0.3515625 0.3645833333333333 0.3515625 0.21041666666666667
0 0.328125 0.21666666666666667 0.2984375 0.21666666666666667 0.2984375 0.3458333333333333 0.328125 0.3458333333333333 0.328125 0.21666666666666667
0 0.303125 0.20625 0.278125 0.20625 0.278125 0.33541666666666664 0.303125 0.33541666666666664 0.303125 0.20625
0 0.2765625 0.2 0.2484375 0.2 0.2484375 0.3458333333333333 0.2765625 0.3458333333333333 0.2765625 0.2
0 0.31875 0.275 0.275 0.275 0.275 0.4270833333333333 0.31875 0.4270833333333333 0.31875 0.275
0 0.275 0.22708333333333333 0.2328125 0.22708333333333333 0.2328125 0.375 0.275 0.375 0.275 0.22708333333333333
0 0.23125 0.22083333333333333 0.190625 0.22083333333333333 0.190625 0.37916666666666665 0.23125 0.37916666666666665 0.23125 0.22083333333333333
0 0.353125 0.08125 0.3265625 0.08125 0.3265625 0.175 0.353125 0.175 0.353125 0.08125
0 0.2921875 0.025 0.265625 0.025 0.265625 0.09375 0.2921875 0.09375 0.2921875 0.025
0 0.340625 0.11458333333333333 0.29375 0.11458333333333333 0.29375 0.20625 0.340625 0.20625 0.340625 0.11458333333333333
0 0.3609375 0.10208333333333333 0.3296875 0.10208333333333333 0.3296875 0.20833333333333334 0.3609375 0.20833333333333334 0.3609375 0.10208333333333333
0 0.6203125 0.13125 0.5734375 0.13125 0.5734375 0.27291666666666664 0.6203125 0.27291666666666664 0.6203125 0.13125
0 0.6953125 0.11041666666666666 0.6671875 0.11041666666666666 0.6671875 0.22291666666666668 0.6953125 0.22291666666666668 0.6953125 0.11041666666666666
0 0.6796875 0.11666666666666667 0.6515625 0.11666666666666667 0.6515625 0.22083333333333333 0.6796875 0.22083333333333333 0.6796875 0.11666666666666667
0 0.659375 0.1 0.6265625 0.1 0.6265625 0.22291666666666668 0.659375 0.22291666666666668 0.659375 0.1
0 0.7703125 0.1625 0.734375 0.1625 0.734375 0.29375 0.7703125 0.29375 0.7703125 0.1625
0 0.9046875 0.275 0.8671875 0.275 0.8671875 0.44375 0.9046875 0.44375 0.9046875 0.275
0 0.8421875 0.28541666666666665 0.7984375 0.28541666666666665 0.7984375 0.4583333333333333 0.8421875 0.4583333333333333 0.8421875 0.28541666666666665
0 0.7671875 0.2875 0.7203125 0.2875 0.7203125 0.49166666666666664 0.7671875 0.49166666666666664 0.7671875 0.2875
0 0.6578125 0.33541666666666664 0.6078125 0.33541666666666664 0.6078125 0.5270833333333333 0.6578125 0.5270833333333333 0.6578125 0.33541666666666664
0 0.4171875 0.4708333333333333 0.3703125 0.4708333333333333 0.3703125 0.6166666666666667 0.4171875 0.6166666666666667 0.4171875 0.4708333333333333
0 0.48125 0.5166666666666667 0.428125 0.5166666666666667 0.428125 0.7 0.48125 0.7 0.48125 0.5166666666666667
0 0.5484375 0.5229166666666667 0.496875 0.5229166666666667 0.496875 0.6979166666666666 0.5484375 0.6979166666666666 0.5484375 0.5229166666666667
2 0.1828125 0.5354166666666667 0.0921875 0.5354166666666667 0.0921875 0.7916666666666666 0.1828125 0.7916666666666666 0.1828125 0.5354166666666667
0 0.25 0.6666666666666666 0.2046875 0.6666666666666666 0.2046875 0.9145833333333333 0.25 0.9145833333333333 0.25 0.6666666666666666
0 0.2421875 0.69375 0.1890625 0.69375 0.1890625 0.9708333333333333 0.2421875 0.9708333333333333 0.2421875 0.69375
0 0.275 0.44166666666666665 0.2140625 0.44166666666666665 0.2140625 0.6291666666666667 0.275 0.6291666666666667 0.275 0.44166666666666665
0 0.103125 0.46875 0.05625 0.46875 0.05625 0.6916666666666667 0.103125 0.6916666666666667 0.103125 0.46875
0 0.053125 0.475 0.01875 0.475 0.01875 0.6770833333333334 0.053125 0.6770833333333334 0.053125 0.475