2 0.5359375 0.5604166666666667 0.48125 0.5604166666666667 0.48125 0.80625 0.5359375 0.80625 0.5359375 0.5604166666666667
0 0.3453125 0.18958333333333333 0.3078125 0.18958333333333333 0.3078125 0.26458333333333334 0.3453125 0.26458333333333334 0.3453125 0.18958333333333333
0 0.315625 0.12291666666666666 0.2875 0.12291666666666666 0.2875 0.2375 0.315625 0.2375 0.315625 0.12291666666666666
0 0.28125 0.125 0.2453125 0.125 0.2453125 0.24375 0.28125 0.24375 0.28125 0.125
0 0.2609375 0.2625 0.2046875 0.2625 0.2046875 0.4 0.2609375 0.4 0.2609375 0.2625
0 0.209375 0.24375 0.175 0.24375 0.175 0.38958333333333334 0.209375 0.38958333333333334 0.209375 0.24375
0 0.2390625 0.35 0.1921875 0.35 0.1921875 0.5354166666666667 0.2390625 0.5354166666666667 0.2390625 0.35
0 0.1875 0.34791666666666665 0.1359375 0.34791666666666665 0.1359375 0.53125 0.1875 0.53125 0.1875 0.34791666666666665
0 0.2890625 0.3645833333333333 0.2328125 0.3645833333333333 0.2328125 0.51875 0.2890625 0.51875 0.2890625 0.3645833333333333
0 0.3515625 0.37083333333333335 0.290625 0.37083333333333335 0.290625 0.5479166666666667 0.3515625 0.5479166666666667 0.3515625 0.37083333333333335
0 0.31875 0.2375 0.2625 0.2375 0.2625 0.37916666666666665 0.31875 0.37916666666666665 0.31875 0.2375
0 0.365625 0.24791666666666667 0.3234375 0.24791666666666667 0.3234375 0.4083333333333333 0.365625 0.4083333333333333 0.365625 0.24791666666666667
0 0.5109375 0.59375 0.4578125 0.59375 0.4578125 0.8541666666666666 0.5109375 0.8541666666666666 0.5109375 0.59375
0 0.2859375 0.44583333333333336 0.2265625 0.44583333333333336 0.2265625 0.6375 0.2859375 0.6375 0.2859375 0.44583333333333336
0 0.215625 0.4583333333333333 0.1765625 0.4583333333333333 0.1765625 0.6729166666666667 0.215625 0.6729166666666667 0.215625 0.4583333333333333
0 0.115625 0.4583333333333333 0.05 0.4583333333333333 0.05 0.6916666666666667 0.115625 0.6916666666666667 0.115625 0.4583333333333333
0 0.196875 0.8291666666666667 0.121875 0.8291666666666667 0.121875 0.9979166666666667 0.196875 0.9979166666666667 0.196875 0.8291666666666667
0 0.13125 0.7895833333333333 0.0703125 0.7895833333333333 0.0703125 0.9979166666666667 0.13125 0.9979166666666667 0.13125 0.7895833333333333
0 0.2203125 0.7541666666666667 0.1359375 0.7541666666666667 0.1359375 0.9604166666666667 0.2203125 0.9604166666666667 0.2203125 0.7541666666666667
2 0.471875 0.49375 0.421875 0.49375 0.421875 0.6854166666666667 0.471875 0.6854166666666667 0.471875 0.49375
0 0.375 0.7833333333333333 0.2984375 0.7833333333333333 0.2984375 0.9916666666666667 0.375 0.9916666666666667 0.375 0.7833333333333333
2 0.5390625 0.5041666666666667 0.4765625 0.5041666666666667 0.4765625 0.6458333333333334 0.5390625 0.6458333333333334 0.5390625 0.5041666666666667
0 0.9265625 0.8520833333333333 0.859375 0.8520833333333333 0.859375 0.9979166666666667 0.9265625 0.9979166666666667 0.9265625 0.8520833333333333
0 0.86875 0.6520833333333333 0.8125 0.6520833333333333 0.8125 0.93125 0.86875 0.93125 0.86875 0.6520833333333333
1 0.821875 0.9166666666666666 0.74375 0.9166666666666666 0.74375 0.9979166666666667 0.821875 0.9979166666666667 0.821875 0.9166666666666666