1 0.73125 0.7375 0.6703125 0.7375 0.6703125 0.86875 0.73125 0.86875 0.73125 0.7375
0 0.4390625 0.1625 0.396875 0.1625 0.396875 0.3 0.4390625 0.3 0.4390625 0.1625
0 0.3921875 0.17291666666666666 0.35 0.17291666666666666 0.35 0.2916666666666667 0.3921875 0.2916666666666667 0.3921875 0.17291666666666666
0 0.3953125 0.029166666666666667 0.3734375 0.029166666666666667 0.3734375 0.10208333333333333 0.3953125 0.10208333333333333 0.3953125 0.029166666666666667
0 0.375 0.03333333333333333 0.35 0.03333333333333333 0.35 0.10625 0.375 0.10625 0.375 0.03333333333333333
0 0.290625 0.075 0.2609375 0.075 0.2609375 0.17708333333333334 0.290625 0.17708333333333334 0.290625 0.075
0 0.2328125 0.10625 0.2125 0.10625 0.2125 0.18333333333333332 0.2328125 0.18333333333333332 0.2328125 0.10625
0 0.2375 0.06041666666666667 0.215625 0.06041666666666667 0.215625 0.15 0.2375 0.15 0.2375 0.06041666666666667
0 0.265625 0.09375 0.24375 0.09375 0.24375 0.19375 0.265625 0.19375 0.265625 0.09375
0 0.18125 0.16458333333333333 0.1515625 0.16458333333333333 0.1515625 0.28125 0.18125 0.28125 0.18125 0.16458333333333333
0 0.209375 0.16875 0.184375 0.16875 0.184375 0.28958333333333336 0.209375 0.28958333333333336 0.209375 0.16875
0 0.240625 0.15 0.2078125 0.15 0.2078125 0.2875 0.240625 0.2875 0.240625 0.15
0 0.2625 0.22916666666666666 0.2296875 0.22916666666666666 0.2296875 0.375 0.2625 0.375 0.2625 0.22916666666666666
0 0.340625 0.21875 0.2953125 0.21875 0.2953125 0.37083333333333335 0.340625 0.37083333333333335 0.340625 0.21875
0 0.4265625 0.23541666666666666 0.38125 0.23541666666666666 0.38125 0.39791666666666664 0.4265625 0.39791666666666664 0.4265625 0.23541666666666666
0 0.3734375 0.4895833333333333 0.2828125 0.4895833333333333 0.2828125 0.6270833333333333 0.3734375 0.6270833333333333 0.3734375 0.4895833333333333
0 0.23125 0.4375 0.18125 0.4375 0.18125 0.64375 0.23125 0.64375 0.23125 0.4375
0 0.2140625 0.8541666666666666 0.1359375 0.8541666666666666 0.1359375 0.9979166666666667 0.2140625 0.9979166666666667 0.2140625 0.8541666666666666
0 0.3140625 0.7625 0.2453125 0.7625 0.2453125 0.9979166666666667 0.3140625 0.9979166666666667 0.3140625 0.7625
0 0.7890625 0.5791666666666667 0.721875 0.5791666666666667 0.721875 0.8270833333333333 0.7890625 0.8270833333333333 0.7890625 0.5791666666666667
0 0.84375 0.5875 0.7828125 0.5875 0.7828125 0.8583333333333333 0.84375 0.8583333333333333 0.84375 0.5875
0 0.9515625 0.63125 0.878125 0.63125 0.878125 0.8916666666666667 0.9515625 0.8916666666666667 0.9515625 0.63125