0 0.3609375 0.07916666666666666 0.334375 0.07916666666666666 0.334375 0.14375 0.3609375 0.14375 0.3609375 0.07916666666666666
0 0.31875 0.08125 0.2921875 0.08125 0.2921875 0.15833333333333333 0.31875 0.15833333333333333 0.31875 0.08125
0 0.29375 0.08125 0.253125 0.08125 0.253125 0.1375 0.29375 0.1375 0.29375 0.08125
0 0.215625 0.11875 0.1859375 0.11875 0.1859375 0.2125 0.215625 0.2125 0.215625 0.11875
0 0.25 0.10208333333333333 0.215625 0.10208333333333333 0.215625 0.2125 0.25 0.2125 0.25 0.10208333333333333
0 0.284375 0.1125 0.2546875 0.1125 0.2546875 0.22708333333333333 0.284375 0.22708333333333333 0.284375 0.1125
0 0.415625 0.4979166666666667 0.3703125 0.4979166666666667 0.3703125 0.5520833333333334 0.415625 0.5520833333333334 0.415625 0.4979166666666667
0 0.29375 0.3541666666666667 0.246875 0.3541666666666667 0.246875 0.525 0.29375 0.525 0.29375 0.3541666666666667
0 0.3375 0.35 0.296875 0.35 0.296875 0.54375 0.3375 0.54375 0.3375 0.35
0 0.3171875 0.76875 0.23125 0.76875 0.23125 0.9958333333333333 0.3171875 0.9958333333333333 0.3171875 0.76875
0 0.403125 0.78125 0.315625 0.78125 0.315625 0.9979166666666667 0.403125 0.9979166666666667 0.403125 0.78125
0 0.7171875 0.2125 0.678125 0.2125 0.678125 0.38333333333333336 0.7171875 0.38333333333333336 0.7171875 0.2125
0 0.6515625 0.2708333333333333 0.5953125 0.2708333333333333 0.5953125 0.475 0.6515625 0.475 0.6515625 0.2708333333333333
0 0.63125 0.49166666666666664 0.575 0.49166666666666664 0.575 0.6583333333333333 0.63125 0.6583333333333333 0.63125 0.49166666666666664
2 0.5375 0.5166666666666667 0.475 0.5166666666666667 0.475 0.69375 0.5375 0.69375 0.5375 0.5166666666666667
2 0.7484375 0.28541666666666665 0.7015625 0.28541666666666665 0.7015625 0.46875 0.7484375 0.46875 0.7484375 0.28541666666666665
2 0.8046875 0.26875 0.75625 0.26875 0.75625 0.47708333333333336 0.8046875 0.47708333333333336 0.8046875 0.26875