0 0.4578125 0.18333333333333332 0.415625 0.18333333333333332 0.415625 0.29791666666666666 0.4578125 0.29791666666666666 0.4578125 0.18333333333333332
0 0.29375 0.08125 0.2546875 0.08125 0.2546875 0.15208333333333332 0.29375 0.15208333333333332 0.29375 0.08125
0 0.225 0.0625 0.1953125 0.0625 0.1953125 0.15 0.225 0.15 0.225 0.0625
0 0.296875 0.125 0.2703125 0.125 0.2703125 0.25416666666666665 0.296875 0.25416666666666665 0.296875 0.125
0 0.2703125 0.12916666666666668 0.24375 0.12916666666666668 0.24375 0.26666666666666666 0.2703125 0.26666666666666666 0.2703125 0.12916666666666668
2 0.328125 0.21875 0.290625 0.21875 0.290625 0.34375 0.328125 0.34375 0.328125 0.21875
0 0.7234375 0.08958333333333333 0.6875 0.08958333333333333 0.6875 0.22083333333333333 0.7234375 0.22083333333333333 0.7234375 0.08958333333333333
0 0.821875 0.16458333333333333 0.7953125 0.16458333333333333 0.7953125 0.3 0.821875 0.3 0.821875 0.16458333333333333
0 0.75625 0.12291666666666666 0.721875 0.12291666666666666 0.721875 0.2708333333333333 0.75625 0.2708333333333333 0.75625 0.12291666666666666
0 0.4953125 0.5604166666666667 0.440625 0.5604166666666667 0.440625 0.8041666666666667 0.4953125 0.8041666666666667 0.4953125 0.5604166666666667
0 0.4171875 0.48125 0.3765625 0.48125 0.3765625 0.5479166666666667 0.4171875 0.5479166666666667 0.4171875 0.48125
0 0.3328125 0.7208333333333333 0.25625 0.7208333333333333 0.25625 0.975 0.3328125 0.975 0.3328125 0.7208333333333333
0 0.353125 0.75625 0.275 0.75625 0.275 0.9854166666666667 0.353125 0.9854166666666667 0.353125 0.75625
0 0.3984375 0.7625 0.3390625 0.7625 0.3390625 0.9958333333333333 0.3984375 0.9958333333333333 0.3984375 0.7625
0 0.796875 0.6104166666666667 0.70625 0.6104166666666667 0.70625 0.88125 0.796875 0.88125 0.796875 0.6104166666666667
0 0.628125 0.49583333333333335 0.58125 0.49583333333333335 0.58125 0.65 0.628125 0.65 0.628125 0.49583333333333335
0 0.66875 0.6979166666666666 0.5625 0.6979166666666666 0.5625 0.9916666666666667 0.66875 0.9916666666666667 0.66875 0.6979166666666666
0 0.771875 0.6875 0.7015625 0.6875 0.7015625 0.9770833333333333 0.771875 0.9770833333333333 0.771875 0.6875
2 0.546875 0.51875 0.4765625 0.51875 0.4765625 0.7020833333333333 0.546875 0.7020833333333333 0.546875 0.51875
2 0.9171875 0.5541666666666667 0.846875 0.5541666666666667 0.846875 0.7979166666666667 0.9171875 0.7979166666666667 0.9171875 0.5541666666666667