1 0.6125 0.9125 0.5625 0.9125 0.5625 0.9979166666666667 0.6125 0.9979166666666667 0.6125 0.9125
2 0.6375 0.47708333333333336 0.559375 0.47708333333333336 0.559375 0.6458333333333334 0.6375 0.6458333333333334 0.6375 0.47708333333333336
2 0.6234375 0.5041666666666667 0.53125 0.5041666666666667 0.53125 0.675 0.6234375 0.675 0.6234375 0.5041666666666667
0 0.4171875 0.48541666666666666 0.3546875 0.48541666666666666 0.3546875 0.6166666666666667 0.4171875 0.6166666666666667 0.4171875 0.48541666666666666
0 0.2015625 0.10833333333333334 0.171875 0.10833333333333334 0.171875 0.21666666666666667 0.2015625 0.21666666666666667 0.2015625 0.10833333333333334
0 0.3265625 0.0875 0.3 0.0875 0.3 0.15833333333333333 0.3265625 0.15833333333333333 0.3265625 0.0875
0 0.2328125 0.10208333333333333 0.2 0.10208333333333333 0.2 0.21041666666666667 0.2328125 0.21041666666666667 0.2328125 0.10208333333333333
0 0.34375 0.13958333333333334 0.3109375 0.13958333333333334 0.3109375 0.25833333333333336 0.34375 0.25833333333333336 0.34375 0.13958333333333334
0 0.31875 0.13541666666666666 0.2875 0.13541666666666666 0.2875 0.25833333333333336 0.31875 0.25833333333333336 0.31875 0.13541666666666666
0 0.61875 0.18333333333333332 0.5875 0.18333333333333332 0.5875 0.31875 0.61875 0.31875 0.61875 0.18333333333333332
0 0.6125 0.21458333333333332 0.5734375 0.21458333333333332 0.5734375 0.3645833333333333 0.6125 0.3645833333333333 0.6125 0.21458333333333332
0 0.2109375 0.5666666666666667 0.125 0.5666666666666667 0.125 0.81875 0.2109375 0.81875 0.2109375 0.5666666666666667
0 0.7140625 0.9041666666666667 0.6328125 0.9041666666666667 0.6328125 0.9979166666666667 0.7140625 0.9979166666666667 0.7140625 0.9041666666666667
0 0.8203125 0.8458333333333333 0.740625 0.8458333333333333 0.740625 0.9979166666666667 0.8203125 0.9979166666666667 0.8203125 0.8458333333333333
0 0.9796875 0.7625 0.90625 0.7625 0.90625 0.9979166666666667 0.9796875 0.9979166666666667 0.9796875 0.7625
0 0.928125 0.75625 0.840625 0.75625 0.840625 0.9979166666666667 0.928125 0.9979166666666667 0.928125 0.75625
0 0.44375 0.725 0.3828125 0.725 0.3828125 0.9875 0.44375 0.9875 0.44375 0.725
0 0.378125 0.7645833333333333 0.3140625 0.7645833333333333 0.3140625 0.9979166666666667 0.378125 0.9979166666666667 0.378125 0.7645833333333333
0 0.428125 0.7479166666666667 0.340625 0.7479166666666667 0.340625 0.9979166666666667 0.428125 0.9979166666666667 0.428125 0.7479166666666667
0 0.334375 0.7375 0.2703125 0.7375 0.2703125 0.9979166666666667 0.334375 0.9979166666666667 0.334375 0.7375
0 0.4875 0.76875 0.41875 0.76875 0.41875 0.9708333333333333 0.4875 0.9708333333333333 0.4875 0.76875
0 0.5484375 0.6645833333333333 0.465625 0.6645833333333333 0.465625 0.9 0.5484375 0.9 0.5484375 0.6645833333333333
0 0.6390625 0.675 0.565625 0.675 0.565625 0.9208333333333333 0.6390625 0.9208333333333333 0.6390625 0.675
0 0.7578125 0.5875 0.6734375 0.5875 0.6734375 0.8854166666666666 0.7578125 0.8854166666666666 0.7578125 0.5875