1 0.278125 0.08333333333333333 0.2609375 0.08333333333333333 0.2609375 0.14375 0.278125 0.14375 0.278125 0.08333333333333333
1 0.734375 0.12708333333333333 0.7109375 0.12708333333333333 0.7109375 0.22083333333333333 0.734375 0.22083333333333333 0.734375 0.12708333333333333
1 0.090625 0.5479166666666667 0.034375 0.5479166666666667 0.034375 0.76875 0.090625 0.76875 0.090625 0.5479166666666667
0 0.3046875 0.07708333333333334 0.275 0.07708333333333334 0.275 0.15416666666666667 0.3046875 0.15416666666666667 0.3046875 0.07708333333333334
0 0.696875 0.06041666666666667 0.665625 0.06041666666666667 0.665625 0.14375 0.696875 0.14375 0.696875 0.06041666666666667
0 0.775 0.10625 0.7359375 0.10625 0.7359375 0.23333333333333334 0.775 0.23333333333333334 0.775 0.10625
0 0.675 0.10625 0.6375 0.10625 0.6375 0.21666666666666667 0.675 0.21666666666666667 0.675 0.10625
0 0.2328125 0.09583333333333334 0.190625 0.09583333333333334 0.190625 0.20625 0.2328125 0.20625 0.2328125 0.09583333333333334
2 0.465625 0.49375 0.4203125 0.49375 0.4203125 0.6958333333333333 0.465625 0.6958333333333333 0.465625 0.49375
0 0.221875 0.175 0.178125 0.175 0.178125 0.3020833333333333 0.221875 0.3020833333333333 0.221875 0.175
2 0.6578125 0.47291666666666665 0.546875 0.47291666666666665 0.546875 0.6458333333333334 0.6578125 0.6458333333333334 0.6578125 0.47291666666666665
0 0.2703125 0.17291666666666666 0.2296875 0.17291666666666666 0.2296875 0.31666666666666665 0.2703125 0.31666666666666665 0.2703125 0.17291666666666666
2 0.6265625 0.50625 0.53125 0.50625 0.53125 0.66875 0.6265625 0.66875 0.6265625 0.50625
0 0.309375 0.17916666666666667 0.2703125 0.17916666666666667 0.2703125 0.3375 0.309375 0.3375 0.309375 0.17916666666666667
2 0.540625 0.5166666666666667 0.4734375 0.5166666666666667 0.4734375 0.7 0.540625 0.7 0.540625 0.5166666666666667
0 0.375 0.17291666666666666 0.34375 0.17291666666666666 0.34375 0.32083333333333336 0.375 0.32083333333333336 0.375 0.17291666666666666
0 0.3375 0.20625 0.303125 0.20625 0.303125 0.3645833333333333 0.3375 0.3645833333333333 0.3375 0.20625
0 0.253125 0.24791666666666667 0.2046875 0.24791666666666667 0.2046875 0.42291666666666666 0.253125 0.42291666666666666 0.253125 0.24791666666666667
0 0.21875 0.2833333333333333 0.1703125 0.2833333333333333 0.1703125 0.47291666666666665 0.21875 0.47291666666666665 0.21875 0.2833333333333333
0 0.246875 0.35833333333333334 0.190625 0.35833333333333334 0.190625 0.5541666666666667 0.246875 0.5541666666666667 0.246875 0.35833333333333334
0 0.3171875 0.35208333333333336 0.271875 0.35208333333333336 0.271875 0.5291666666666667 0.3171875 0.5291666666666667 0.3171875 0.35208333333333336
0 0.175 0.6729166666666667 0.0984375 0.6729166666666667 0.0984375 0.9541666666666667 0.175 0.9541666666666667 0.175 0.6729166666666667
0 0.478125 0.7416666666666667 0.4015625 0.7416666666666667 0.4015625 0.9958333333333333 0.478125 0.9958333333333333 0.478125 0.7416666666666667
0 0.546875 0.58125 0.4875 0.58125 0.4875 0.8125 0.546875 0.8125 0.546875 0.58125
0 0.7765625 0.5875 0.696875 0.5875 0.696875 0.8625 0.7765625 0.8625 0.7765625 0.5875
0 0.99375 0.86875 0.91875 0.86875 0.91875 0.9958333333333333 0.99375 0.9958333333333333 0.99375 0.86875
2 0.73125 0.22291666666666668 0.675 0.22291666666666668 0.675 0.41875 0.73125 0.41875 0.73125 0.22291666666666668
2 0.7671875 0.24375 0.7234375 0.24375 0.7234375 0.39791666666666664 0.7671875 0.39791666666666664 0.7671875 0.24375
2 0.7625 0.28541666666666665 0.725 0.28541666666666665 0.725 0.4479166666666667 0.7625 0.4479166666666667 0.7625 0.28541666666666665
2 0.725 0.275 0.6734375 0.275 0.6734375 0.45 0.725 0.45 0.725 0.275