0 0.4796875 0.6333333333333333 0.4203125 0.6333333333333333 0.4203125 0.8416666666666667 0.4796875 0.8416666666666667 0.4796875 0.6333333333333333
0 0.31875 0.2125 0.271875 0.2125 0.271875 0.3333333333333333 0.31875 0.3333333333333333 0.31875 0.2125
2 0.3640625 0.12916666666666668 0.328125 0.12916666666666668 0.328125 0.2375 0.3640625 0.2375 0.3640625 0.12916666666666668
0 0.353125 0.08125 0.325 0.08125 0.325 0.15833333333333333 0.353125 0.15833333333333333 0.353125 0.08125
0 0.296875 0.08958333333333333 0.2734375 0.08958333333333333 0.2734375 0.15833333333333333 0.296875 0.15833333333333333 0.296875 0.08958333333333333
0 0.2796875 0.0875 0.2578125 0.0875 0.2578125 0.15416666666666667 0.2796875 0.15416666666666667 0.2796875 0.0875
0 0.6609375 0.19791666666666666 0.625 0.19791666666666666 0.625 0.33541666666666664 0.6609375 0.33541666666666664 0.6609375 0.19791666666666666
0 0.7375 0.39375 0.6796875 0.39375 0.6796875 0.5895833333333333 0.7375 0.5895833333333333 0.7375 0.39375
0 0.8296875 0.26666666666666666 0.778125 0.26666666666666666 0.778125 0.42916666666666664 0.8296875 0.42916666666666664 0.8296875 0.26666666666666666
0 0.771875 0.2708333333333333 0.7234375 0.2708333333333333 0.7234375 0.44375 0.771875 0.44375 0.771875 0.2708333333333333
2 0.5984375 0.45 0.534375 0.45 0.534375 0.55625 0.5984375 0.55625 0.5984375 0.45
2 0.290625 0.2708333333333333 0.25 0.2708333333333333 0.25 0.4354166666666667 0.290625 0.4354166666666667 0.290625 0.2708333333333333
0 0.3671875 0.25 0.321875 0.25 0.321875 0.4166666666666667 0.3671875 0.4166666666666667 0.3671875 0.25
0 0.1546875 0.35 0.0984375 0.35 0.0984375 0.5479166666666667 0.1546875 0.5479166666666667 0.1546875 0.35
0 0.2328125 0.6916666666666667 0.1640625 0.6916666666666667 0.1640625 0.9604166666666667 0.2328125 0.9604166666666667 0.2328125 0.6916666666666667
0 0.9984375 0.8416666666666667 0.9265625 0.8416666666666667 0.9265625 0.9979166666666667 0.9984375 0.9979166666666667 0.9984375 0.8416666666666667
0 0.796875 0.45208333333333334 0.7390625 0.45208333333333334 0.7390625 0.6645833333333333 0.796875 0.6645833333333333 0.796875 0.45208333333333334
0 0.8578125 0.45625 0.803125 0.45625 0.803125 0.6875 0.8578125 0.6875 0.8578125 0.45625