0 0.325 0.08541666666666667 0.2921875 0.08541666666666667 0.2921875 0.15625 0.325 0.15625 0.325 0.08541666666666667
0 0.3625 0.16875 0.334375 0.16875 0.334375 0.275 0.3625 0.275 0.3625 0.16875
0 0.390625 0.19583333333333333 0.35 0.19583333333333333 0.35 0.32708333333333334 0.390625 0.32708333333333334 0.390625 0.19583333333333333
2 0.346875 0.20416666666666666 0.3171875 0.20416666666666666 0.3171875 0.29375 0.346875 0.29375 0.346875 0.20416666666666666
1 0.2359375 0.15833333333333333 0.203125 0.15833333333333333 0.203125 0.27708333333333335 0.2359375 0.27708333333333335 0.2359375 0.15833333333333333
1 0.2625 0.15416666666666667 0.2265625 0.15416666666666667 0.2265625 0.2791666666666667 0.2625 0.2791666666666667 0.2625 0.15416666666666667
1 0.296875 0.15833333333333333 0.26875 0.15833333333333333 0.26875 0.26875 0.296875 0.26875 0.296875 0.15833333333333333
0 0.6109375 0.15833333333333333 0.56875 0.15833333333333333 0.56875 0.28541666666666665 0.6109375 0.28541666666666665 0.6109375 0.15833333333333333
2 0.6640625 0.15625 0.625 0.15625 0.625 0.28541666666666665 0.6640625 0.28541666666666665 0.6640625 0.15625
2 0.640625 0.48125 0.5640625 0.48125 0.5640625 0.6395833333333333 0.640625 0.6395833333333333 0.640625 0.48125
2 0.603125 0.5 0.5484375 0.5 0.5484375 0.6729166666666667 0.603125 0.6729166666666667 0.603125 0.5
0 0.41875 0.5166666666666667 0.378125 0.5166666666666667 0.378125 0.6770833333333334 0.41875 0.6770833333333334 0.41875 0.5166666666666667
0 0.403125 0.4895833333333333 0.3546875 0.4895833333333333 0.3546875 0.6291666666666667 0.403125 0.6291666666666667 0.403125 0.4895833333333333
0 0.475 0.5208333333333334 0.4265625 0.5208333333333334 0.4265625 0.69375 0.475 0.69375 0.475 0.5208333333333334
0 0.55 0.5270833333333333 0.4953125 0.5270833333333333 0.4953125 0.69375 0.55 0.69375 0.55 0.5270833333333333
0 0.1859375 0.56875 0.1390625 0.56875 0.1390625 0.775 0.1859375 0.775 0.1859375 0.56875
0 0.125 0.5645833333333333 0.0765625 0.5645833333333333 0.0765625 0.7791666666666667 0.125 0.7791666666666667 0.125 0.5645833333333333
0 0.2921875 0.74375 0.2296875 0.74375 0.2296875 0.9979166666666667 0.2921875 0.9979166666666667 0.2921875 0.74375
0 0.240625 0.7 0.1765625 0.7 0.1765625 0.95 0.240625 0.95 0.240625 0.7
0 0.9921875 0.8041666666666667 0.921875 0.8041666666666667 0.921875 0.9979166666666667 0.9921875 0.9979166666666667 0.9921875 0.8041666666666667
0 0.8890625 0.6 0.8140625 0.6 0.8140625 0.8708333333333333 0.8890625 0.8708333333333333 0.8890625 0.6
0 0.8109375 0.53125 0.753125 0.53125 0.753125 0.80625 0.8109375 0.80625 0.8109375 0.53125
0 0.7546875 0.5791666666666667 0.6828125 0.5791666666666667 0.6828125 0.8229166666666666 0.7546875 0.8229166666666666 0.7546875 0.5791666666666667