0 0.46875 0.18541666666666667 0.4125 0.18541666666666667 0.4125 0.2833333333333333 0.46875 0.2833333333333333 0.46875 0.18541666666666667
0 0.2984375 0.0875 0.25625 0.0875 0.25625 0.15 0.2984375 0.15 0.2984375 0.0875
0 0.2609375 0.075 0.228125 0.075 0.228125 0.18541666666666667 0.2609375 0.18541666666666667 0.2609375 0.075
2 0.21875 0.08958333333333333 0.1828125 0.08958333333333333 0.1828125 0.19791666666666666 0.21875 0.19791666666666666 0.21875 0.08958333333333333
0 0.2546875 0.11875 0.2265625 0.11875 0.2265625 0.23541666666666666 0.2546875 0.23541666666666666 0.2546875 0.11875
0 0.2265625 0.13333333333333333 0.196875 0.13333333333333333 0.196875 0.22916666666666666 0.2265625 0.22916666666666666 0.2265625 0.13333333333333333
0 0.665625 0.09375 0.6296875 0.09375 0.6296875 0.23125 0.665625 0.23125 0.665625 0.09375
0 0.634375 0.5041666666666667 0.578125 0.5041666666666667 0.578125 0.6604166666666667 0.634375 0.6604166666666667 0.634375 0.5041666666666667
0 0.4171875 0.4875 0.371875 0.4875 0.371875 0.55 0.4171875 0.55 0.4171875 0.4875
0 0.3390625 0.22916666666666666 0.3046875 0.22916666666666666 0.3046875 0.41458333333333336 0.3390625 0.41458333333333336 0.3390625 0.22916666666666666
0 0.3078125 0.24791666666666667 0.2671875 0.24791666666666667 0.2671875 0.41458333333333336 0.3078125 0.41458333333333336 0.3078125 0.24791666666666667
0 0.265625 0.7270833333333333 0.1953125 0.7270833333333333 0.1953125 0.9979166666666667 0.265625 0.9979166666666667 0.265625 0.7270833333333333
0 0.3375 0.7583333333333333 0.2609375 0.7583333333333333 0.2609375 0.9979166666666667 0.3375 0.9979166666666667 0.3375 0.7583333333333333
0 0.40625 0.775 0.328125 0.775 0.328125 0.9895833333333334 0.40625 0.9895833333333334 0.40625 0.775
0 0.66875 0.7854166666666667 0.596875 0.7854166666666667 0.596875 0.9979166666666667 0.66875 0.9979166666666667 0.66875 0.7854166666666667
0 0.7359375 0.7333333333333333 0.64375 0.7333333333333333 0.64375 0.9979166666666667 0.7359375 0.9979166666666667 0.7359375 0.7333333333333333
0 0.76875 0.125 0.740625 0.125 0.740625 0.26875 0.76875 0.26875 0.76875 0.125
2 0.540625 0.51875 0.478125 0.51875 0.478125 0.7 0.540625 0.7 0.540625 0.51875
2 0.8671875 0.7208333333333333 0.7828125 0.7208333333333333 0.7828125 0.9895833333333334 0.8671875 0.9895833333333334 0.8671875 0.7208333333333333
1 0.4109375 0.30833333333333335 0.365625 0.30833333333333335 0.365625 0.475 0.4109375 0.475 0.4109375 0.30833333333333335
1 0.2875 0.11666666666666667 0.2484375 0.11666666666666667 0.2484375 0.18125 0.2875 0.18125 0.2875 0.11666666666666667