2 0.2140625 0.058333333333333334 0.175 0.058333333333333334 0.175 0.15833333333333333 0.2140625 0.15833333333333333 0.2140625 0.058333333333333334
2 0.640625 0.4666666666666667 0.5390625 0.4666666666666667 0.5390625 0.6229166666666667 0.640625 0.6229166666666667 0.640625 0.4666666666666667
2 0.6625 0.4979166666666667 0.528125 0.4979166666666667 0.528125 0.6791666666666667 0.6625 0.6791666666666667 0.6625 0.4979166666666667
2 0.546875 0.5166666666666667 0.4734375 0.5166666666666667 0.4734375 0.70625 0.546875 0.70625 0.546875 0.5166666666666667
1 0.290625 0.1 0.2640625 0.1 0.2640625 0.16666666666666666 0.290625 0.16666666666666666 0.290625 0.1
0 0.3078125 0.06458333333333334 0.2828125 0.06458333333333334 0.2828125 0.16458333333333333 0.3078125 0.16458333333333333 0.3078125 0.06458333333333334
0 0.228125 0.28541666666666665 0.1546875 0.28541666666666665 0.1546875 0.44166666666666665 0.228125 0.44166666666666665 0.228125 0.28541666666666665
0 0 0.9375 0.0765625 0.9375 0.0765625 0.6833333333333333 0 0.6833333333333333 0 0.9375
0 0.353125 0.7354166666666667 0.28125 0.7354166666666667 0.28125 0.9854166666666667 0.353125 0.9854166666666667 0.353125 0.7354166666666667
0 0.4453125 0.7875 0.3921875 0.7875 0.3921875 0.9979166666666667 0.4453125 0.9979166666666667 0.4453125 0.7875
0 0.5203125 0.7416666666666667 0.4484375 0.7416666666666667 0.4484375 0.9979166666666667 0.5203125 0.9979166666666667 0.5203125 0.7416666666666667
0 0.9015625 0.8625 0.8046875 0.8625 0.8046875 0.99375 0.9015625 0.99375 0.9015625 0.8625
0 0.80625 0.8791666666666667 0.7265625 0.8791666666666667 0.7265625 0.9958333333333333 0.80625 0.9958333333333333 0.80625 0.8791666666666667
0 0.7015625 0.32083333333333336 0.6421875 0.32083333333333336 0.6421875 0.5041666666666667 0.7015625 0.5041666666666667 0.7015625 0.32083333333333336