0 0.190625 0.3729166666666667 0.1484375 0.3729166666666667 0.1484375 0.5729166666666666 0.190625 0.5729166666666666 0.190625 0.3729166666666667
0 0.29375 0.0875 0.259375 0.0875 0.259375 0.15208333333333332 0.29375 0.15208333333333332 0.29375 0.0875
0 0.278125 0.13125 0.2359375 0.13125 0.2359375 0.23541666666666666 0.278125 0.23541666666666666 0.278125 0.13125
0 0.30625 0.17291666666666666 0.2640625 0.17291666666666666 0.2640625 0.325 0.30625 0.325 0.30625 0.17291666666666666
0 0.2609375 0.19375 0.2234375 0.19375 0.2234375 0.3458333333333333 0.2609375 0.3458333333333333 0.2609375 0.19375
0 0.3578125 0.21666666666666667 0.325 0.21666666666666667 0.325 0.36666666666666664 0.3578125 0.36666666666666664 0.3578125 0.21666666666666667
0 0.296875 0.25416666666666665 0.2578125 0.25416666666666665 0.2578125 0.41458333333333336 0.296875 0.41458333333333336 0.296875 0.25416666666666665
0 0.3375 0.24583333333333332 0.29375 0.24583333333333332 0.29375 0.41458333333333336 0.3375 0.41458333333333336 0.3375 0.24583333333333332
0 0.4125 0.23541666666666666 0.375 0.23541666666666666 0.375 0.40625 0.4125 0.40625 0.4125 0.23541666666666666
0 0.41875 0.49583333333333335 0.353125 0.49583333333333335 0.353125 0.55 0.41875 0.55 0.41875 0.49583333333333335
0 0.3015625 0.4270833333333333 0.234375 0.4270833333333333 0.234375 0.66875 0.3015625 0.66875 0.3015625 0.4270833333333333
0 0.1453125 0.3958333333333333 0.09375 0.3958333333333333 0.09375 0.61875 0.1453125 0.61875 0.1453125 0.3958333333333333
0 0.175 0.525 0.115625 0.525 0.115625 0.7770833333333333 0.175 0.7770833333333333 0.175 0.525
0 0.39375 0.7729166666666667 0.315625 0.7729166666666667 0.315625 0.9979166666666667 0.39375 0.9979166666666667 0.39375 0.7729166666666667
0 0.3234375 0.7625 0.2625 0.7625 0.2625 0.9979166666666667 0.3234375 0.9979166666666667 0.3234375 0.7625
0 0.2421875 0.7020833333333333 0.18125 0.7020833333333333 0.18125 0.9416666666666667 0.2421875 0.9416666666666667 0.2421875 0.7020833333333333
0 0 0.9354166666666667 0.0453125 0.9354166666666667 0.0453125 0.63125 0 0.63125 0 0.9354166666666667
2 0.0734375 0.5666666666666667 0.00625 0.5666666666666667 0.00625 0.7854166666666667 0.0734375 0.7854166666666667 0.0734375 0.5666666666666667
0 0.71875 0.12916666666666668 0.678125 0.12916666666666668 0.678125 0.26875 0.71875 0.26875 0.71875 0.12916666666666668
0 0.8109375 0.225 0.7625 0.225 0.7625 0.36666666666666664 0.8109375 0.36666666666666664 0.8109375 0.225
0 0.7625 0.21041666666666667 0.7171875 0.21041666666666667 0.7171875 0.37916666666666665 0.7625 0.37916666666666665 0.7625 0.21041666666666667
0 0.6703125 0.26666666666666666 0.628125 0.26666666666666666 0.628125 0.44166666666666665 0.6703125 0.44166666666666665 0.6703125 0.26666666666666666
0 0.63125 0.4979166666666667 0.578125 0.4979166666666667 0.578125 0.6666666666666666 0.63125 0.6666666666666666 0.63125 0.4979166666666667
0 0.809375 0.60625 0.734375 0.60625 0.734375 0.8708333333333333 0.809375 0.8708333333333333 0.809375 0.60625
0 0.9203125 0.425 0.846875 0.425 0.846875 0.675 0.9203125 0.675 0.9203125 0.425
2 0.471875 0.63125 0.440625 0.63125 0.440625 0.7604166666666666 0.471875 0.7604166666666666 0.471875 0.63125
2 0.8515625 0.24583333333333332 0.7984375 0.24583333333333332 0.7984375 0.41875 0.8515625 0.41875 0.8515625 0.24583333333333332
2 0.79375 0.2875 0.7453125 0.2875 0.7453125 0.4791666666666667 0.79375 0.4791666666666667 0.79375 0.2875
2 0.721875 0.43333333333333335 0.66875 0.43333333333333335 0.66875 0.64375 0.721875 0.64375 0.721875 0.43333333333333335
2 0.5375 0.5145833333333333 0.4703125 0.5145833333333333 0.4703125 0.69375 0.5375 0.69375 0.5375 0.5145833333333333