2 0.4828125 0.5416666666666666 0.4296875 0.5416666666666666 0.4296875 0.7333333333333333 0.4828125 0.7333333333333333 0.4828125 0.5416666666666666
2 0.471875 0.625 0.4296875 0.625 0.4296875 0.7729166666666667 0.471875 0.7729166666666667 0.471875 0.625
0 0.41875 0.48541666666666666 0.3671875 0.48541666666666666 0.3671875 0.5479166666666667 0.41875 0.5479166666666667 0.41875 0.48541666666666666
0 0.2984375 0.13958333333333334 0.2796875 0.13958333333333334 0.2796875 0.22083333333333333 0.2984375 0.22083333333333333 0.2984375 0.13958333333333334
0 0.2890625 0.18541666666666667 0.2640625 0.18541666666666667 0.2640625 0.3 0.2890625 0.3 0.2890625 0.18541666666666667
0 0.2640625 0.1625 0.2421875 0.1625 0.2421875 0.29791666666666666 0.2640625 0.29791666666666666 0.2640625 0.1625
0 0.2359375 0.15625 0.2140625 0.15625 0.2140625 0.275 0.2359375 0.275 0.2359375 0.15625
0 0.296875 0.08541666666666667 0.259375 0.08541666666666667 0.259375 0.15 0.296875 0.15 0.296875 0.08541666666666667
0 0.246875 0.07916666666666666 0.2140625 0.07916666666666666 0.2140625 0.17916666666666667 0.246875 0.17916666666666667 0.246875 0.07916666666666666
0 0 0.9020833333333333 0.053125 0.9020833333333333 0.053125 0.6333333333333333 0 0.6333333333333333 0 0.9020833333333333
0 0.1203125 0.51875 0.0515625 0.51875 0.0515625 0.7520833333333333 0.1203125 0.7520833333333333 0.1203125 0.51875
0 0.309375 0.7395833333333334 0.246875 0.7395833333333334 0.246875 0.9979166666666667 0.309375 0.9979166666666667 0.309375 0.7395833333333334
0 0.371875 0.775 0.2984375 0.775 0.2984375 0.9979166666666667 0.371875 0.9979166666666667 0.371875 0.775
0 0.4703125 0.7270833333333333 0.3890625 0.7270833333333333 0.3890625 0.9979166666666667 0.4703125 0.9979166666666667 0.4703125 0.7270833333333333
0 0.6234375 0.4895833333333333 0.575 0.4895833333333333 0.575 0.6541666666666667 0.6234375 0.6541666666666667 0.6234375 0.4895833333333333
0 0.6875 0.10208333333333333 0.6578125 0.10208333333333333 0.6578125 0.20416666666666666 0.6875 0.20416666666666666 0.6875 0.10208333333333333
0 0.65625 0.10208333333333333 0.6234375 0.10208333333333333 0.6234375 0.21666666666666667 0.65625 0.21666666666666667 0.65625 0.10208333333333333
0 0.6953125 0.18125 0.65625 0.18125 0.65625 0.33125 0.6953125 0.33125 0.6953125 0.18125
0 0.7421875 0.17916666666666667 0.7015625 0.17916666666666667 0.7015625 0.32708333333333334 0.7421875 0.32708333333333334 0.7421875 0.17916666666666667
2 0.5375 0.5125 0.478125 0.5125 0.478125 0.7083333333333334 0.5375 0.7083333333333334 0.5375 0.5125
2 0.20625 0.8 0.1265625 0.8 0.1265625 0.9979166666666667 0.20625 0.9979166666666667 0.20625 0.8
2 0.271875 0.84375 0.20625 0.84375 0.20625 0.9979166666666667 0.271875 0.9979166666666667 0.271875 0.84375