0 0.31875 0.08125 0.29375 0.08125 0.29375 0.15 0.31875 0.15 0.31875 0.08125
0 0.2890625 0.08541666666666667 0.2546875 0.08541666666666667 0.2546875 0.15625 0.2890625 0.15625 0.2890625 0.08541666666666667
0 0.3859375 0.0875 0.3453125 0.0875 0.3453125 0.2 0.3859375 0.2 0.3859375 0.0875
0 0.1921875 0.06666666666666667 0.1734375 0.06666666666666667 0.1734375 0.16041666666666668 0.1921875 0.16041666666666668 0.1921875 0.06666666666666667
0 0.25625 0.16875 0.2265625 0.16875 0.2265625 0.29375 0.25625 0.29375 0.25625 0.16875
0 0.290625 0.17083333333333334 0.25 0.17083333333333334 0.25 0.3020833333333333 0.290625 0.3020833333333333 0.290625 0.17083333333333334
0 0.328125 0.15833333333333333 0.29375 0.15833333333333333 0.29375 0.3104166666666667 0.328125 0.3104166666666667 0.328125 0.15833333333333333
0 0.215625 0.3770833333333333 0.1625 0.3770833333333333 0.1625 0.5791666666666667 0.215625 0.5791666666666667 0.215625 0.3770833333333333
0 0.25625 0.35208333333333336 0.196875 0.35208333333333336 0.196875 0.5791666666666667 0.25625 0.5791666666666667 0.25625 0.35208333333333336
0 0.425 0.48541666666666666 0.3734375 0.48541666666666666 0.3734375 0.5666666666666667 0.425 0.5666666666666667 0.425 0.48541666666666666
1 0.384375 0.375 0.334375 0.375 0.334375 0.5645833333333333 0.384375 0.5645833333333333 0.384375 0.375
0 0.2953125 0.7166666666666667 0.234375 0.7166666666666667 0.234375 0.9458333333333333 0.2953125 0.9458333333333333 0.2953125 0.7166666666666667
0 0.328125 0.76875 0.2515625 0.76875 0.2515625 0.9979166666666667 0.328125 0.9979166666666667 0.328125 0.76875
0 0.3984375 0.775 0.328125 0.775 0.328125 0.9395833333333333 0.3984375 0.9395833333333333 0.3984375 0.775
0 0.628125 0.5104166666666666 0.575 0.5104166666666666 0.575 0.6645833333333333 0.628125 0.6645833333333333 0.628125 0.5104166666666666
0 0.753125 0.09583333333333334 0.7359375 0.09583333333333334 0.7359375 0.20625 0.753125 0.20625 0.753125 0.09583333333333334
0 0.725 0.09166666666666666 0.7 0.09166666666666666 0.7 0.22083333333333333 0.725 0.22083333333333333 0.725 0.09166666666666666
0 0.7765625 0.1125 0.7484375 0.1125 0.7484375 0.22708333333333333 0.7765625 0.22708333333333333 0.7765625 0.1125
0 0.703125 0.12916666666666668 0.6671875 0.12916666666666668 0.6671875 0.28541666666666665 0.703125 0.28541666666666665 0.703125 0.12916666666666668
2 0.8078125 0.42916666666666664 0.73125 0.42916666666666664 0.73125 0.6833333333333333 0.8078125 0.6833333333333333 0.8078125 0.42916666666666664
2 0.5359375 0.5145833333333333 0.4765625 0.5145833333333333 0.4765625 0.7 0.5359375 0.7 0.5359375 0.5145833333333333