2 0.6375 0.475 0.5578125 0.475 0.5578125 0.6458333333333334 0.6375 0.6458333333333334 0.6375 0.475
2 0.6234375 0.5020833333333333 0.53125 0.5020833333333333 0.53125 0.6645833333333333 0.6234375 0.6645833333333333 0.6234375 0.5020833333333333
0 0.1140625 0.42083333333333334 0.0546875 0.42083333333333334 0.0546875 0.6145833333333334 0.1140625 0.6145833333333334 0.1140625 0.42083333333333334
0 0 0.7708333333333334 0.0625 0.7708333333333334 0.0625 0.5375 0 0.5375 0 0.7708333333333334
0 0.1015625 0.5708333333333333 0.0453125 0.5708333333333333 0.0453125 0.8020833333333334 0.1015625 0.8020833333333334 0.1015625 0.5708333333333333
0 0.1515625 0.5625 0.0828125 0.5625 0.0828125 0.83125 0.1515625 0.83125 0.1515625 0.5625
0 0.1875 0.42083333333333334 0.125 0.42083333333333334 0.125 0.6291666666666667 0.1875 0.6291666666666667 0.1875 0.42083333333333334
0 0.3296875 0.0875 0.2890625 0.0875 0.2890625 0.15416666666666667 0.3296875 0.15416666666666667 0.3296875 0.0875
0 0.2 0.10416666666666667 0.175 0.10416666666666667 0.175 0.2125 0.2 0.2125 0.2 0.10416666666666667
0 0.296875 0.27291666666666664 0.240625 0.27291666666666664 0.240625 0.45208333333333334 0.296875 0.45208333333333334 0.296875 0.27291666666666664
0 0.228125 0.2833333333333333 0.1859375 0.2833333333333333 0.1859375 0.4479166666666667 0.228125 0.4479166666666667 0.228125 0.2833333333333333
0 0.234375 0.3375 0.1890625 0.3375 0.1890625 0.5041666666666667 0.234375 0.5041666666666667 0.234375 0.3375
0 0.2828125 0.32083333333333336 0.2390625 0.32083333333333336 0.2390625 0.5 0.2828125 0.5 0.2828125 0.32083333333333336
0 0.41875 0.2604166666666667 0.371875 0.2604166666666667 0.371875 0.41458333333333336 0.41875 0.41458333333333336 0.41875 0.2604166666666667
0 0.378125 0.27291666666666664 0.340625 0.27291666666666664 0.340625 0.42916666666666664 0.378125 0.42916666666666664 0.378125 0.27291666666666664
0 0.7109375 0.14375 0.675 0.14375 0.675 0.28541666666666665 0.7109375 0.28541666666666665 0.7109375 0.14375
0 0.746875 0.15208333333333332 0.7109375 0.15208333333333332 0.7109375 0.2791666666666667 0.746875 0.2791666666666667 0.746875 0.15208333333333332
0 0.7859375 0.22291666666666668 0.75 0.22291666666666668 0.75 0.36875 0.7859375 0.36875 0.7859375 0.22291666666666668
0 0.4546875 0.7229166666666667 0.3859375 0.7229166666666667 0.3859375 0.9875 0.4546875 0.9875 0.4546875 0.7229166666666667
0 0.303125 0.7354166666666667 0.2453125 0.7354166666666667 0.2453125 0.9979166666666667 0.303125 0.9979166666666667 0.303125 0.7354166666666667
0 0.403125 0.7583333333333333 0.3140625 0.7583333333333333 0.3140625 0.9979166666666667 0.403125 0.9979166666666667 0.403125 0.7583333333333333
0 0.496875 0.7833333333333333 0.4 0.7833333333333333 0.4 0.9979166666666667 0.496875 0.9979166666666667 0.496875 0.7833333333333333
0 0.6125 0.5645833333333333 0.5359375 0.5645833333333333 0.5359375 0.8229166666666666 0.6125 0.8229166666666666 0.6125 0.5645833333333333
0 0.5828125 0.7020833333333333 0.4953125 0.7020833333333333 0.4953125 0.9791666666666666 0.5828125 0.9791666666666666 0.5828125 0.7020833333333333
0 0.675 0.66875 0.6078125 0.66875 0.6078125 0.9875 0.675 0.9875 0.675 0.66875
0 0.83125 0.8229166666666666 0.7671875 0.8229166666666666 0.7671875 0.9979166666666667 0.83125 0.9979166666666667 0.83125 0.8229166666666666
0 0.91875 0.8333333333333334 0.8609375 0.8333333333333334 0.8609375 0.9979166666666667 0.91875 0.9979166666666667 0.91875 0.8333333333333334
0 0.759375 0.6541666666666667 0.703125 0.6541666666666667 0.703125 0.9291666666666667 0.759375 0.9291666666666667 0.759375 0.6541666666666667
0 0.828125 0.37083333333333335 0.7609375 0.37083333333333335 0.7609375 0.5833333333333334 0.828125 0.5833333333333334 0.828125 0.37083333333333335
0 0.85 0.22291666666666668 0.809375 0.22291666666666668 0.809375 0.35833333333333334 0.85 0.35833333333333334 0.85 0.22291666666666668
1 0.7984375 0.25833333333333336 0.7796875 0.25833333333333336 0.7796875 0.35 0.7984375 0.35 0.7984375 0.25833333333333336
1 0.8296875 0.6875 0.7921875 0.6875 0.7921875 0.8229166666666666 0.8296875 0.8229166666666666 0.8296875 0.6875