0 0.1984375 0.029166666666666667 0.1765625 0.029166666666666667 0.1765625 0.10416666666666667 0.1984375 0.10416666666666667 0.1984375 0.029166666666666667
0 0.2171875 0.029166666666666667 0.1953125 0.029166666666666667 0.1953125 0.09166666666666666 0.2171875 0.09166666666666666 0.2171875 0.029166666666666667
0 0.2703125 0.05625 0.2484375 0.05625 0.2484375 0.11875 0.2703125 0.11875 0.2703125 0.05625
0 0.2796875 0.09166666666666666 0.2625 0.09166666666666666 0.2625 0.15833333333333333 0.2796875 0.15833333333333333 0.2796875 0.09166666666666666
0 0.3015625 0.08333333333333333 0.275 0.08333333333333333 0.275 0.15833333333333333 0.3015625 0.15833333333333333 0.3015625 0.08333333333333333
0 0.3578125 0.08125 0.325 0.08125 0.325 0.17083333333333334 0.3578125 0.17083333333333334 0.3578125 0.08125
0 0.33125 0.09583333333333334 0.309375 0.09583333333333334 0.309375 0.20625 0.33125 0.20625 0.33125 0.09583333333333334
0 0.346875 0.11666666666666667 0.3140625 0.11666666666666667 0.3140625 0.22708333333333333 0.346875 0.22708333333333333 0.346875 0.11666666666666667
0 0.2234375 0.125 0.1921875 0.125 0.1921875 0.23958333333333334 0.2234375 0.23958333333333334 0.2234375 0.125
0 0.2453125 0.12916666666666668 0.2171875 0.12916666666666668 0.2171875 0.23541666666666666 0.2453125 0.23541666666666666 0.2453125 0.12916666666666668
0 0.26875 0.13333333333333333 0.240625 0.13333333333333333 0.240625 0.24791666666666667 0.26875 0.24791666666666667 0.26875 0.13333333333333333
0 0.30625 0.13333333333333333 0.271875 0.13333333333333333 0.271875 0.24791666666666667 0.30625 0.24791666666666667 0.30625 0.13333333333333333
0 0.909375 0.2604166666666667 0.8703125 0.2604166666666667 0.8703125 0.42916666666666664 0.909375 0.42916666666666664 0.909375 0.2604166666666667
0 0.840625 0.25625 0.7890625 0.25625 0.7890625 0.41875 0.840625 0.41875 0.840625 0.25625
2 0.790625 0.24375 0.7375 0.24375 0.7375 0.42291666666666666 0.790625 0.42291666666666666 0.790625 0.24375
0 0.684375 0.07916666666666666 0.6609375 0.07916666666666666 0.6609375 0.17916666666666667 0.684375 0.17916666666666667 0.684375 0.07916666666666666
0 0.725 0.08125 0.7 0.08125 0.7 0.16458333333333333 0.725 0.16458333333333333 0.725 0.08125
0 0.7078125 0.12083333333333333 0.68125 0.12083333333333333 0.68125 0.22916666666666666 0.7078125 0.22916666666666666 0.7078125 0.12083333333333333
0 0.2234375 0.17291666666666666 0.1890625 0.17291666666666666 0.1890625 0.3 0.2234375 0.3 0.2234375 0.17291666666666666
0 0.40625 0.23958333333333334 0.35625 0.23958333333333334 0.35625 0.4041666666666667 0.40625 0.4041666666666667 0.40625 0.23958333333333334
0 0.3625 0.2520833333333333 0.325 0.2520833333333333 0.325 0.4125 0.3625 0.4125 0.3625 0.2520833333333333
0 0.2609375 0.27291666666666664 0.2125 0.27291666666666664 0.2125 0.44583333333333336 0.2609375 0.44583333333333336 0.2609375 0.27291666666666664
1 0.215625 0.35833333333333334 0.178125 0.35833333333333334 0.178125 0.4583333333333333 0.215625 0.4583333333333333 0.215625 0.35833333333333334
0 0.1609375 0.34375 0.1109375 0.34375 0.1109375 0.5333333333333333 0.1609375 0.5333333333333333 0.1609375 0.34375
0 0.19375 0.5666666666666667 0.128125 0.5666666666666667 0.128125 0.8354166666666667 0.19375 0.8354166666666667 0.19375 0.5666666666666667
0 0.1125 0.5541666666666667 0.046875 0.5541666666666667 0.046875 0.8041666666666667 0.1125 0.8041666666666667 0.1125 0.5541666666666667
0 0.10625 0.78125 0.034375 0.78125 0.034375 0.9979166666666667 0.10625 0.9979166666666667 0.10625 0.78125
0 0.253125 0.6395833333333333 0.1953125 0.6395833333333333 0.1953125 0.8875 0.253125 0.8875 0.253125 0.6395833333333333
0 0.275 0.7354166666666667 0.2203125 0.7354166666666667 0.2203125 0.9979166666666667 0.275 0.9979166666666667 0.275 0.7354166666666667
0 0.3375 0.7416666666666667 0.2640625 0.7416666666666667 0.2640625 0.9979166666666667 0.3375 0.9979166666666667 0.3375 0.7416666666666667
0 0.4875 0.51875 0.428125 0.51875 0.428125 0.7 0.4875 0.7 0.4875 0.51875
0 0.5546875 0.5145833333333333 0.496875 0.5145833333333333 0.496875 0.7020833333333333 0.5546875 0.7020833333333333 0.5546875 0.5145833333333333
0 0.871875 0.8208333333333333 0.796875 0.8208333333333333 0.796875 0.9979166666666667 0.871875 0.9979166666666667 0.871875 0.8208333333333333
0 0.7796875 0.7958333333333333 0.709375 0.7958333333333333 0.709375 0.9979166666666667 0.7796875 0.9979166666666667 0.7796875 0.7958333333333333
0 0.8671875 0.38333333333333336 0.8078125 0.38333333333333336 0.8078125 0.6104166666666667 0.8671875 0.6104166666666667 0.8671875 0.38333333333333336
0 0.7984375 0.38958333333333334 0.7484375 0.38958333333333334 0.7484375 0.6 0.7984375 0.6 0.7984375 0.38958333333333334
0 0.71875 0.38125 0.6703125 0.38125 0.6703125 0.6166666666666667 0.71875 0.6166666666666667 0.71875 0.38125
0 0.6359375 0.5041666666666667 0.584375 0.5041666666666667 0.584375 0.7604166666666666 0.6359375 0.7604166666666666 0.6359375 0.5041666666666667