0 0.3046875 0.0875 0.2796875 0.0875 0.2796875 0.15416666666666667 0.3046875 0.15416666666666667 0.3046875 0.0875
0 0.284375 0.08541666666666667 0.259375 0.08541666666666667 0.259375 0.15208333333333332 0.284375 0.15208333333333332 0.284375 0.08541666666666667
0 0.3515625 0.08333333333333333 0.3265625 0.08333333333333333 0.3265625 0.15 0.3515625 0.15 0.3515625 0.08333333333333333
0 0.1734375 0.16666666666666666 0.14375 0.16666666666666666 0.14375 0.2833333333333333 0.1734375 0.2833333333333333 0.1734375 0.16666666666666666
0 0.2 0.11666666666666667 0.1734375 0.11666666666666667 0.1734375 0.21666666666666667 0.2 0.21666666666666667 0.2 0.11666666666666667
0 0.228125 0.15625 0.1953125 0.15625 0.1953125 0.275 0.228125 0.275 0.228125 0.15625
0 0.2640625 0.15833333333333333 0.2328125 0.15833333333333333 0.2328125 0.27291666666666664 0.2640625 0.27291666666666664 0.2640625 0.15833333333333333
0 0.3921875 0.16666666666666666 0.3578125 0.16666666666666666 0.3578125 0.28125 0.3921875 0.28125 0.3921875 0.16666666666666666
0 0.3515625 0.16458333333333333 0.3109375 0.16458333333333333 0.3109375 0.2833333333333333 0.3515625 0.2833333333333333 0.3515625 0.16458333333333333
0 0.2984375 0.20833333333333334 0.2625 0.20833333333333334 0.2625 0.3458333333333333 0.2984375 0.3458333333333333 0.2984375 0.20833333333333334
0 0.3171875 0.29583333333333334 0.26875 0.29583333333333334 0.26875 0.4583333333333333 0.3171875 0.4583333333333333 0.3171875 0.29583333333333334
0 0.25 0.28541666666666665 0.20625 0.28541666666666665 0.20625 0.46458333333333335 0.25 0.46458333333333335 0.25 0.28541666666666665
2 0.5984375 0.45416666666666666 0.528125 0.45416666666666666 0.528125 0.55 0.5984375 0.55 0.5984375 0.45416666666666666
0 0.3328125 0.7708333333333334 0.2796875 0.7708333333333334 0.2796875 0.9979166666666667 0.3328125 0.9979166666666667 0.3328125 0.7708333333333334
0 0.575 0.8354166666666667 0.4875 0.8354166666666667 0.4875 0.9979166666666667 0.575 0.9979166666666667 0.575 0.8354166666666667
0 0.7421875 0.8604166666666667 0.665625 0.8604166666666667 0.665625 0.9979166666666667 0.7421875 0.9979166666666667 0.7421875 0.8604166666666667
0 0.7625 0.675 0.7015625 0.675 0.7015625 0.93125 0.7625 0.93125 0.7625 0.675
0 0.8265625 0.6541666666666667 0.7546875 0.6541666666666667 0.7546875 0.9395833333333333 0.8265625 0.9395833333333333 0.8265625 0.6541666666666667
0 0.6265625 0.175 0.6015625 0.175 0.6015625 0.28958333333333336 0.6265625 0.28958333333333336 0.6265625 0.175
0 0.61875 0.19166666666666668 0.584375 0.19166666666666668 0.584375 0.34375 0.61875 0.34375 0.61875 0.19166666666666668
0 0.6640625 0.19583333333333333 0.6234375 0.19583333333333333 0.6234375 0.32916666666666666 0.6640625 0.32916666666666666 0.6640625 0.19583333333333333
0 0.8421875 0.22708333333333333 0.7953125 0.22708333333333333 0.7953125 0.4083333333333333 0.8421875 0.4083333333333333 0.8421875 0.22708333333333333
0 0.88125 0.24166666666666667 0.8375 0.24166666666666667 0.8375 0.41875 0.88125 0.41875 0.88125 0.24166666666666667