2 0.2140625 0.07291666666666667 0.1734375 0.07291666666666667 0.1734375 0.15208333333333332 0.2140625 0.15208333333333332 0.2140625 0.07291666666666667
2 0.5359375 0.5604166666666667 0.4640625 0.5604166666666667 0.4640625 0.8166666666666667 0.5359375 0.8166666666666667 0.5359375 0.5604166666666667
1 0.29375 0.55 0.2546875 0.55 0.2546875 0.5979166666666667 0.29375 0.5979166666666667 0.29375 0.55
1 0.35 0.49375 0.2953125 0.49375 0.2953125 0.5604166666666667 0.35 0.5604166666666667 0.35 0.49375
1 0.73125 0.35833333333333334 0.7140625 0.35833333333333334 0.7140625 0.4583333333333333 0.73125 0.4583333333333333 0.73125 0.35833333333333334
0 0.728125 0.23125 0.703125 0.23125 0.703125 0.32916666666666666 0.728125 0.32916666666666666 0.728125 0.23125
0 0.7078125 0.24583333333333332 0.6828125 0.24583333333333332 0.6828125 0.39166666666666666 0.7078125 0.39166666666666666 0.7078125 0.24583333333333332
0 0.225 0.20625 0.1875 0.20625 0.1875 0.3416666666666667 0.225 0.3416666666666667 0.225 0.20625
0 0.246875 0.16875 0.2140625 0.16875 0.2140625 0.30416666666666664 0.246875 0.30416666666666664 0.246875 0.16875
0 0.2765625 0.19166666666666668 0.2375 0.19166666666666668 0.2375 0.32916666666666666 0.2765625 0.32916666666666666 0.2765625 0.19166666666666668
0 0.321875 0.16875 0.2890625 0.16875 0.2890625 0.31666666666666665 0.321875 0.31666666666666665 0.321875 0.16875
0 0.1953125 0.30625 0.14375 0.30625 0.14375 0.4979166666666667 0.1953125 0.4979166666666667 0.1953125 0.30625
0 0.0234375 0.48125 0.0046875 0.48125 0.0046875 0.6958333333333333 0.0234375 0.6958333333333333 0.0234375 0.48125
0 0.075 0.4666666666666667 0.034375 0.4666666666666667 0.034375 0.6729166666666667 0.075 0.6729166666666667 0.075 0.4666666666666667
0 0.15625 0.4479166666666667 0.1125 0.4479166666666667 0.1125 0.6625 0.15625 0.6625 0.15625 0.4479166666666667
0 0.140625 0.49583333333333335 0.084375 0.49583333333333335 0.084375 0.75625 0.140625 0.75625 0.140625 0.49583333333333335
0 0.29375 0.42916666666666664 0.2578125 0.42916666666666664 0.2578125 0.5541666666666667 0.29375 0.5541666666666667 0.29375 0.42916666666666664
0 0.4140625 0.79375 0.3265625 0.79375 0.3265625 0.9791666666666666 0.4140625 0.9791666666666666 0.4140625 0.79375
2 0.471875 0.49375 0.421875 0.49375 0.421875 0.6854166666666667 0.471875 0.6854166666666667 0.471875 0.49375
2 0.5390625 0.5041666666666667 0.4765625 0.5041666666666667 0.4765625 0.6458333333333334 0.5390625 0.6458333333333334 0.5390625 0.5041666666666667
0 0.50625 0.5979166666666667 0.446875 0.5979166666666667 0.446875 0.8375 0.50625 0.8375 0.50625 0.5979166666666667
0 0.6640625 0.15 0.6125 0.15 0.6125 0.2791666666666667 0.6640625 0.2791666666666667 0.6640625 0.15
0 0.90625 0.42291666666666666 0.8359375 0.42291666666666666 0.8359375 0.65 0.90625 0.65 0.90625 0.42291666666666666