0 0.26875 0.025 0.2484375 0.025 0.2484375 0.09375 0.26875 0.09375 0.26875 0.025
0 0.1921875 0.05 0.171875 0.05 0.171875 0.12708333333333333 0.1921875 0.12708333333333333 0.1921875 0.05
0 0.246875 0.029166666666666667 0.228125 0.029166666666666667 0.228125 0.10208333333333333 0.246875 0.10208333333333333 0.246875 0.029166666666666667
0 0.36875 0.07916666666666666 0.346875 0.07916666666666666 0.346875 0.16041666666666668 0.36875 0.16041666666666668 0.36875 0.07916666666666666
0 0.278125 0.08541666666666667 0.2640625 0.08541666666666667 0.2640625 0.15833333333333333 0.278125 0.15833333333333333 0.278125 0.08541666666666667
0 0.290625 0.08958333333333333 0.2765625 0.08958333333333333 0.2765625 0.15833333333333333 0.290625 0.15833333333333333 0.290625 0.08958333333333333
0 0.3484375 0.08125 0.328125 0.08125 0.328125 0.16041666666666668 0.3484375 0.16041666666666668 0.3484375 0.08125
0 0.7890625 0.15625 0.7609375 0.15625 0.7609375 0.29583333333333334 0.7890625 0.29583333333333334 0.7890625 0.15625
0 0.759375 0.16041666666666668 0.734375 0.16041666666666668 0.734375 0.2875 0.759375 0.2875 0.759375 0.16041666666666668
0 0.7421875 0.15625 0.715625 0.15625 0.715625 0.28958333333333336 0.7421875 0.28958333333333336 0.7421875 0.15625
0 0.684375 0.20208333333333334 0.659375 0.20208333333333334 0.659375 0.3458333333333333 0.684375 0.3458333333333333 0.684375 0.20208333333333334
0 0.6421875 0.19375 0.6125 0.19375 0.6125 0.3375 0.6421875 0.3375 0.6421875 0.19375
0 0.23125 0.17708333333333334 0.190625 0.17708333333333334 0.190625 0.30416666666666664 0.23125 0.30416666666666664 0.23125 0.17708333333333334
0 0.103125 0.525 0.0453125 0.525 0.0453125 0.7770833333333333 0.103125 0.7770833333333333 0.103125 0.525
0 0.18125 0.6479166666666667 0.1265625 0.6479166666666667 0.1265625 0.8875 0.18125 0.8875 0.18125 0.6479166666666667
2 0.1734375 0.6083333333333333 0.1109375 0.6083333333333333 0.1109375 0.8541666666666666 0.1734375 0.8541666666666666 0.1734375 0.6083333333333333
1 0.084375 0.65625 0.0328125 0.65625 0.0328125 0.8583333333333333 0.084375 0.8583333333333333 0.084375 0.65625
2 0.2265625 0.7145833333333333 0.1625 0.7145833333333333 0.1625 0.9979166666666667 0.2265625 0.9979166666666667 0.2265625 0.7145833333333333
0 0.31875 0.7375 0.2546875 0.7375 0.2546875 0.9979166666666667 0.31875 0.9979166666666667 0.31875 0.7375
0 0.796875 0.76875 0.709375 0.76875 0.709375 0.9979166666666667 0.796875 0.9979166666666667 0.796875 0.76875
0 0.740625 0.64375 0.6625 0.64375 0.6625 0.88125 0.740625 0.88125 0.740625 0.64375
0 0.684375 0.7416666666666667 0.6 0.7416666666666667 0.6 0.9979166666666667 0.684375 0.9979166666666667 0.684375 0.7416666666666667
0 0.3234375 0.23333333333333334 0.284375 0.23333333333333334 0.284375 0.36875 0.3234375 0.36875 0.3234375 0.23333333333333334