0 0.4765625 0.6125 0.4265625 0.6125 0.4265625 0.8416666666666667 0.4765625 0.8416666666666667 0.4765625 0.6125
0 0.35625 0.07916666666666666 0.3265625 0.07916666666666666 0.3265625 0.15833333333333333 0.35625 0.15833333333333333 0.35625 0.07916666666666666
0 0.2921875 0.09166666666666666 0.2609375 0.09166666666666666 0.2609375 0.19375 0.2921875 0.19375 0.2921875 0.09166666666666666
0 0.2453125 0.10416666666666667 0.2109375 0.10416666666666667 0.2109375 0.20625 0.2453125 0.20625 0.2453125 0.10416666666666667
0 0.8421875 0.21041666666666667 0.8078125 0.21041666666666667 0.8078125 0.35833333333333334 0.8421875 0.35833333333333334 0.8421875 0.21041666666666667
0 0.8078125 0.20625 0.76875 0.20625 0.76875 0.3541666666666667 0.8078125 0.3541666666666667 0.8078125 0.20625
0 0.775 0.18125 0.73125 0.18125 0.73125 0.3375 0.775 0.3375 0.775 0.18125
0 0.721875 0.21041666666666667 0.675 0.21041666666666667 0.675 0.36666666666666664 0.721875 0.36666666666666664 0.721875 0.21041666666666667
0 0.66875 0.20625 0.6234375 0.20625 0.6234375 0.37083333333333335 0.66875 0.37083333333333335 0.66875 0.20625
0 0.2390625 0.29375 0.1890625 0.29375 0.1890625 0.47708333333333336 0.2390625 0.47708333333333336 0.2390625 0.29375
0 0.0828125 0.4375 0.0109375 0.4375 0.0109375 0.6541666666666667 0.0828125 0.6541666666666667 0.0828125 0.4375
0 0.3953125 0.76875 0.35 0.76875 0.35 0.9979166666666667 0.3953125 0.9979166666666667 0.3953125 0.76875
0 0.946875 0.4354166666666667 0.8921875 0.4354166666666667 0.8921875 0.675 0.946875 0.675 0.946875 0.4354166666666667