0 0.29375 0.07916666666666666 0.25625 0.07916666666666666 0.25625 0.14375 0.29375 0.14375 0.29375 0.07916666666666666
0 0.425 0.43333333333333335 0.3640625 0.43333333333333335 0.3640625 0.5458333333333333 0.425 0.5458333333333333 0.425 0.43333333333333335
0 0.225 0.4166666666666667 0.1671875 0.4166666666666667 0.1671875 0.6208333333333333 0.225 0.6208333333333333 0.225 0.4166666666666667
0 0.2953125 0.4125 0.2359375 0.4125 0.2359375 0.6104166666666667 0.2953125 0.6104166666666667 0.2953125 0.4125
0 0.271875 0.55 0.2125 0.55 0.2125 0.7854166666666667 0.271875 0.7854166666666667 0.271875 0.55
0 0.20625 0.5520833333333334 0.15 0.5520833333333334 0.15 0.7916666666666666 0.20625 0.7916666666666666 0.20625 0.5520833333333334
0 0.296875 0.8854166666666666 0.2171875 0.8854166666666666 0.2171875 0.9979166666666667 0.296875 0.9979166666666667 0.296875 0.8854166666666666
0 0.3703125 0.8166666666666667 0.2796875 0.8166666666666667 0.2796875 0.9979166666666667 0.3703125 0.9979166666666667 0.3703125 0.8166666666666667
2 0.178125 0.3875 0.109375 0.3875 0.109375 0.6104166666666667 0.178125 0.6104166666666667 0.178125 0.3875
2 0.54375 0.51875 0.4828125 0.51875 0.4828125 0.6958333333333333 0.54375 0.6958333333333333 0.54375 0.51875
1 0.14375 0.5354166666666667 0.0890625 0.5354166666666667 0.0890625 0.7375 0.14375 0.7375 0.14375 0.5354166666666667
0 0.3453125 0.1125 0.3140625 0.1125 0.3140625 0.22708333333333333 0.3453125 0.22708333333333333 0.3453125 0.1125
0 0.3078125 0.11666666666666667 0.2765625 0.11666666666666667 0.2765625 0.23333333333333334 0.3078125 0.23333333333333334 0.3078125 0.11666666666666667
0 0.6296875 0.48333333333333334 0.575 0.48333333333333334 0.575 0.6604166666666667 0.6296875 0.6604166666666667 0.6296875 0.48333333333333334
0 0.8421875 0.6166666666666667 0.775 0.6166666666666667 0.775 0.8958333333333334 0.8421875 0.8958333333333334 0.8421875 0.6166666666666667