0 0.5984375 0.45416666666666666 0.5359375 0.45416666666666666 0.5359375 0.5583333333333333 0.5984375 0.5583333333333333 0.5984375 0.45416666666666666
0 0.36875 0.07708333333333334 0.346875 0.07708333333333334 0.346875 0.1625 0.36875 0.1625 0.36875 0.07708333333333334
0 0.353125 0.07708333333333334 0.3265625 0.07708333333333334 0.3265625 0.175 0.353125 0.175 0.353125 0.07708333333333334
0 0.28125 0.08541666666666667 0.2640625 0.08541666666666667 0.2640625 0.16041666666666668 0.28125 0.16041666666666668 0.28125 0.08541666666666667
0 0.29375 0.09375 0.2734375 0.09375 0.2734375 0.17708333333333334 0.29375 0.17708333333333334 0.29375 0.09375
0 0.2265625 0.09166666666666666 0.1921875 0.09166666666666666 0.1921875 0.18333333333333332 0.2265625 0.18333333333333332 0.2265625 0.09166666666666666
0 0.2375 0.71875 0.175 0.71875 0.175 0.9979166666666667 0.2375 0.9979166666666667 0.2375 0.71875
0 0.3171875 0.7229166666666667 0.259375 0.7229166666666667 0.259375 0.9979166666666667 0.3171875 0.9979166666666667 0.3171875 0.7229166666666667
0 0.4453125 0.7833333333333333 0.375 0.7833333333333333 0.375 0.9979166666666667 0.4453125 0.9979166666666667 0.4453125 0.7833333333333333
0 0.671875 0.7083333333333334 0.5890625 0.7083333333333334 0.5890625 0.9979166666666667 0.671875 0.9979166666666667 0.671875 0.7083333333333334
0 0.59375 0.7104166666666667 0.521875 0.7104166666666667 0.521875 0.9979166666666667 0.59375 0.9979166666666667 0.59375 0.7104166666666667
0 0.2046875 0.60625 0.1515625 0.60625 0.1515625 0.8395833333333333 0.2046875 0.8395833333333333 0.2046875 0.60625
0 0.30625 0.2375 0.253125 0.2375 0.253125 0.39791666666666664 0.30625 0.39791666666666664 0.30625 0.2375