2 0.5984375 0.45625 0.525 0.45625 0.525 0.55625 0.5984375 0.55625 0.5984375 0.45625
0 0.3859375 0.12916666666666668 0.35625 0.12916666666666668 0.35625 0.23958333333333334 0.3859375 0.23958333333333334 0.3859375 0.12916666666666668
0 0.29375 0.08958333333333333 0.271875 0.08958333333333333 0.271875 0.14166666666666666 0.29375 0.14166666666666666 0.29375 0.08958333333333333
0 0.6609375 0.06666666666666667 0.6390625 0.06666666666666667 0.6390625 0.15833333333333333 0.6609375 0.15833333333333333 0.6609375 0.06666666666666667
0 0.6671875 0.09166666666666666 0.6421875 0.09166666666666666 0.6421875 0.18125 0.6671875 0.18125 0.6671875 0.09166666666666666
0 0.353125 0.08125 0.328125 0.08125 0.328125 0.15 0.353125 0.15 0.353125 0.08125
0 0.2609375 0.052083333333333336 0.2390625 0.052083333333333336 0.2390625 0.12916666666666668 0.2609375 0.12916666666666668 0.2609375 0.052083333333333336
0 0.2359375 0.10416666666666667 0.2125 0.10416666666666667 0.2125 0.20208333333333334 0.2359375 0.20208333333333334 0.2359375 0.10416666666666667
2 0.225 0.10833333333333334 0.2 0.10833333333333334 0.2 0.21041666666666667 0.225 0.21041666666666667 0.225 0.10833333333333334
2 0.35625 0.13958333333333334 0.3265625 0.13958333333333334 0.3265625 0.23958333333333334 0.35625 0.23958333333333334 0.35625 0.13958333333333334
0 0.3125 0.15 0.2765625 0.15 0.2765625 0.26875 0.3125 0.26875 0.3125 0.15
0 0.275 0.14375 0.2421875 0.14375 0.2421875 0.275 0.275 0.275 0.275 0.14375
0 0.2234375 0.20625 0.1890625 0.20625 0.1890625 0.3416666666666667 0.2234375 0.3416666666666667 0.2234375 0.20625
0 0.2515625 0.7 0.1875 0.7 0.1875 0.9791666666666666 0.2515625 0.9791666666666666 0.2515625 0.7
0 0.1890625 0.7041666666666667 0.1421875 0.7041666666666667 0.1421875 0.9541666666666667 0.1890625 0.9541666666666667 0.1890625 0.7041666666666667
0 0.1078125 0.58125 0.0453125 0.58125 0.0453125 0.8458333333333333 0.1078125 0.8458333333333333 0.1078125 0.58125
0 0.2234375 0.3625 0.165625 0.3625 0.165625 0.54375 0.2234375 0.54375 0.2234375 0.3625
0 0.334375 0.29583333333333334 0.284375 0.29583333333333334 0.284375 0.46875 0.334375 0.46875 0.334375 0.29583333333333334
0 0.409375 0.4666666666666667 0.365625 0.4666666666666667 0.365625 0.6 0.409375 0.6 0.409375 0.4666666666666667
0 0.4828125 0.5166666666666667 0.4296875 0.5166666666666667 0.4296875 0.7 0.4828125 0.7 0.4828125 0.5166666666666667
0 0.5515625 0.5291666666666667 0.496875 0.5291666666666667 0.496875 0.6958333333333333 0.5515625 0.6958333333333333 0.5515625 0.5291666666666667
0 0.7328125 0.6041666666666666 0.6625 0.6041666666666666 0.6625 0.9083333333333333 0.7328125 0.9083333333333333 0.7328125 0.6041666666666666
0 0.8046875 0.6645833333333333 0.7578125 0.6645833333333333 0.7578125 0.9333333333333333 0.8046875 0.9333333333333333 0.8046875 0.6645833333333333
0 0.9609375 0.51875 0.9125 0.51875 0.9125 0.7708333333333334 0.9609375 0.7708333333333334 0.9609375 0.51875
0 0.921875 0.4979166666666667 0.86875 0.4979166666666667 0.86875 0.73125 0.921875 0.73125 0.921875 0.4979166666666667
0 0.90625 0.26875 0.871875 0.26875 0.871875 0.4270833333333333 0.90625 0.4270833333333333 0.90625 0.26875
0 0.709375 0.21041666666666667 0.675 0.21041666666666667 0.675 0.35625 0.709375 0.35625 0.709375 0.21041666666666667