0 0.5921875 0.45208333333333334 0.525 0.45208333333333334 0.525 0.55 0.5921875 0.55 0.5921875 0.45208333333333334
0 0.76875 0.11458333333333333 0.728125 0.11458333333333333 0.728125 0.22291666666666668 0.76875 0.22291666666666668 0.76875 0.11458333333333333
0 0.3515625 0.08541666666666667 0.328125 0.08541666666666667 0.328125 0.15833333333333333 0.3515625 0.15833333333333333 0.3515625 0.08541666666666667
0 0.1734375 0.18541666666666667 0.1390625 0.18541666666666667 0.1390625 0.3125 0.1734375 0.3125 0.1734375 0.18541666666666667
0 0.29375 0.09166666666666666 0.265625 0.09166666666666666 0.265625 0.20416666666666666 0.29375 0.20416666666666666 0.29375 0.09166666666666666
0 0.2609375 0.10416666666666667 0.2375 0.10416666666666667 0.2375 0.22708333333333333 0.2609375 0.22708333333333333 0.2609375 0.10416666666666667
0 0.259375 0.13125 0.2234375 0.13125 0.2234375 0.24375 0.259375 0.24375 0.259375 0.13125
0 0.28125 0.18541666666666667 0.253125 0.18541666666666667 0.253125 0.30625 0.28125 0.30625 0.28125 0.18541666666666667
0 0.2375 0.18125 0.20625 0.18125 0.20625 0.3145833333333333 0.2375 0.3145833333333333 0.2375 0.18125
0 0.3125 0.24791666666666667 0.2671875 0.24791666666666667 0.2671875 0.4 0.3125 0.4 0.3125 0.24791666666666667
0 0.3625 0.2520833333333333 0.315625 0.2520833333333333 0.315625 0.3875 0.3625 0.3875 0.3625 0.2520833333333333
1 0.671875 0.6229166666666667 0.6203125 0.6229166666666667 0.6203125 0.8 0.671875 0.8 0.671875 0.6229166666666667
0 0.9390625 0.4125 0.8796875 0.4125 0.8796875 0.6291666666666667 0.9390625 0.6291666666666667 0.9390625 0.4125
0 0.88125 0.3875 0.8234375 0.3875 0.8234375 0.6229166666666667 0.88125 0.6229166666666667 0.88125 0.3875
0 0.803125 0.3729166666666667 0.7609375 0.3729166666666667 0.7609375 0.5854166666666667 0.803125 0.5854166666666667 0.803125 0.3729166666666667
0 0.7609375 0.39375 0.721875 0.39375 0.721875 0.58125 0.7609375 0.58125 0.7609375 0.39375
0 0.2015625 0.7083333333333334 0.125 0.7083333333333334 0.125 0.9875 0.2015625 0.9875 0.2015625 0.7083333333333334
0 0.7765625 0.5416666666666666 0.725 0.5416666666666666 0.725 0.7604166666666666 0.7765625 0.7604166666666666 0.7765625 0.5416666666666666
0 0.7 0.50625 0.6453125 0.50625 0.6453125 0.76875 0.7 0.76875 0.7 0.50625