2 0.6140625 0.5083333333333333 0.55 0.5083333333333333 0.55 0.675 0.6140625 0.675 0.6140625 0.5083333333333333
2 0.64375 0.4791666666666667 0.5734375 0.4791666666666667 0.5734375 0.6375 0.64375 0.6375 0.64375 0.4791666666666667
0 0.45625 0.7145833333333333 0.4046875 0.7145833333333333 0.4046875 0.91875 0.45625 0.91875 0.45625 0.7145833333333333
2 0 0.8145833333333333 0.05 0.8145833333333333 0.05 0.58125 0 0.58125 0 0.8145833333333333
0 0.5875 0.8875 0.5078125 0.8875 0.5078125 0.9979166666666667 0.5875 0.9979166666666667 0.5875 0.8875
1 0.6140625 0.9333333333333333 0.578125 0.9333333333333333 0.578125 0.9979166666666667 0.6140625 0.9979166666666667 0.6140625 0.9333333333333333
2 0.7703125 0.125 0.73125 0.125 0.73125 0.24791666666666667 0.7703125 0.24791666666666667 0.7703125 0.125
0 0.6828125 0.10625 0.6546875 0.10625 0.6546875 0.2125 0.6828125 0.2125 0.6828125 0.10625
0 0.6875 0.12291666666666666 0.659375 0.12291666666666666 0.659375 0.225 0.6875 0.225 0.6875 0.12291666666666666
0 0.3265625 0.08541666666666667 0.2921875 0.08541666666666667 0.2921875 0.15833333333333333 0.3265625 0.15833333333333333 0.3265625 0.08541666666666667
0 0.3140625 0.30416666666666664 0.265625 0.30416666666666664 0.265625 0.49166666666666664 0.3140625 0.49166666666666664 0.3140625 0.30416666666666664
0 0.5515625 0.51875 0.49375 0.51875 0.49375 0.6979166666666666 0.5515625 0.6979166666666666 0.5515625 0.51875
0 0.2671875 0.3145833333333333 0.2125 0.3145833333333333 0.2125 0.49375 0.2671875 0.49375 0.2671875 0.3145833333333333
0 0.121875 0.5979166666666667 0.0515625 0.5979166666666667 0.0515625 0.8541666666666666 0.121875 0.8541666666666666 0.121875 0.5979166666666667
0 0.4859375 0.5145833333333333 0.4296875 0.5145833333333333 0.4296875 0.7104166666666667 0.4859375 0.7104166666666667 0.4859375 0.5145833333333333
0 0.1890625 0.7375 0.103125 0.7375 0.103125 0.9958333333333333 0.1890625 0.9958333333333333 0.1890625 0.7375
0 0.296875 0.7458333333333333 0.2390625 0.7458333333333333 0.2390625 0.9979166666666667 0.296875 0.9979166666666667 0.296875 0.7458333333333333
0 0.334375 0.7833333333333333 0.26875 0.7833333333333333 0.26875 0.9979166666666667 0.334375 0.9979166666666667 0.334375 0.7833333333333333
0 0.396875 0.75 0.325 0.75 0.325 0.9979166666666667 0.396875 0.9979166666666667 0.396875 0.75
0 0.4484375 0.7479166666666667 0.3890625 0.7479166666666667 0.3890625 0.9979166666666667 0.4484375 0.9979166666666667 0.4484375 0.7479166666666667
0 0.471875 0.7791666666666667 0.4109375 0.7791666666666667 0.4109375 0.9979166666666667 0.471875 0.9979166666666667 0.471875 0.7791666666666667
0 0.6109375 0.6 0.540625 0.6 0.540625 0.89375 0.6109375 0.89375 0.6109375 0.6
0 0.75625 0.20416666666666666 0.703125 0.20416666666666666 0.703125 0.34375 0.75625 0.34375 0.75625 0.20416666666666666
0 0.8015625 0.19375 0.7671875 0.19375 0.7671875 0.3541666666666667 0.8015625 0.3541666666666667 0.8015625 0.19375
0 0.84375 0.1875 0.80625 0.1875 0.80625 0.33958333333333335 0.84375 0.33958333333333335 0.84375 0.1875