2 0.465625 0.49375 0.4203125 0.49375 0.4203125 0.6958333333333333 0.465625 0.6958333333333333 0.465625 0.49375
2 0.6578125 0.47291666666666665 0.546875 0.47291666666666665 0.546875 0.6458333333333334 0.6578125 0.6458333333333334 0.6578125 0.47291666666666665
2 0.6265625 0.50625 0.53125 0.50625 0.53125 0.66875 0.6265625 0.66875 0.6265625 0.50625
2 0.540625 0.5166666666666667 0.4734375 0.5166666666666667 0.4734375 0.7 0.540625 0.7 0.540625 0.5166666666666667
1 0.275 0.0625 0.2484375 0.0625 0.2484375 0.11666666666666667 0.275 0.11666666666666667 0.275 0.0625
0 0.2484375 0.041666666666666664 0.2265625 0.041666666666666664 0.2265625 0.12916666666666668 0.2484375 0.12916666666666668 0.2484375 0.041666666666666664
0 0.4203125 0.20625 0.3890625 0.20625 0.3890625 0.3541666666666667 0.4203125 0.3541666666666667 0.4203125 0.20625
0 0.3921875 0.19166666666666668 0.3640625 0.19166666666666668 0.3640625 0.35208333333333336 0.3921875 0.35208333333333336 0.3921875 0.19166666666666668
0 0.359375 0.20833333333333334 0.3140625 0.20833333333333334 0.3140625 0.3458333333333333 0.359375 0.3458333333333333 0.359375 0.20833333333333334
0 0.30625 0.20625 0.2515625 0.20625 0.2515625 0.3416666666666667 0.30625 0.3416666666666667 0.30625 0.20625
0 0.2625 0.2375 0.20625 0.2375 0.20625 0.38958333333333334 0.2625 0.38958333333333334 0.2625 0.2375
0 0.1625 0.34791666666666665 0.1015625 0.34791666666666665 0.1015625 0.5458333333333333 0.1625 0.5458333333333333 0.1625 0.34791666666666665
0 0.165625 0.4395833333333333 0.103125 0.4395833333333333 0.103125 0.6375 0.165625 0.6375 0.165625 0.4395833333333333
0 0.24375 0.42916666666666664 0.1734375 0.42916666666666664 0.1734375 0.6354166666666666 0.24375 0.6354166666666666 0.24375 0.42916666666666664
0 0.346875 0.33958333333333335 0.28125 0.33958333333333335 0.28125 0.5520833333333334 0.346875 0.5520833333333334 0.346875 0.33958333333333335
0 0.31875 0.74375 0.246875 0.74375 0.246875 0.9958333333333333 0.31875 0.9958333333333333 0.31875 0.74375
0 0.153125 0.5875 0.0796875 0.5875 0.0796875 0.8625 0.153125 0.8625 0.153125 0.5875
0 0.21875 0.575 0.1421875 0.575 0.1421875 0.8375 0.21875 0.8375 0.21875 0.575
0 0.65625 0.27708333333333335 0.6046875 0.27708333333333335 0.6046875 0.4708333333333333 0.65625 0.4708333333333333 0.65625 0.27708333333333335
0 0.696875 0.25833333333333336 0.653125 0.25833333333333336 0.653125 0.4479166666666667 0.696875 0.4479166666666667 0.696875 0.25833333333333336
0 0.8328125 0.15416666666666667 0.7984375 0.15416666666666667 0.7984375 0.3020833333333333 0.8328125 0.3020833333333333 0.8328125 0.15416666666666667
0 0.790625 0.14791666666666667 0.7546875 0.14791666666666667 0.7546875 0.28541666666666665 0.790625 0.28541666666666665 0.790625 0.14791666666666667