1 0.9203125 0.7875 0.875 0.7875 0.875 0.95625 0.9203125 0.95625 0.9203125 0.7875
1 0.68125 0.8958333333333334 0.6359375 0.8958333333333334 0.6359375 0.9979166666666667 0.68125 0.9979166666666667 0.68125 0.8958333333333334
2 0.6375 0.475 0.5578125 0.475 0.5578125 0.6458333333333334 0.6375 0.6458333333333334 0.6375 0.475
2 0.6140625 0.5020833333333333 0.5265625 0.5020833333333333 0.5265625 0.6729166666666667 0.6140625 0.6729166666666667 0.6140625 0.5020833333333333
0 0.328125 0.0875 0.3 0.0875 0.3 0.16041666666666668 0.328125 0.16041666666666668 0.328125 0.0875
0 0.3046875 0.1 0.2765625 0.1 0.2765625 0.20208333333333334 0.3046875 0.20208333333333334 0.3046875 0.1
0 0.2796875 0.09583333333333334 0.25625 0.09583333333333334 0.25625 0.20625 0.2796875 0.20625 0.2796875 0.09583333333333334
0 0.23125 0.09583333333333334 0.1890625 0.09583333333333334 0.1890625 0.21041666666666667 0.23125 0.21041666666666667 0.23125 0.09583333333333334
0 0.24375 0.13333333333333333 0.20625 0.13333333333333333 0.20625 0.25 0.24375 0.25 0.24375 0.13333333333333333
0 0.275 0.12916666666666668 0.240625 0.12916666666666668 0.240625 0.24166666666666667 0.275 0.24166666666666667 0.275 0.12916666666666668
0 0.23125 0.19583333333333333 0.184375 0.19583333333333333 0.184375 0.3229166666666667 0.23125 0.3229166666666667 0.23125 0.19583333333333333
0 0.259375 0.20416666666666666 0.2203125 0.20416666666666666 0.2203125 0.33125 0.259375 0.33125 0.259375 0.20416666666666666
0 0.4203125 0.2833333333333333 0.371875 0.2833333333333333 0.371875 0.45208333333333334 0.4203125 0.45208333333333334 0.4203125 0.2833333333333333
0 0.271875 0.3416666666666667 0.209375 0.3416666666666667 0.209375 0.5354166666666667 0.271875 0.5354166666666667 0.271875 0.3416666666666667
0 0.1328125 0.3958333333333333 0.078125 0.3958333333333333 0.078125 0.6104166666666667 0.1328125 0.6104166666666667 0.1328125 0.3958333333333333
0 0.0953125 0.47291666666666665 0.0328125 0.47291666666666665 0.0328125 0.725 0.0953125 0.725 0.0953125 0.47291666666666665
0 0.44375 0.7291666666666666 0.3734375 0.7291666666666666 0.3734375 0.9979166666666667 0.44375 0.9979166666666667 0.44375 0.7291666666666666
0 0.38125 0.7625 0.3125 0.7625 0.3125 0.9979166666666667 0.38125 0.9979166666666667 0.38125 0.7625
0 0.334375 0.7375 0.2671875 0.7375 0.2671875 0.9979166666666667 0.334375 0.9979166666666667 0.334375 0.7375
0 0.4375 0.7604166666666666 0.3546875 0.7604166666666666 0.3546875 0.9979166666666667 0.4375 0.9979166666666667 0.4375 0.7604166666666666
0 0.509375 0.7854166666666667 0.4359375 0.7854166666666667 0.4359375 0.9979166666666667 0.509375 0.9979166666666667 0.509375 0.7854166666666667
0 0.540625 0.725 0.4765625 0.725 0.4765625 0.9708333333333333 0.540625 0.9708333333333333 0.540625 0.725
0 0.6546875 0.6458333333333334 0.56875 0.6458333333333334 0.56875 0.9458333333333333 0.6546875 0.9458333333333333 0.6546875 0.6458333333333334
0 0.953125 0.6375 0.8875 0.6375 0.8875 0.8770833333333333 0.953125 0.8770833333333333 0.953125 0.6375
0 0.8703125 0.7020833333333333 0.7984375 0.7020833333333333 0.7984375 0.9791666666666666 0.8703125 0.9791666666666666 0.8703125 0.7020833333333333