0 0.28125 0.0875 0.2640625 0.0875 0.2640625 0.15 0.28125 0.15 0.28125 0.0875
0 0.2953125 0.08541666666666667 0.2765625 0.08541666666666667 0.2765625 0.15625 0.2953125 0.15625 0.2953125 0.08541666666666667
0 0.353125 0.08125 0.325 0.08125 0.325 0.1625 0.353125 0.1625 0.353125 0.08125
0 0.19375 0.10416666666666667 0.1671875 0.10416666666666667 0.1671875 0.2 0.19375 0.2 0.19375 0.10416666666666667
0 0.2140625 0.1 0.190625 0.1 0.190625 0.19791666666666666 0.2140625 0.19791666666666666 0.2140625 0.1
0 0.2390625 0.12291666666666666 0.209375 0.12291666666666666 0.209375 0.225 0.2390625 0.225 0.2390625 0.12291666666666666
0 0.2640625 0.12083333333333333 0.2359375 0.12083333333333333 0.2359375 0.22916666666666666 0.2640625 0.22916666666666666 0.2640625 0.12083333333333333
2 0.596875 0.45625 0.5296875 0.45625 0.5296875 0.5520833333333334 0.596875 0.5520833333333334 0.596875 0.45625
0 0.4359375 0.16875 0.396875 0.16875 0.396875 0.31875 0.4359375 0.31875 0.4359375 0.16875
0 0.6140625 0.13541666666666666 0.5734375 0.13541666666666666 0.5734375 0.2833333333333333 0.6140625 0.2833333333333333 0.6140625 0.13541666666666666
0 0.6515625 0.12916666666666668 0.625 0.12916666666666668 0.625 0.24375 0.6515625 0.24375 0.6515625 0.12916666666666668
0 0.7578125 0.1375 0.7296875 0.1375 0.7296875 0.25625 0.7578125 0.25625 0.7578125 0.1375
0 0.7375 0.1375 0.7171875 0.1375 0.7171875 0.22708333333333333 0.7375 0.22708333333333333 0.7375 0.1375
0 0.6984375 0.14166666666666666 0.66875 0.14166666666666666 0.66875 0.2604166666666667 0.6984375 0.2604166666666667 0.6984375 0.14166666666666666
0 0.6640625 0.15 0.6328125 0.15 0.6328125 0.26875 0.6640625 0.26875 0.6640625 0.15
0 0.68125 0.21041666666666667 0.6453125 0.21041666666666667 0.6453125 0.3416666666666667 0.68125 0.3416666666666667 0.68125 0.21041666666666667
0 0.725 0.19375 0.68125 0.19375 0.68125 0.325 0.725 0.325 0.725 0.19375
0 0.7796875 0.16875 0.746875 0.16875 0.746875 0.3020833333333333 0.7796875 0.3020833333333333 0.7796875 0.16875
0 0.2359375 0.20416666666666666 0.2046875 0.20416666666666666 0.2046875 0.35208333333333336 0.2359375 0.35208333333333336 0.2359375 0.20416666666666666
0 0.2765625 0.2 0.234375 0.2 0.234375 0.35208333333333336 0.2765625 0.35208333333333336 0.2765625 0.2
0 0.734375 0.25833333333333336 0.6875 0.25833333333333336 0.6875 0.42916666666666664 0.734375 0.42916666666666664 0.734375 0.25833333333333336
0 0.6921875 0.2520833333333333 0.6484375 0.2520833333333333 0.6484375 0.42916666666666664 0.6921875 0.42916666666666664 0.6921875 0.2520833333333333
0 0.25625 0.7645833333333333 0.1875 0.7645833333333333 0.1875 0.9979166666666667 0.25625 0.9979166666666667 0.25625 0.7645833333333333
0 0.765625 0.49375 0.6921875 0.49375 0.6921875 0.75 0.765625 0.75 0.765625 0.49375
0 0.353125 0.19375 0.3140625 0.19375 0.3140625 0.33541666666666664 0.353125 0.33541666666666664 0.353125 0.19375