0 0.30625 0.06666666666666667 0.2828125 0.06666666666666667 0.2828125 0.14166666666666666 0.30625 0.14166666666666666 0.30625 0.06666666666666667
0 0.284375 0.07291666666666667 0.2625 0.07291666666666667 0.2625 0.15 0.284375 0.15 0.284375 0.07291666666666667
0 0.2703125 0.06666666666666667 0.2453125 0.06666666666666667 0.2453125 0.1625 0.2703125 0.1625 0.2703125 0.06666666666666667
0 0.2328125 0.0625 0.2046875 0.0625 0.2046875 0.15416666666666667 0.2328125 0.15416666666666667 0.2328125 0.0625
0 0.209375 0.07916666666666666 0.1875 0.07916666666666666 0.1875 0.16458333333333333 0.209375 0.16458333333333333 0.209375 0.07916666666666666
0 0.359375 0.11041666666666666 0.321875 0.11041666666666666 0.321875 0.23125 0.359375 0.23125 0.359375 0.11041666666666666
0 0.3296875 0.11458333333333333 0.2984375 0.11458333333333333 0.2984375 0.23333333333333334 0.3296875 0.23333333333333334 0.3296875 0.11458333333333333
0 0.7546875 0.07916666666666666 0.71875 0.07916666666666666 0.71875 0.20625 0.7546875 0.20625 0.7546875 0.07916666666666666
0 0.7765625 0.1 0.74375 0.1 0.74375 0.21458333333333332 0.7765625 0.21458333333333332 0.7765625 0.1
0 0.38125 0.79375 0.3140625 0.79375 0.3140625 0.9979166666666667 0.38125 0.9979166666666667 0.38125 0.79375
0 0.3453125 0.7333333333333333 0.290625 0.7333333333333333 0.290625 0.99375 0.3453125 0.99375 0.3453125 0.7333333333333333
0 0.2484375 0.1625 0.203125 0.1625 0.203125 0.28958333333333336 0.2484375 0.28958333333333336 0.2484375 0.1625
0 0.296875 0.14583333333333334 0.253125 0.14583333333333334 0.253125 0.2875 0.296875 0.2875 0.296875 0.14583333333333334
0 0.2609375 0.20625 0.19375 0.20625 0.19375 0.35 0.2609375 0.35 0.2609375 0.20625
0 0 0.8333333333333334 0.0296875 0.8333333333333334 0.0296875 0.625 0 0.625 0 0.8333333333333334
0 0.275 0.91875 0.203125 0.91875 0.203125 0.9916666666666667 0.275 0.9916666666666667 0.275 0.91875
0 0.334375 0.8854166666666666 0.2671875 0.8854166666666666 0.2671875 0.9979166666666667 0.334375 0.9979166666666667 0.334375 0.8854166666666666
0 0.48125 0.7604166666666666 0.40625 0.7604166666666666 0.40625 0.9958333333333333 0.48125 0.9958333333333333 0.48125 0.7604166666666666
0 0.9 0.8104166666666667 0.7984375 0.8104166666666667 0.7984375 0.9979166666666667 0.9 0.9979166666666667 0.9 0.8104166666666667
1 0.7296875 0.1375 0.703125 0.1375 0.703125 0.21458333333333332 0.7296875 0.21458333333333332 0.7296875 0.1375
2 0.4671875 0.4979166666666667 0.421875 0.4979166666666667 0.421875 0.6916666666666667 0.4671875 0.6916666666666667 0.4671875 0.4979166666666667
2 0.6484375 0.4708333333333333 0.546875 0.4708333333333333 0.546875 0.6291666666666667 0.6484375 0.6291666666666667 0.6484375 0.4708333333333333
2 0.64375 0.50625 0.5296875 0.50625 0.5296875 0.6729166666666667 0.64375 0.6729166666666667 0.64375 0.50625
2 0.5484375 0.5083333333333333 0.471875 0.5083333333333333 0.471875 0.7104166666666667 0.5484375 0.7104166666666667 0.5484375 0.5083333333333333