1 0.93125 0.55625 0.8625 0.55625 0.8625 0.7 0.93125 0.7 0.93125 0.55625
1 0.7375 0.8729166666666667 0.6921875 0.8729166666666667 0.6921875 0.9979166666666667 0.7375 0.9979166666666667 0.7375 0.8729166666666667
0 0.3265625 0.08333333333333333 0.290625 0.08333333333333333 0.290625 0.15833333333333333 0.3265625 0.15833333333333333 0.3265625 0.08333333333333333
0 0.2421875 0.06666666666666667 0.2203125 0.06666666666666667 0.2203125 0.14583333333333334 0.2421875 0.14583333333333334 0.2421875 0.06666666666666667
0 0.221875 0.06875 0.196875 0.06875 0.196875 0.15833333333333333 0.221875 0.15833333333333333 0.221875 0.06875
0 0.290625 0.125 0.253125 0.125 0.253125 0.23125 0.290625 0.23125 0.290625 0.125
0 0.25 0.13333333333333333 0.2125 0.13333333333333333 0.2125 0.23333333333333334 0.25 0.23333333333333334 0.25 0.13333333333333333
0 0.321875 0.16458333333333333 0.2875 0.16458333333333333 0.2875 0.29375 0.321875 0.29375 0.321875 0.16458333333333333
0 0.30625 0.20625 0.2609375 0.20625 0.2609375 0.34791666666666665 0.30625 0.34791666666666665 0.30625 0.20625
0 0.2703125 0.225 0.225 0.225 0.225 0.37083333333333335 0.2703125 0.37083333333333335 0.2703125 0.225
0 0.23125 0.25416666666666665 0.18125 0.25416666666666665 0.18125 0.42291666666666666 0.23125 0.42291666666666666 0.23125 0.25416666666666665
0 0.225 0.3229166666666667 0.178125 0.3229166666666667 0.178125 0.48125 0.225 0.48125 0.225 0.3229166666666667
0 0.209375 0.3229166666666667 0.159375 0.3229166666666667 0.159375 0.4979166666666667 0.209375 0.4979166666666667 0.209375 0.3229166666666667
0 0.175 0.41458333333333336 0.121875 0.41458333333333336 0.121875 0.6166666666666667 0.175 0.6166666666666667 0.175 0.41458333333333336
0 0.334375 0.74375 0.265625 0.74375 0.265625 0.9979166666666667 0.334375 0.9979166666666667 0.334375 0.74375
0 0.3875 0.7645833333333333 0.3125 0.7645833333333333 0.3125 0.9979166666666667 0.3875 0.9979166666666667 0.3875 0.7645833333333333
0 0.44375 0.7583333333333333 0.3703125 0.7583333333333333 0.3703125 0.9979166666666667 0.44375 0.9979166666666667 0.44375 0.7583333333333333
0 0.5109375 0.7833333333333333 0.4359375 0.7833333333333333 0.4359375 0.9979166666666667 0.5109375 0.9979166666666667 0.5109375 0.7833333333333333
0 0.5578125 0.73125 0.4953125 0.73125 0.4953125 0.9604166666666667 0.5578125 0.9604166666666667 0.5578125 0.73125
0 0.6984375 0.6541666666666667 0.6203125 0.6541666666666667 0.6203125 0.9583333333333334 0.6984375 0.9583333333333334 0.6984375 0.6541666666666667
0 0.9296875 0.4625 0.871875 0.4625 0.871875 0.6604166666666667 0.9296875 0.6604166666666667 0.9296875 0.4625
0 0.8671875 0.4791666666666667 0.809375 0.4791666666666667 0.809375 0.69375 0.8671875 0.69375 0.8671875 0.4791666666666667
2 0.6359375 0.475 0.559375 0.475 0.559375 0.6395833333333333 0.6359375 0.6395833333333333 0.6359375 0.475
2 0.615625 0.5020833333333333 0.5328125 0.5020833333333333 0.5328125 0.6770833333333334 0.615625 0.6770833333333334 0.615625 0.5020833333333333