0 0.515625 0.6145833333333334 0.4484375 0.6145833333333334 0.4484375 0.875 0.515625 0.875 0.515625 0.6145833333333334
0 0.2328125 0.05 0.203125 0.05 0.203125 0.16041666666666668 0.2328125 0.16041666666666668 0.2328125 0.05
0 0.203125 0.36666666666666664 0.1515625 0.36666666666666664 0.1515625 0.5416666666666666 0.203125 0.5416666666666666 0.203125 0.36666666666666664
0 0.2359375 0.13333333333333333 0.2 0.13333333333333333 0.2 0.27708333333333335 0.2359375 0.27708333333333335 0.2359375 0.13333333333333333
0 0.2546875 0.15625 0.2203125 0.15625 0.2203125 0.27708333333333335 0.2546875 0.27708333333333335 0.2546875 0.15625
0 0.634375 0.08333333333333333 0.5890625 0.08333333333333333 0.5890625 0.18125 0.634375 0.18125 0.634375 0.08333333333333333
0 0.6921875 0.06666666666666667 0.659375 0.06666666666666667 0.659375 0.15416666666666667 0.6921875 0.15416666666666667 0.6921875 0.06666666666666667
0 0.83125 0.5520833333333334 0.746875 0.5520833333333334 0.746875 0.86875 0.83125 0.86875 0.83125 0.5520833333333334
0 0.928125 0.90625 0.871875 0.90625 0.871875 0.99375 0.928125 0.99375 0.928125 0.90625
0 0.7421875 0.8541666666666666 0.6375 0.8541666666666666 0.6375 0.9979166666666667 0.7421875 0.9979166666666667 0.7421875 0.8541666666666666
0 0.4671875 0.7229166666666667 0.3953125 0.7229166666666667 0.3953125 0.9979166666666667 0.4671875 0.9979166666666667 0.4671875 0.7229166666666667
0 0.428125 0.7791666666666667 0.3546875 0.7791666666666667 0.3546875 0.9979166666666667 0.428125 0.9979166666666667 0.428125 0.7791666666666667
0 0.35625 0.7416666666666667 0.290625 0.7416666666666667 0.290625 0.9958333333333333 0.35625 0.9958333333333333 0.35625 0.7416666666666667
0 0.1609375 0.5166666666666667 0.078125 0.5166666666666667 0.078125 0.7604166666666666 0.1609375 0.7604166666666666 0.1609375 0.5166666666666667
1 0.29375 0.08125 0.265625 0.08125 0.265625 0.14166666666666666 0.29375 0.14166666666666666 0.29375 0.08125
1 0.8640625 0.9270833333333334 0.81875 0.9270833333333334 0.81875 0.9979166666666667 0.8640625 0.9979166666666667 0.8640625 0.9270833333333334
1 0.8 0.9520833333333333 0.7484375 0.9520833333333333 0.7484375 0.9979166666666667 0.8 0.9979166666666667 0.8 0.9520833333333333
1 0.7421875 0.625 0.6875 0.625 0.6875 0.83125 0.7421875 0.83125 0.7421875 0.625
2 0.6359375 0.4583333333333333 0.5296875 0.4583333333333333 0.5296875 0.61875 0.6359375 0.61875 0.6359375 0.4583333333333333
2 0.640625 0.5 0.5328125 0.5 0.5328125 0.6770833333333334 0.640625 0.6770833333333334 0.640625 0.5
2 0.5515625 0.51875 0.4734375 0.51875 0.4734375 0.7125 0.5515625 0.7125 0.5515625 0.51875