0 0.321875 0.08125 0.2890625 0.08125 0.2890625 0.1625 0.321875 0.1625 0.321875 0.08125
0 0.2546875 0.11666666666666667 0.2265625 0.11666666666666667 0.2265625 0.22708333333333333 0.2546875 0.22708333333333333 0.2546875 0.11666666666666667
0 0.3 0.17708333333333334 0.2671875 0.17708333333333334 0.2671875 0.31666666666666665 0.3 0.31666666666666665 0.3 0.17708333333333334
0 0.346875 0.22291666666666668 0.3046875 0.22291666666666668 0.3046875 0.38125 0.346875 0.38125 0.346875 0.22291666666666668
0 0.390625 0.25 0.3515625 0.25 0.3515625 0.3770833333333333 0.390625 0.3770833333333333 0.390625 0.25
2 0.5296875 0.5145833333333333 0.4796875 0.5145833333333333 0.4796875 0.69375 0.5296875 0.69375 0.5296875 0.5145833333333333
1 0.6171875 0.14375 0.5953125 0.14375 0.5953125 0.22916666666666666 0.6171875 0.22916666666666666 0.6171875 0.14375
0 0.6234375 0.1 0.5921875 0.1 0.5921875 0.22708333333333333 0.6234375 0.22708333333333333 0.6234375 0.1
0 0.7609375 0.18541666666666667 0.725 0.18541666666666667 0.725 0.3229166666666667 0.7609375 0.3229166666666667 0.7609375 0.18541666666666667
0 0.79375 0.18333333333333332 0.7609375 0.18333333333333332 0.7609375 0.3333333333333333 0.79375 0.3333333333333333 0.79375 0.18333333333333332
0 0.7359375 0.23958333333333334 0.6921875 0.23958333333333334 0.6921875 0.3770833333333333 0.7359375 0.3770833333333333 0.7359375 0.23958333333333334
0 0.6671875 0.225 0.621875 0.225 0.621875 0.3875 0.6671875 0.3875 0.6671875 0.225
0 0.696875 0.40208333333333335 0.6421875 0.40208333333333335 0.6421875 0.6041666666666666 0.696875 0.6041666666666666 0.696875 0.40208333333333335
0 0.753125 0.3875 0.6921875 0.3875 0.6921875 0.5979166666666667 0.753125 0.5979166666666667 0.753125 0.3875
0 0.9515625 0.8125 0.884375 0.8125 0.884375 0.9979166666666667 0.9515625 0.9979166666666667 0.9515625 0.8125
0 0.8765625 0.7916666666666666 0.7890625 0.7916666666666666 0.7890625 0.9979166666666667 0.8765625 0.9979166666666667 0.8765625 0.7916666666666666
0 0.7359375 0.69375 0.6796875 0.69375 0.6796875 0.9479166666666666 0.7359375 0.9479166666666666 0.7359375 0.69375
0 0.696875 0.8916666666666667 0.634375 0.8916666666666667 0.634375 0.9979166666666667 0.696875 0.9979166666666667 0.696875 0.8916666666666667
0 0.6046875 0.8875 0.534375 0.8875 0.534375 0.9979166666666667 0.6046875 0.9979166666666667 0.6046875 0.8875
0 0.596875 0.60625 0.5234375 0.60625 0.5234375 0.8979166666666667 0.596875 0.8979166666666667 0.596875 0.60625
0 0.2515625 0.6083333333333333 0.203125 0.6083333333333333 0.203125 0.8729166666666667 0.2515625 0.8729166666666667 0.2515625 0.6083333333333333
0 0.0859375 0.5833333333333334 0.0203125 0.5833333333333334 0.0203125 0.8041666666666667 0.0859375 0.8041666666666667 0.0859375 0.5833333333333334
1 0.2265625 0.14791666666666667 0.2 0.14791666666666667 0.2 0.23541666666666666 0.2265625 0.23541666666666666 0.2265625 0.14791666666666667
1 0 0.825 0.046875 0.825 0.046875 0.71875 0 0.71875 0 0.825
1 0.6453125 0.78125 0.6015625 0.78125 0.6015625 0.9479166666666666 0.6453125 0.9479166666666666 0.6453125 0.78125
0 0.8796875 0.45 0.821875 0.45 0.821875 0.6583333333333333 0.8796875 0.6583333333333333 0.8796875 0.45