0 0.353125 0.07708333333333334 0.3234375 0.07708333333333334 0.3234375 0.16666666666666666 0.353125 0.16666666666666666 0.353125 0.07708333333333334
0 0.303125 0.08541666666666667 0.28125 0.08541666666666667 0.28125 0.15625 0.303125 0.15625 0.303125 0.08541666666666667
0 0.2875 0.08541666666666667 0.2640625 0.08541666666666667 0.2640625 0.15416666666666667 0.2875 0.15416666666666667 0.2875 0.08541666666666667
0 0.2953125 0.15833333333333333 0.2703125 0.15833333333333333 0.2703125 0.25833333333333336 0.2953125 0.25833333333333336 0.2953125 0.15833333333333333
0 0.2828125 0.17083333333333334 0.253125 0.17083333333333334 0.253125 0.28125 0.2828125 0.28125 0.2828125 0.17083333333333334
1 0.31875 0.19375 0.2796875 0.19375 0.2796875 0.275 0.31875 0.275 0.31875 0.19375
2 0.215625 0.60625 0.1578125 0.60625 0.1578125 0.8520833333333333 0.215625 0.8520833333333333 0.215625 0.60625
0 0.253125 0.6395833333333333 0.1921875 0.6395833333333333 0.1921875 0.86875 0.253125 0.86875 0.253125 0.6395833333333333
0 0.0921875 0.49375 0.021875 0.49375 0.021875 0.7479166666666667 0.0921875 0.7479166666666667 0.0921875 0.49375
0 0.3078125 0.74375 0.25 0.74375 0.25 0.9958333333333333 0.3078125 0.9958333333333333 0.3078125 0.74375
0 0.55 0.5479166666666667 0.4984375 0.5479166666666667 0.4984375 0.7895833333333333 0.55 0.7895833333333333 0.55 0.5479166666666667
0 0.6765625 0.5479166666666667 0.5921875 0.5479166666666667 0.5921875 0.775 0.6765625 0.775 0.6765625 0.5479166666666667
0 0.7484375 0.3104166666666667 0.6984375 0.3104166666666667 0.6984375 0.48333333333333334 0.7484375 0.48333333333333334 0.7484375 0.3104166666666667
0 0.684375 0.2875 0.628125 0.2875 0.628125 0.47291666666666665 0.684375 0.47291666666666665 0.684375 0.2875