2 0.5984375 0.45 0.534375 0.45 0.534375 0.5541666666666667 0.5984375 0.5541666666666667 0.5984375 0.45
0 0.296875 0.08333333333333333 0.2765625 0.08333333333333333 0.2765625 0.15625 0.296875 0.15625 0.296875 0.08333333333333333
0 0.3625 0.07916666666666666 0.3265625 0.07916666666666666 0.3265625 0.16458333333333333 0.3625 0.16458333333333333 0.3625 0.07916666666666666
0 0.2390625 0.1 0.2140625 0.1 0.2140625 0.20208333333333334 0.2390625 0.20208333333333334 0.2390625 0.1
0 0.265625 0.10416666666666667 0.2359375 0.10416666666666667 0.2359375 0.19791666666666666 0.265625 0.19791666666666666 0.265625 0.10416666666666667
0 0.36875 0.15625 0.328125 0.15625 0.328125 0.26875 0.36875 0.26875 0.36875 0.15625
0 0.4578125 0.19375 0.4140625 0.19375 0.4140625 0.3020833333333333 0.4578125 0.3020833333333333 0.4578125 0.19375
0 0.415625 0.20833333333333334 0.378125 0.20833333333333334 0.378125 0.3458333333333333 0.415625 0.3458333333333333 0.415625 0.20833333333333334
2 0.375 0.21458333333333332 0.3359375 0.21458333333333332 0.3359375 0.35208333333333336 0.375 0.35208333333333336 0.375 0.21458333333333332
0 0.3 0.24791666666666667 0.2671875 0.24791666666666667 0.2671875 0.4 0.3 0.4 0.3 0.24791666666666667
0 0.2359375 0.25 0.1890625 0.25 0.1890625 0.40625 0.2359375 0.40625 0.2359375 0.25
0 0.2421875 0.3020833333333333 0.190625 0.3020833333333333 0.190625 0.475 0.2421875 0.475 0.2421875 0.3020833333333333
0 0.7890625 0.16041666666666668 0.7546875 0.16041666666666668 0.7546875 0.2833333333333333 0.7890625 0.2833333333333333 0.7890625 0.16041666666666668
0 0.790625 0.20208333333333334 0.74375 0.20208333333333334 0.74375 0.35 0.790625 0.35 0.790625 0.20208333333333334
2 0.7015625 0.18333333333333332 0.6625 0.18333333333333332 0.6625 0.32083333333333336 0.7015625 0.32083333333333336 0.7015625 0.18333333333333332
2 0.6703125 0.18958333333333333 0.6375 0.18958333333333333 0.6375 0.32083333333333336 0.6703125 0.32083333333333336 0.6703125 0.18958333333333333
2 0.4078125 0.46875 0.371875 0.46875 0.371875 0.5979166666666667 0.4078125 0.5979166666666667 0.4078125 0.46875
2 0.4171875 0.4895833333333333 0.3375 0.4895833333333333 0.3375 0.5791666666666667 0.4171875 0.5791666666666667 0.4171875 0.4895833333333333
0 0.55 0.5291666666666667 0.49375 0.5291666666666667 0.49375 0.6916666666666667 0.55 0.6916666666666667 0.55 0.5291666666666667
0 0.4859375 0.50625 0.434375 0.50625 0.434375 0.675 0.4859375 0.675 0.4859375 0.50625
0 0 0.83125 0.0578125 0.83125 0.0578125 0.5791666666666667 0 0.5791666666666667 0 0.83125
0 0.1953125 0.7041666666666667 0.140625 0.7041666666666667 0.140625 0.9583333333333334 0.1953125 0.9583333333333334 0.1953125 0.7041666666666667
0 0.246875 0.7 0.184375 0.7 0.184375 0.9708333333333333 0.246875 0.9708333333333333 0.246875 0.7
0 0.8125 0.825 0.73125 0.825 0.73125 0.9979166666666667 0.8125 0.9979166666666667 0.8125 0.825
0 0.5171875 0.6666666666666666 0.453125 0.6666666666666666 0.453125 0.91875 0.5171875 0.91875 0.5171875 0.6666666666666666
0 0.9046875 0.26458333333333334 0.871875 0.26458333333333334 0.871875 0.4354166666666667 0.9046875 0.4354166666666667 0.9046875 0.26458333333333334
0 0.93125 0.48541666666666666 0.8625 0.48541666666666666 0.8625 0.7333333333333333 0.93125 0.7333333333333333 0.93125 0.48541666666666666
0 0.8546875 0.5020833333333333 0.79375 0.5020833333333333 0.79375 0.75 0.8546875 0.75 0.8546875 0.5020833333333333
0 0.7625 0.4708333333333333 0.7078125 0.4708333333333333 0.7078125 0.6979166666666666 0.7625 0.6979166666666666 0.7625 0.4708333333333333