2 0.4734375 0.6291666666666667 0.434375 0.6291666666666667 0.434375 0.775 0.4734375 0.775 0.4734375 0.6291666666666667
0 0.3578125 0.08541666666666667 0.325 0.08541666666666667 0.325 0.15 0.3578125 0.15 0.3578125 0.08541666666666667
0 0.3203125 0.07708333333333334 0.29375 0.07708333333333334 0.29375 0.15 0.3203125 0.15 0.3203125 0.07708333333333334
0 0.2921875 0.08125 0.25 0.08125 0.25 0.15208333333333332 0.2921875 0.15208333333333332 0.2921875 0.08125
0 0.3828125 0.15833333333333333 0.346875 0.15833333333333333 0.346875 0.2916666666666667 0.3828125 0.2916666666666667 0.3828125 0.15833333333333333
0 0.4046875 0.19583333333333333 0.359375 0.19583333333333333 0.359375 0.35 0.4046875 0.35 0.4046875 0.19583333333333333
0 0.44375 0.175 0.40625 0.175 0.40625 0.33541666666666664 0.44375 0.33541666666666664 0.44375 0.175
0 0.35 0.16666666666666666 0.3109375 0.16666666666666666 0.3109375 0.3229166666666667 0.35 0.3229166666666667 0.35 0.16666666666666666
0 0.3328125 0.21458333333333332 0.2890625 0.21458333333333332 0.2890625 0.36875 0.3328125 0.36875 0.3328125 0.21458333333333332
0 0.3578125 0.28125 0.3078125 0.28125 0.3078125 0.45416666666666666 0.3578125 0.45416666666666666 0.3578125 0.28125
0 0.2703125 0.23958333333333334 0.2203125 0.23958333333333334 0.2203125 0.40208333333333335 0.2703125 0.40208333333333335 0.2703125 0.23958333333333334
0 0.1984375 0.2708333333333333 0.15625 0.2708333333333333 0.15625 0.43125 0.1984375 0.43125 0.1984375 0.2708333333333333
0 0.215625 0.30833333333333335 0.1671875 0.30833333333333335 0.1671875 0.48541666666666666 0.215625 0.48541666666666666 0.215625 0.30833333333333335
0 0.165625 0.31875 0.1125 0.31875 0.1125 0.50625 0.165625 0.50625 0.165625 0.31875
0 0.2515625 0.3416666666666667 0.1984375 0.3416666666666667 0.1984375 0.5479166666666667 0.2515625 0.5479166666666667 0.2515625 0.3416666666666667
0 0.2984375 0.35625 0.246875 0.35625 0.246875 0.54375 0.2984375 0.54375 0.2984375 0.35625
0 0.30625 0.725 0.2671875 0.725 0.2671875 0.9895833333333334 0.30625 0.9895833333333334 0.30625 0.725
0 0.39375 0.7625 0.334375 0.7625 0.334375 0.9979166666666667 0.39375 0.9979166666666667 0.39375 0.7625
0 0.35 0.7395833333333334 0.278125 0.7395833333333334 0.278125 0.9895833333333334 0.35 0.9895833333333334 0.35 0.7395833333333334
0 0.2453125 0.6791666666666667 0.2046875 0.6791666666666667 0.2046875 0.9416666666666667 0.2453125 0.9416666666666667 0.2453125 0.6791666666666667
0 0 0.7083333333333334 0.0625 0.7083333333333334 0.0625 0.46458333333333335 0 0.46458333333333335 0 0.7083333333333334
0 0.4203125 0.30833333333333335 0.3609375 0.30833333333333335 0.3609375 0.525 0.4203125 0.525 0.4203125 0.30833333333333335
0 0.7109375 0.1375 0.6765625 0.1375 0.6765625 0.2708333333333333 0.7109375 0.2708333333333333 0.7109375 0.1375
0 0.675 0.13125 0.646875 0.13125 0.646875 0.2791666666666667 0.675 0.2791666666666667 0.675 0.13125
0 0.784375 0.17291666666666666 0.7453125 0.17291666666666666 0.7453125 0.3145833333333333 0.784375 0.3145833333333333 0.784375 0.17291666666666666
0 0.7484375 0.17291666666666666 0.715625 0.17291666666666666 0.715625 0.3145833333333333 0.7484375 0.3145833333333333 0.7484375 0.17291666666666666
0 0.7296875 0.4395833333333333 0.66875 0.4395833333333333 0.66875 0.6479166666666667 0.7296875 0.6479166666666667 0.7296875 0.4395833333333333
0 0.628125 0.49583333333333335 0.5734375 0.49583333333333335 0.5734375 0.6583333333333333 0.628125 0.6583333333333333 0.628125 0.49583333333333335
0 0.9390625 0.5916666666666667 0.8484375 0.5916666666666667 0.8484375 0.8791666666666667 0.9390625 0.8791666666666667 0.9390625 0.5916666666666667
2 0.5421875 0.5145833333333333 0.4765625 0.5145833333333333 0.4765625 0.6916666666666667 0.5421875 0.6916666666666667 0.5421875 0.5145833333333333
2 0.725 0.31666666666666665 0.6609375 0.31666666666666665 0.6609375 0.49583333333333335 0.725 0.49583333333333335 0.725 0.31666666666666665