0 0.30625 0.07916666666666666 0.275 0.07916666666666666 0.275 0.15833333333333333 0.30625 0.15833333333333333 0.30625 0.07916666666666666
1 0.3265625 0.09375 0.296875 0.09375 0.296875 0.15416666666666667 0.3265625 0.15416666666666667 0.3265625 0.09375
2 0.465625 0.49375 0.4203125 0.49375 0.4203125 0.6958333333333333 0.465625 0.6958333333333333 0.465625 0.49375
1 0.2984375 0.33958333333333335 0.2484375 0.33958333333333335 0.2484375 0.4479166666666667 0.2984375 0.4479166666666667 0.2984375 0.33958333333333335
2 0.6578125 0.47291666666666665 0.546875 0.47291666666666665 0.546875 0.6458333333333334 0.6578125 0.6458333333333334 0.6578125 0.47291666666666665
0 0.21875 0.029166666666666667 0.1953125 0.029166666666666667 0.1953125 0.11666666666666667 0.21875 0.11666666666666667 0.21875 0.029166666666666667
2 0.6265625 0.50625 0.53125 0.50625 0.53125 0.66875 0.6265625 0.66875 0.6265625 0.50625
0 0.2890625 0.19583333333333333 0.2296875 0.19583333333333333 0.2296875 0.31666666666666665 0.2890625 0.31666666666666665 0.2890625 0.19583333333333333
2 0.540625 0.5166666666666667 0.4734375 0.5166666666666667 0.4734375 0.7 0.540625 0.7 0.540625 0.5166666666666667
0 0.2703125 0.2604166666666667 0.2203125 0.2604166666666667 0.2203125 0.42916666666666664 0.2703125 0.42916666666666664 0.2703125 0.2604166666666667
0 0.3140625 0.32708333333333334 0.2546875 0.32708333333333334 0.2546875 0.5604166666666667 0.3140625 0.5604166666666667 0.3140625 0.32708333333333334
0 0.3609375 0.3229166666666667 0.321875 0.3229166666666667 0.321875 0.425 0.3609375 0.425 0.3609375 0.3229166666666667
0 0.36875 0.3770833333333333 0.30625 0.3770833333333333 0.30625 0.5479166666666667 0.36875 0.5479166666666667 0.36875 0.3770833333333333
0 0.309375 0.43125 0.265625 0.43125 0.265625 0.575 0.309375 0.575 0.309375 0.43125
0 0.2390625 0.35208333333333336 0.184375 0.35208333333333336 0.184375 0.5458333333333333 0.2390625 0.5458333333333333 0.2390625 0.35208333333333336
0 0.146875 0.39166666666666666 0.08125 0.39166666666666666 0.08125 0.5854166666666667 0.146875 0.5854166666666667 0.146875 0.39166666666666666
0 0.259375 0.525 0.19375 0.525 0.19375 0.7729166666666667 0.259375 0.7729166666666667 0.259375 0.525
0 0.4109375 0.775 0.3375 0.775 0.3375 0.9979166666666667 0.4109375 0.9979166666666667 0.4109375 0.775
0 0.2703125 0.08958333333333333 0.240625 0.08958333333333333 0.240625 0.175 0.2703125 0.175 0.2703125 0.08958333333333333
0 0.628125 0.08333333333333333 0.603125 0.08333333333333333 0.603125 0.19583333333333333 0.628125 0.19583333333333333 0.628125 0.08333333333333333
0 0.73125 0.4354166666666667 0.671875 0.4354166666666667 0.671875 0.6375 0.73125 0.6375 0.73125 0.4354166666666667
0 0.7921875 0.41875 0.74375 0.41875 0.74375 0.68125 0.7921875 0.68125 0.7921875 0.41875
0 0.8546875 0.425 0.790625 0.425 0.790625 0.6916666666666667 0.8546875 0.6916666666666667 0.8546875 0.425