0 0.8546875 0.45 0.7984375 0.45 0.7984375 0.6520833333333333 0.8546875 0.6520833333333333 0.8546875 0.45
0 0.815625 0.45625 0.74375 0.45625 0.74375 0.6833333333333333 0.815625 0.6833333333333333 0.815625 0.45625
0 0.821875 0.26875 0.7625 0.26875 0.7625 0.42083333333333334 0.821875 0.42083333333333334 0.821875 0.26875
1 0.528125 0.9270833333333334 0.478125 0.9270833333333334 0.478125 0.9979166666666667 0.528125 0.9979166666666667 0.528125 0.9270833333333334
0 0.646875 0.19791666666666666 0.5953125 0.19791666666666666 0.5953125 0.3541666666666667 0.646875 0.3541666666666667 0.646875 0.19791666666666666
0 0.6859375 0.19583333333333333 0.6484375 0.19583333333333333 0.6484375 0.3541666666666667 0.6859375 0.3541666666666667 0.6859375 0.19583333333333333
0 0.478125 0.7375 0.39375 0.7375 0.39375 0.9708333333333333 0.478125 0.9708333333333333 0.478125 0.7375
0 0.4703125 0.7854166666666667 0.4 0.7854166666666667 0.4 0.9979166666666667 0.4703125 0.9979166666666667 0.4703125 0.7854166666666667
0 0.3203125 0.7354166666666667 0.246875 0.7354166666666667 0.246875 0.98125 0.3203125 0.98125 0.3203125 0.7354166666666667
0 0.3203125 0.7875 0.2546875 0.7875 0.2546875 0.9979166666666667 0.3203125 0.9979166666666667 0.3203125 0.7875
0 0.4046875 0.74375 0.3109375 0.74375 0.3109375 0.9979166666666667 0.4046875 0.9979166666666667 0.4046875 0.74375
0 0.3265625 0.0875 0.2875 0.0875 0.2875 0.16041666666666668 0.3265625 0.16041666666666668 0.3265625 0.0875
0 0.259375 0.12708333333333333 0.221875 0.12708333333333333 0.221875 0.23541666666666666 0.259375 0.23541666666666666 0.259375 0.12708333333333333
0 0.215625 0.12916666666666668 0.178125 0.12916666666666668 0.178125 0.24375 0.215625 0.24375 0.215625 0.12916666666666668
0 0.321875 0.20208333333333334 0.275 0.20208333333333334 0.275 0.35208333333333336 0.321875 0.35208333333333336 0.321875 0.20208333333333334
0 0.2734375 0.21458333333333332 0.225 0.21458333333333332 0.225 0.3625 0.2734375 0.3625 0.2734375 0.21458333333333332
0 0.2296875 0.22708333333333333 0.190625 0.22708333333333333 0.190625 0.37083333333333335 0.2296875 0.37083333333333335 0.2296875 0.22708333333333333
0 0.253125 0.375 0.2078125 0.375 0.2078125 0.56875 0.253125 0.56875 0.253125 0.375
0 0.1828125 0.3729166666666667 0.121875 0.3729166666666667 0.121875 0.5895833333333333 0.1828125 0.5895833333333333 0.1828125 0.3729166666666667
0 0.584375 0.8666666666666667 0.515625 0.8666666666666667 0.515625 0.9979166666666667 0.584375 0.9979166666666667 0.584375 0.8666666666666667
0 0.60625 0.6270833333333333 0.5453125 0.6270833333333333 0.5453125 0.9208333333333333 0.60625 0.9208333333333333 0.60625 0.6270833333333333
0 0.521875 0.5708333333333333 0.446875 0.5708333333333333 0.446875 0.8041666666666667 0.521875 0.8041666666666667 0.521875 0.5708333333333333
0 0.871875 0.2604166666666667 0.8234375 0.2604166666666667 0.8234375 0.42291666666666666 0.871875 0.42291666666666666 0.871875 0.2604166666666667
0 0.7421875 0.42083333333333334 0.6921875 0.42083333333333334 0.6921875 0.6395833333333333 0.7421875 0.6395833333333333 0.7421875 0.42083333333333334
0 0.69375 0.39375 0.6484375 0.39375 0.6484375 0.6166666666666667 0.69375 0.6166666666666667 0.69375 0.39375
0 0.953125 0.42083333333333334 0.8890625 0.42083333333333334 0.8890625 0.65 0.953125 0.65 0.953125 0.42083333333333334
0 0.8421875 0.5520833333333334 0.775 0.5520833333333334 0.775 0.80625 0.8421875 0.80625 0.8421875 0.5520833333333334
0 0.896875 0.5291666666666667 0.8390625 0.5291666666666667 0.8390625 0.7854166666666667 0.896875 0.7854166666666667 0.896875 0.5291666666666667
2 0.6421875 0.47708333333333336 0.5734375 0.47708333333333336 0.5734375 0.6354166666666666 0.6421875 0.6354166666666666 0.6421875 0.47708333333333336
2 0.621875 0.5041666666666667 0.5390625 0.5041666666666667 0.5390625 0.6604166666666667 0.621875 0.6604166666666667 0.621875 0.5041666666666667