0 0.1984375 0.04791666666666667 0.1703125 0.04791666666666667 0.1703125 0.13541666666666666 0.1984375 0.13541666666666666 0.1984375 0.04791666666666667
0 0.24375 0.04791666666666667 0.2171875 0.04791666666666667 0.2171875 0.1375 0.24375 0.1375 0.24375 0.04791666666666667
0 0.21875 0.052083333333333336 0.1984375 0.052083333333333336 0.1984375 0.13958333333333334 0.21875 0.13958333333333334 0.21875 0.052083333333333336
0 0.9046875 0.26458333333333334 0.8609375 0.26458333333333334 0.8609375 0.45 0.9046875 0.45 0.9046875 0.26458333333333334
0 0.859375 0.2833333333333333 0.8015625 0.2833333333333333 0.8015625 0.4625 0.859375 0.4625 0.859375 0.2833333333333333
0 0.8015625 0.29583333333333334 0.7625 0.29583333333333334 0.7625 0.47291666666666665 0.8015625 0.47291666666666665 0.8015625 0.29583333333333334
0 0.815625 0.21666666666666667 0.7734375 0.21666666666666667 0.7734375 0.37083333333333335 0.815625 0.37083333333333335 0.815625 0.21666666666666667
0 0.71875 0.29791666666666666 0.68125 0.29791666666666666 0.68125 0.47291666666666665 0.71875 0.47291666666666665 0.71875 0.29791666666666666
0 0.7390625 0.21666666666666667 0.7 0.21666666666666667 0.7 0.37916666666666665 0.7390625 0.37916666666666665 0.7390625 0.21666666666666667
0 0.7234375 0.24166666666666667 0.68125 0.24166666666666667 0.68125 0.38958333333333334 0.7234375 0.38958333333333334 0.7234375 0.24166666666666667
0 0.6953125 0.22291666666666668 0.646875 0.22291666666666668 0.646875 0.4 0.6953125 0.4 0.6953125 0.22291666666666668
0 0.6671875 0.27291666666666664 0.6140625 0.27291666666666664 0.6140625 0.46458333333333335 0.6671875 0.46458333333333335 0.6671875 0.27291666666666664
0 0.6390625 0.0875 0.6078125 0.0875 0.6078125 0.1875 0.6390625 0.1875 0.6390625 0.0875
0 0.6171875 0.09375 0.59375 0.09375 0.59375 0.19166666666666668 0.6171875 0.19166666666666668 0.6171875 0.09375
0 0.2796875 0.12083333333333333 0.25 0.12083333333333333 0.25 0.23333333333333334 0.2796875 0.23333333333333334 0.2796875 0.12083333333333333
0 0.2515625 0.12916666666666668 0.225 0.12916666666666668 0.225 0.2375 0.2515625 0.2375 0.2515625 0.12916666666666668
0 0.2703125 0.16666666666666666 0.234375 0.16666666666666666 0.234375 0.29583333333333334 0.2703125 0.29583333333333334 0.2703125 0.16666666666666666
0 0.38125 0.36666666666666664 0.3421875 0.36666666666666664 0.3421875 0.5645833333333333 0.38125 0.5645833333333333 0.38125 0.36666666666666664
0 0.3546875 0.40208333333333335 0.3109375 0.40208333333333335 0.3109375 0.5708333333333333 0.3546875 0.5708333333333333 0.3546875 0.40208333333333335
0 0.2671875 0.33958333333333335 0.2140625 0.33958333333333335 0.2140625 0.5395833333333333 0.2671875 0.5395833333333333 0.2671875 0.33958333333333335
0 0.215625 0.35625 0.1734375 0.35625 0.1734375 0.525 0.215625 0.525 0.215625 0.35625
0 0.15 0.36666666666666664 0.1046875 0.36666666666666664 0.1046875 0.55625 0.15 0.55625 0.15 0.36666666666666664
0 0.0796875 0.5208333333333334 0.015625 0.5208333333333334 0.015625 0.7625 0.0796875 0.7625 0.0796875 0.5208333333333334
0 0.13125 0.5583333333333333 0.0765625 0.5583333333333333 0.0765625 0.7770833333333333 0.13125 0.7770833333333333 0.13125 0.5583333333333333
0 0.3796875 0.7854166666666667 0.29375 0.7854166666666667 0.29375 0.9979166666666667 0.3796875 0.9979166666666667 0.3796875 0.7854166666666667
0 0.49375 0.6 0.428125 0.6 0.428125 0.83125 0.49375 0.83125 0.49375 0.6
2 0.253125 0.45625 0.18125 0.45625 0.18125 0.6979166666666666 0.253125 0.6979166666666666 0.253125 0.45625
2 0.084375 0.45 0.0328125 0.45 0.0328125 0.6416666666666667 0.084375 0.6416666666666667 0.084375 0.45
1 0.765625 0.29791666666666666 0.74375 0.29791666666666666 0.74375 0.38125 0.765625 0.38125 0.765625 0.29791666666666666
1 0.3203125 0.4875 0.29375 0.4875 0.29375 0.5770833333333333 0.3203125 0.5770833333333333 0.3203125 0.4875