2 0.640625 0.4708333333333333 0.546875 0.4708333333333333 0.546875 0.6229166666666667 0.640625 0.6229166666666667 0.640625 0.4708333333333333
2 0.653125 0.4979166666666667 0.5328125 0.4979166666666667 0.5328125 0.66875 0.653125 0.66875 0.653125 0.4979166666666667
2 0.5453125 0.51875 0.4765625 0.51875 0.4765625 0.6895833333333333 0.5453125 0.6895833333333333 0.5453125 0.51875
0 0.3328125 0.08333333333333333 0.3015625 0.08333333333333333 0.3015625 0.15833333333333333 0.3328125 0.15833333333333333 0.3328125 0.08333333333333333
0 0.221875 0.052083333333333336 0.1890625 0.052083333333333336 0.1890625 0.13333333333333333 0.221875 0.13333333333333333 0.221875 0.052083333333333336
0 0.6171875 0.11041666666666666 0.5828125 0.11041666666666666 0.5828125 0.25833333333333336 0.6171875 0.25833333333333336 0.6171875 0.11041666666666666
0 0.6640625 0.11666666666666667 0.6203125 0.11666666666666667 0.6203125 0.25416666666666665 0.6640625 0.25416666666666665 0.6640625 0.11666666666666667
0 0.703125 0.12291666666666666 0.6625 0.12291666666666666 0.6625 0.24583333333333332 0.703125 0.24583333333333332 0.703125 0.12291666666666666
0 0.1765625 0.42083333333333334 0.1125 0.42083333333333334 0.1125 0.625 0.1765625 0.625 0.1765625 0.42083333333333334
0 0.440625 0.79375 0.3515625 0.79375 0.3515625 0.9979166666666667 0.440625 0.9979166666666667 0.440625 0.79375
0 0.5359375 0.6416666666666667 0.4375 0.6416666666666667 0.4375 0.90625 0.5359375 0.90625 0.5359375 0.6416666666666667
0 0.66875 0.7270833333333333 0.5875 0.7270833333333333 0.5875 0.9979166666666667 0.66875 0.9979166666666667 0.66875 0.7270833333333333
0 0.7453125 0.73125 0.6671875 0.73125 0.6671875 0.9979166666666667 0.7453125 0.9979166666666667 0.7453125 0.73125
0 0.9546875 0.5666666666666667 0.875 0.5666666666666667 0.875 0.8083333333333333 0.9546875 0.8083333333333333 0.9546875 0.5666666666666667
0 0.878125 0.5354166666666667 0.8234375 0.5354166666666667 0.8234375 0.7854166666666667 0.878125 0.7854166666666667 0.878125 0.5354166666666667