0 0.3234375 0.07916666666666666 0.290625 0.07916666666666666 0.290625 0.15833333333333333 0.3234375 0.15833333333333333 0.3234375 0.07916666666666666
0 0.2921875 0.07708333333333334 0.2703125 0.07708333333333334 0.2703125 0.13958333333333334 0.2921875 0.13958333333333334 0.2921875 0.07708333333333334
0 0.34375 0.74375 0.26875 0.74375 0.26875 0.9479166666666666 0.34375 0.9479166666666666 0.34375 0.74375
0 0.40625 0.775 0.3375 0.775 0.3375 0.9979166666666667 0.40625 0.9979166666666667 0.40625 0.775
0 0.271875 0.10208333333333333 0.2421875 0.10208333333333333 0.2421875 0.20416666666666666 0.271875 0.20416666666666666 0.271875 0.10208333333333333
0 0.3796875 0.25833333333333336 0.328125 0.25833333333333336 0.328125 0.4395833333333333 0.3796875 0.4395833333333333 0.3796875 0.25833333333333336
0 0.325 0.2791666666666667 0.284375 0.2791666666666667 0.284375 0.44375 0.325 0.44375 0.325 0.2791666666666667
0 0.296875 0.7458333333333333 0.215625 0.7458333333333333 0.215625 0.9979166666666667 0.296875 0.9979166666666667 0.296875 0.7458333333333333
0 0.4171875 0.4791666666666667 0.365625 0.4791666666666667 0.365625 0.55 0.4171875 0.55 0.4171875 0.4791666666666667
0 0.6375 0.48333333333333334 0.56875 0.48333333333333334 0.56875 0.6520833333333333 0.6375 0.6520833333333333 0.6375 0.48333333333333334
0 0.675 0.4 0.628125 0.4 0.628125 0.6020833333333333 0.675 0.6020833333333333 0.675 0.4
0 0.7515625 0.4 0.696875 0.4 0.696875 0.6125 0.7515625 0.6125 0.7515625 0.4
0 0.8546875 0.37916666666666665 0.803125 0.37916666666666665 0.803125 0.5979166666666667 0.8546875 0.5979166666666667 0.8546875 0.37916666666666665
2 0.0921875 0.50625 0.021875 0.50625 0.021875 0.7541666666666667 0.0921875 0.7541666666666667 0.0921875 0.50625
2 0.5375 0.5125 0.46875 0.5125 0.46875 0.7 0.5375 0.7 0.5375 0.5125
1 0.9140625 0.46875 0.85 0.46875 0.85 0.6041666666666666 0.9140625 0.6041666666666666 0.9140625 0.46875