2 0.2765625 0.1 0.24375 0.1 0.24375 0.21041666666666667 0.2765625 0.21041666666666667 0.2765625 0.1
2 0.625 0.5020833333333333 0.5515625 0.5020833333333333 0.5515625 0.68125 0.625 0.68125 0.625 0.5020833333333333
2 0.6453125 0.47291666666666665 0.575 0.47291666666666665 0.575 0.64375 0.6453125 0.64375 0.6453125 0.47291666666666665
0 0.3234375 0.08333333333333333 0.2921875 0.08333333333333333 0.2921875 0.15833333333333333 0.3234375 0.15833333333333333 0.3234375 0.08333333333333333
0 0.246875 0.12291666666666666 0.209375 0.12291666666666666 0.209375 0.24583333333333332 0.246875 0.24583333333333332 0.246875 0.12291666666666666
0 0.484375 0.5333333333333333 0.428125 0.5333333333333333 0.428125 0.70625 0.484375 0.70625 0.484375 0.5333333333333333
0 0.553125 0.525 0.4984375 0.525 0.4984375 0.6979166666666666 0.553125 0.6979166666666666 0.553125 0.525
0 0.15625 0.43125 0.1078125 0.43125 0.1078125 0.64375 0.15625 0.64375 0.15625 0.43125
0 0.19375 0.4270833333333333 0.1375 0.4270833333333333 0.1375 0.6645833333333333 0.19375 0.6645833333333333 0.19375 0.4270833333333333
0 0.190625 0.73125 0.1234375 0.73125 0.1234375 0.9979166666666667 0.190625 0.9979166666666667 0.190625 0.73125
0 0.2515625 0.7291666666666666 0.1796875 0.7291666666666666 0.1796875 0.9979166666666667 0.2515625 0.9979166666666667 0.2515625 0.7291666666666666