1 0.49375 0.6027777777777777 0.046875 0.14444444444444443
0 0.84140625 0.5416666666666666 0.0546875 0.24027777777777778
2 0.871875 0.49166666666666664 0.03671875 0.1875
0 0.759375 0.40555555555555556 0.03359375 0.14583333333333334
0 0.6984375 0.4 0.02421875 0.13194444444444445
0 0.5546875 0.2833333333333333 0.01015625 0.0625
0 0.5765625 0.2861111111111111 0.009375 0.05555555555555555
0 0.603125 0.3111111111111111 0.01171875 0.07083333333333333
0 0.58984375 0.31666666666666665 0.0140625 0.05138888888888889
0 0.6734375 0.3125 0.01484375 0.075
0 0.68984375 0.29583333333333334 0.0140625 0.058333333333333334
0 0.79296875 0.26666666666666666 0.0078125 0.044444444444444446
0 0.8015625 0.26944444444444443 0.00703125 0.05
0 0.83046875 0.25555555555555554 0.0109375 0.04027777777777778
0 0.8765625 0.2513888888888889 0.00859375 0.030555555555555555