1 0.7640625 0.2972222222222222 0.01328125 0.05
2 0.14375 0.6291666666666667 0.07890625 0.2361111111111111
0 0.36328125 0.6388888888888888 0.0671875 0.2722222222222222
0 0.4 0.6777777777777778 0.07265625 0.3013888888888889
0 0.5453125 0.5097222222222222 0.05859375 0.21944444444444444
0 0.553125 0.5486111111111112 0.075 0.23055555555555557
0 0.6125 0.42777777777777776 0.03046875 0.1736111111111111
0 0.5609375 0.37083333333333335 0.02578125 0.125
0 0.57421875 0.3194444444444444 0.0140625 0.05555555555555555
0 0.94453125 0.2638888888888889 0.0109375 0.04583333333333333
0 0.95625 0.26666666666666666 0.00859375 0.04583333333333333
0 0.9640625 0.26944444444444443 0.01015625 0.044444444444444446
0 0.975 0.2722222222222222 0.00859375 0.044444444444444446
0 0.7546875 0.28888888888888886 0.01015625 0.05555555555555555
0 0.74765625 0.2833333333333333 0.0109375 0.059722222222222225
0 0.85625 0.2611111111111111 0.00703125 0.0375
0 0.865625 0.25277777777777777 0.00859375 0.034722222222222224