1 0.6359375 0.7763888888888889 0.07265625 0.24722222222222223
1 0.5859375 0.6388888888888888 0.04921875 0.25972222222222224
0 0.62421875 0.6652777777777777 0.0703125 0.325
0 0.34921875 0.5125 0.0546875 0.20833333333333334
0 0.1375 0.5388888888888889 0.06484375 0.19583333333333333
0 0.4046875 0.3347222222222222 0.02265625 0.09166666666666666
0 0.5 0.3277777777777778 0.01640625 0.0763888888888889
0 0.590625 0.3194444444444444 0.015625 0.05416666666666667
0 0.73515625 0.3611111111111111 0.0234375 0.11666666666666667
0 0.82734375 0.375 0.0234375 0.10555555555555556
0 0.95390625 0.325 0.0234375 0.08194444444444444
0 0.67890625 0.275 0.0078125 0.043055555555555555
0 0.66953125 0.275 0.0078125 0.04583333333333333
0 0.75 0.30833333333333335 0.009375 0.06805555555555555
0 0.7390625 0.30833333333333335 0.0125 0.0763888888888889