1 0.11484375 0.8027777777777778 0.0859375 0.22777777777777777
0 0.27578125 0.5416666666666666 0.0671875 0.24027777777777778
0 0.425 0.6694444444444444 0.04921875 0.2902777777777778
0 0.428125 0.5541666666666667 0.05078125 0.20833333333333334
0 0.65703125 0.3388888888888889 0.0203125 0.09861111111111111
0 0.7328125 0.3333333333333333 0.02265625 0.09027777777777778
0 0.79140625 0.38333333333333336 0.0328125 0.11666666666666667
0 0.5703125 0.29444444444444445 0.00859375 0.05555555555555555
0 0.5765625 0.2916666666666667 0.00859375 0.05555555555555555
0 0.896875 0.30277777777777776 0.01875 0.0763888888888889
0 0.909375 0.3138888888888889 0.01640625 0.07222222222222222
0 0.9265625 0.31666666666666665 0.01484375 0.07361111111111111