1 0.36015625 0.9277777777777778 0.0671875 0.14444444444444443
1 0.3015625 0.7916666666666666 0.084375 0.2875
0 0.48203125 0.4222222222222222 0.0328125 0.15694444444444444
0 0.3765625 0.8013888888888889 0.103125 0.33611111111111114
0 0.0296875 0.5333333333333333 0.05625 0.18472222222222223
0 0.4015625 0.33611111111111114 0.01953125 0.09305555555555556
0 0.78359375 0.4013888888888889 0.0328125 0.1361111111111111
0 0.67890625 0.37777777777777777 0.0265625 0.12777777777777777
0 0.934375 0.31527777777777777 0.01640625 0.075
0 0.9609375 0.325 0.01796875 0.09027777777777778
0 0.7453125 0.2972222222222222 0.0125 0.06805555555555555
0 0.753125 0.3 0.01328125 0.06527777777777778
0 0.6890625 0.26944444444444443 0.00625 0.034722222222222224
0 0.5015625 0.32916666666666666 0.01171875 0.075