1 0.409375 0.33611111111111114 0.01328125 0.07361111111111111
0 0.73515625 0.45555555555555555 0.0390625 0.17222222222222222
0 0.603125 0.4041666666666667 0.028125 0.1527777777777778
0 0.559375 0.37777777777777777 0.02734375 0.12083333333333333
0 0.496875 0.325 0.01484375 0.07083333333333333
0 0.40234375 0.3347222222222222 0.0140625 0.09722222222222222
0 0.0265625 0.5291666666666667 0.053125 0.175
0 0.9296875 0.30694444444444446 0.01484375 0.08055555555555556
0 0.959375 0.3055555555555556 0.01328125 0.07361111111111111
0 0.9703125 0.30277777777777776 0.0125 0.0763888888888889
0 0.74765625 0.29305555555555557 0.0109375 0.06388888888888888
0 0.75625 0.2972222222222222 0.009375 0.05555555555555555
0 0.6984375 0.26666666666666666 0.00703125 0.029166666666666667
0 0.690625 0.26944444444444443 0.00703125 0.0375