1 0.33515625 0.6027777777777777 0.0421875 0.21805555555555556
0 0.2796875 0.5944444444444444 0.08046875 0.25972222222222224
0 0.30078125 0.5305555555555556 0.0546875 0.2513888888888889
0 0.4046875 0.48333333333333334 0.03671875 0.17777777777777778
0 0.4078125 0.44722222222222224 0.046875 0.17222222222222222
2 0.7984375 0.4986111111111111 0.04453125 0.18055555555555555
0 0.41875 0.9041666666666667 0.11640625 0.19166666666666668
0 0.8359375 0.35138888888888886 0.01953125 0.08611111111111111
0 0.8515625 0.35694444444444445 0.01796875 0.08611111111111111
0 0.875 0.3638888888888889 0.01875 0.09027777777777778
0 0.89765625 0.38055555555555554 0.0234375 0.09305555555555556
0 0.9296875 0.4513888888888889 0.04140625 0.1361111111111111
0 0.55078125 0.3 0.0140625 0.05694444444444444
0 0.73203125 0.3055555555555556 0.0140625 0.07361111111111111
0 0.753125 0.28888888888888886 0.01328125 0.05416666666666667
0 0.7390625 0.2972222222222222 0.01171875 0.06527777777777778
0 0.765625 0.2916666666666667 0.0125 0.05416666666666667
0 0.9203125 0.30277777777777776 0.01953125 0.0763888888888889
0 0.8734375 0.29583333333333334 0.01171875 0.058333333333333334
0 0.890625 0.3055555555555556 0.01328125 0.0625
0 0.96171875 0.2791666666666667 0.0140625 0.058333333333333334
0 0.97578125 0.28055555555555556 0.0140625 0.06111111111111111
0 0.94765625 0.24722222222222223 0.0078125 0.043055555555555555
0 0.90625 0.29444444444444445 0.01953125 0.06805555555555555
0 0.9578125 0.25 0.01015625 0.03888888888888889