1 0.75703125 0.2972222222222222 0.0140625 0.05694444444444444
2 0.0765625 0.8333333333333334 0.13671875 0.32916666666666666
2 0.390625 0.5986111111111111 0.05703125 0.25833333333333336
2 0.40390625 0.5291666666666667 0.0546875 0.2361111111111111
0 0.54609375 0.5291666666666667 0.0390625 0.23055555555555557
0 0.590625 0.5541666666666667 0.05 0.23055555555555557
0 0.72421875 0.5083333333333333 0.0640625 0.20416666666666666
0 0.71640625 0.48333333333333334 0.0453125 0.19027777777777777
0 0.625 0.3486111111111111 0.03046875 0.10833333333333334
0 0.56796875 0.3194444444444444 0.0171875 0.05
0 0.7328125 0.2916666666666667 0.01328125 0.06111111111111111
0 0.74375 0.2972222222222222 0.01171875 0.06527777777777778
0 0.93515625 0.26666666666666666 0.0109375 0.05138888888888889
0 0.94609375 0.26944444444444443 0.0109375 0.044444444444444446
0 0.95859375 0.2722222222222222 0.0109375 0.04861111111111111
0 0.971875 0.2763888888888889 0.01640625 0.04722222222222222
0 0.9609375 0.24444444444444444 0.01171875 0.05
0 0.9734375 0.24444444444444444 0.01328125 0.04861111111111111
0 0.8734375 0.25833333333333336 0.01015625 0.034722222222222224
0 0.85703125 0.2569444444444444 0.0109375 0.041666666666666664
0 0.80546875 0.25833333333333336 0.0078125 0.04027777777777778
0 0.8328125 0.2611111111111111 0.00703125 0.03333333333333333