1 0.378125 0.3416666666666667 0.015625 0.07916666666666666
0 0.3890625 0.33611111111111114 0.01953125 0.0875
0 0.49765625 0.325 0.0171875 0.07361111111111111
2 0.59453125 0.5583333333333333 0.0703125 0.2569444444444444
2 0.6859375 0.6263888888888889 0.06171875 0.2916666666666667
0 0.21953125 0.4027777777777778 0.0234375 0.1111111111111111
0 0.11953125 0.6263888888888889 0.0890625 0.25833333333333336
0 0.5875 0.3194444444444444 0.01640625 0.05138888888888889
0 0.703125 0.31666666666666665 0.015625 0.07361111111111111
0 0.9390625 0.2777777777777778 0.01171875 0.059722222222222225
0 0.96796875 0.2722222222222222 0.0109375 0.05694444444444444
0 0.97734375 0.27361111111111114 0.0109375 0.058333333333333334