1 0.9078125 0.29444444444444445 0.01171875 0.05694444444444444
1 0.978125 0.2777777777777778 0.009375 0.02638888888888889
1 0.984375 0.4722222222222222 0.03125 0.10555555555555556
0 0.26953125 0.7222222222222222 0.0921875 0.36666666666666664
0 0.16640625 0.5013888888888889 0.0390625 0.1527777777777778
0 0.33515625 0.9277777777777778 0.0953125 0.14027777777777778
0 0.83046875 0.3486111111111111 0.0234375 0.09166666666666666
0 0.73125 0.2861111111111111 0.0125 0.059722222222222225
0 0.65859375 0.2916666666666667 0.0140625 0.0625
0 0.57109375 0.3194444444444444 0.0109375 0.043055555555555555
0 0.934375 0.2638888888888889 0.0125 0.05
0 0.96953125 0.26944444444444443 0.0109375 0.05416666666666667
0 0.83125 0.2611111111111111 0.00703125 0.03194444444444444