1 0.596875 0.33055555555555555 0.01796875 0.05416666666666667
2 0.4390625 0.5833333333333334 0.0625 0.2986111111111111
0 0.78359375 0.7722222222222223 0.0828125 0.45555555555555555
1 0.684375 0.9055555555555556 0.09453125 0.1375
2 0.85625 0.49583333333333335 0.05859375 0.18611111111111112
2 0.803125 0.4930555555555556 0.04375 0.18055555555555555
0 0.79375 0.48055555555555557 0.040625 0.19305555555555556
0 0.94921875 0.5 0.0546875 0.19444444444444445
0 0.75703125 0.3263888888888889 0.0234375 0.09722222222222222
0 0.79296875 0.33055555555555555 0.0234375 0.08194444444444444
0 0.925 0.3138888888888889 0.021875 0.08194444444444444
0 0.3875 0.34444444444444444 0.01953125 0.09027777777777778
0 0.6421875 0.30833333333333335 0.01484375 0.07777777777777778
0 0.6625 0.30833333333333335 0.01328125 0.07222222222222222