1 0.290625 0.375 0.01953125 0.08194444444444444
1 0.3234375 0.3625 0.01796875 0.075
0 0.309375 0.36666666666666664 0.02109375 0.09583333333333334
0 0.3375 0.35555555555555557 0.02421875 0.08472222222222223
0 0.5859375 0.3194444444444444 0.01640625 0.04583333333333333
0 0.6046875 0.3138888888888889 0.0125 0.0625
0 0.75625 0.2902777777777778 0.0125 0.05277777777777778
0 0.8734375 0.25833333333333336 0.00859375 0.034722222222222224
0 0.79375 0.2638888888888889 0.00703125 0.044444444444444446
0 0.7984375 0.26666666666666666 0.00625 0.03888888888888889
0 0.9578125 0.2638888888888889 0.01015625 0.05
0 0.971875 0.2638888888888889 0.01171875 0.05138888888888889