1 0.7671875 0.3111111111111111 0.01015625 0.04861111111111111
0 0.64453125 0.5125 0.0546875 0.19166666666666668
0 0.70625 0.5305555555555556 0.04765625 0.22083333333333333
0 0.815625 0.5583333333333333 0.03828125 0.2513888888888889
2 0.78046875 0.6472222222222223 0.0703125 0.30694444444444446
1 0.6640625 0.4 0.02109375 0.06527777777777778
0 0.6734375 0.43194444444444446 0.0375 0.19166666666666668
0 0.57265625 0.325 0.0171875 0.0763888888888889
0 0.69765625 0.3013888888888889 0.0109375 0.06944444444444445
0 0.73046875 0.3055555555555556 0.0171875 0.07222222222222222
0 0.721875 0.3 0.0125 0.06666666666666667
0 0.8078125 0.29444444444444445 0.00859375 0.05555555555555555
0 0.79765625 0.29444444444444445 0.0109375 0.05
0 0.75703125 0.2833333333333333 0.0109375 0.05