1 0.940625 0.26666666666666666 0.00625 0.027777777777777776
2 0.45078125 0.8333333333333334 0.0796875 0.3333333333333333
0 0.71953125 0.7638888888888888 0.0921875 0.36527777777777776
0 0.7015625 0.46111111111111114 0.04765625 0.18333333333333332
0 0.84296875 0.5013888888888889 0.0546875 0.20277777777777778
0 0.8734375 0.5125 0.059375 0.225
0 0.92890625 0.4666666666666667 0.0390625 0.16111111111111112
0 0.75 0.37777777777777777 0.02578125 0.1125
0 0.7734375 0.3861111111111111 0.025 0.12638888888888888
0 0.7953125 0.4013888888888889 0.03203125 0.11944444444444445
0 0.8234375 0.41944444444444445 0.02890625 0.1375
0 0.55078125 0.3055555555555556 0.0140625 0.05694444444444444
0 0.696875 0.2902777777777778 0.01328125 0.06388888888888888
0 0.71484375 0.28888888888888886 0.0171875 0.06527777777777778
0 0.71015625 0.3277777777777778 0.0234375 0.08333333333333333
0 0.70546875 0.3138888888888889 0.0171875 0.06805555555555555
0 0.73125 0.2972222222222222 0.01328125 0.06527777777777778
0 0.8578125 0.3236111111111111 0.01953125 0.075
0 0.8828125 0.3194444444444444 0.02109375 0.08333333333333333
0 0.93046875 0.3194444444444444 0.0234375 0.09027777777777778
0 0.96484375 0.26944444444444443 0.0140625 0.04861111111111111
0 0.9734375 0.27361111111111114 0.01640625 0.058333333333333334
0 0.95390625 0.25833333333333336 0.0078125 0.04027777777777778
0 0.9375 0.25555555555555554 0.01015625 0.044444444444444446
0 0.803125 0.26944444444444443 0.0125 0.04027777777777778
0 0.7921875 0.26944444444444443 0.0125 0.0375