1 0.95625 0.2722222222222222 0.00859375 0.03194444444444444
0 0.6953125 0.5388888888888889 0.053125 0.22916666666666666
0 0.87890625 0.44722222222222224 0.0390625 0.1875
0 0.5765625 0.3138888888888889 0.0125 0.07083333333333333
0 0.60546875 0.28194444444444444 0.0109375 0.05277777777777778
0 0.79375 0.2722222222222222 0.01171875 0.04583333333333333
0 0.90625 0.2833333333333333 0.015625 0.0625
0 0.89453125 0.2861111111111111 0.0109375 0.059722222222222225
0 0.8734375 0.2833333333333333 0.009375 0.04583333333333333
0 0.96875 0.25833333333333336 0.0125 0.04861111111111111
0 0.9515625 0.25555555555555554 0.0125 0.05138888888888889
0 0.47265625 0.9222222222222223 0.1703125 0.15416666666666667