1 0.884375 0.37222222222222223 0.01953125 0.0763888888888889
0 0.76875 0.48055555555555557 0.04375 0.19027777777777777
0 0.390625 0.40694444444444444 0.02890625 0.13055555555555556
0 0.25625 0.4875 0.04296875 0.20833333333333334
2 0.15625 0.8416666666666667 0.13359375 0.31666666666666665
2 0.26875 0.8875 0.109375 0.225
0 0.828125 0.5361111111111111 0.0625 0.25555555555555554
0 0.88828125 0.5277777777777778 0.0765625 0.24583333333333332
0 0.8546875 0.325 0.01640625 0.07361111111111111
0 0.87734375 0.36944444444444446 0.0234375 0.10138888888888889
0 0.8984375 0.3388888888888889 0.021875 0.08333333333333333
0 0.8578125 0.42916666666666664 0.025 0.1527777777777778
0 0.765625 0.3263888888888889 0.0125 0.08055555555555556
0 0.809375 0.3194444444444444 0.01953125 0.07916666666666666
0 0.5515625 0.3055555555555556 0.01171875 0.06527777777777778
0 0.8578125 0.25833333333333336 0.00703125 0.03194444444444444
0 0.86875 0.25833333333333336 0.00703125 0.029166666666666667