1 0.5296875 0.32916666666666666 0.01484375 0.058333333333333334
1 0.98359375 0.5055555555555555 0.0296875 0.05555555555555555
0 0.71640625 0.49166666666666664 0.0421875 0.20972222222222223
2 0.73359375 0.5166666666666667 0.0703125 0.20694444444444443
2 0.79609375 0.5166666666666667 0.0484375 0.2152777777777778
0 0.81875 0.7347222222222223 0.09453125 0.3972222222222222
0 0.2796875 0.75 0.10859375 0.3736111111111111
0 0.28515625 0.7180555555555556 0.0859375 0.325
0 0.42421875 0.33194444444444443 0.0140625 0.075
0 0.87578125 0.5 0.0484375 0.2013888888888889
0 0.903125 0.4888888888888889 0.05546875 0.17777777777777778
0 0.8671875 0.45416666666666666 0.059375 0.19166666666666668
0 0.60625 0.3194444444444444 0.025 0.0763888888888889
0 0.5984375 0.3125 0.01328125 0.075
0 0.72109375 0.30694444444444446 0.0171875 0.08611111111111111
0 0.7390625 0.3194444444444444 0.01953125 0.08472222222222223
0 0.6140625 0.28888888888888886 0.00859375 0.059722222222222225
0 0.6203125 0.2875 0.00703125 0.04722222222222222