1 0.828125 0.55 0.02578125 0.08888888888888889
1 0.80703125 0.5861111111111111 0.0359375 0.09583333333333334
1 0.76328125 0.6805555555555556 0.0734375 0.2222222222222222
1 0.540625 0.30277777777777776 0.01171875 0.0375
0 0.14921875 0.8347222222222223 0.1671875 0.33055555555555555
0 0.23125 0.7638888888888888 0.09921875 0.3486111111111111
2 0.5859375 0.5222222222222223 0.04609375 0.2263888888888889
2 0.49375 0.5916666666666667 0.053125 0.25972222222222224
0 0.4890625 0.5583333333333333 0.05703125 0.26666666666666666
0 0.70625 0.46944444444444444 0.03515625 0.23472222222222222
0 0.70390625 0.5083333333333333 0.0421875 0.21805555555555556
0 0.7578125 0.5222222222222223 0.059375 0.2152777777777778
0 0.825 0.7513888888888889 0.11171875 0.4027777777777778
1 0.725 0.8888888888888888 0.08046875 0.13333333333333333
0 0.490625 0.30833333333333335 0.01328125 0.0625
0 0.55625 0.2972222222222222 0.0125 0.05555555555555555
1 0.55 0.31666666666666665 0.00703125 0.029166666666666667
0 0.59140625 0.31666666666666665 0.0203125 0.05
0 0.67578125 0.29444444444444445 0.0140625 0.06666666666666667
0 0.9703125 0.2972222222222222 0.02578125 0.07222222222222222
0 0.6625 0.2777777777777778 0.00859375 0.05138888888888889
0 0.66953125 0.28194444444444444 0.0078125 0.04722222222222222
0 0.884375 0.25972222222222224 0.00859375 0.041666666666666664