1 0.48046875 0.36666666666666664 0.0171875 0.07222222222222222
0 0.69765625 0.5166666666666667 0.0578125 0.22083333333333333
0 0.2515625 0.8138888888888889 0.08359375 0.34444444444444444
2 0.15703125 0.4847222222222222 0.0390625 0.15833333333333333
0 0.415625 0.42777777777777776 0.053125 0.1736111111111111
0 0.4984375 0.35555555555555557 0.01875 0.10555555555555556
0 0.525 0.3416666666666667 0.01640625 0.08194444444444444
0 0.509375 0.3388888888888889 0.015625 0.08194444444444444
0 0.7234375 0.32083333333333336 0.01484375 0.075
0 0.74296875 0.32083333333333336 0.0171875 0.075
0 0.73515625 0.30694444444444446 0.0140625 0.06388888888888888
0 0.96796875 0.24583333333333332 0.0109375 0.041666666666666664
0 0.7671875 0.2791666666666667 0.01171875 0.05277777777777778