1 0.6234375 0.28888888888888886 0.00703125 0.027777777777777776
0 0.796875 0.5944444444444444 0.075 0.31666666666666665
0 0.33046875 0.5111111111111111 0.0640625 0.20972222222222223
0 0.3515625 0.9333333333333333 0.10234375 0.13194444444444445
0 0.1609375 0.5 0.05234375 0.1625
0 0.703125 0.3402777777777778 0.02734375 0.09722222222222222
0 0.6171875 0.2777777777777778 0.01171875 0.05
0 0.57109375 0.3138888888888889 0.0109375 0.043055555555555555
0 0.7296875 0.28888888888888886 0.01328125 0.059722222222222225
0 0.746875 0.2916666666666667 0.01328125 0.05694444444444444
0 0.7953125 0.25833333333333336 0.01015625 0.04583333333333333