1 0.40625 0.3375 0.01015625 0.075
0 0.484375 0.4388888888888889 0.03046875 0.17916666666666667
0 0.05546875 0.5166666666666667 0.0484375 0.16111111111111112
0 0.64921875 0.5680555555555555 0.0609375 0.2638888888888889
2 0.9140625 0.48333333333333334 0.05859375 0.1736111111111111
2 0.965625 0.49722222222222223 0.046875 0.15694444444444444
0 0.6171875 0.3486111111111111 0.02265625 0.10277777777777777
0 0.4984375 0.33194444444444443 0.01484375 0.08055555555555556
0 0.5890625 0.31805555555555554 0.01796875 0.04722222222222222
0 0.92734375 0.2972222222222222 0.0171875 0.07083333333333333
0 0.94921875 0.29444444444444445 0.0140625 0.06805555555555555
0 0.9625 0.29583333333333334 0.01171875 0.06388888888888888
1 0.93125 0.3 0.00859375 0.027777777777777776
0 0.81015625 0.2722222222222222 0.0078125 0.03888888888888889
0 0.7640625 0.2916666666666667 0.01015625 0.05
0 0.75625 0.2861111111111111 0.01015625 0.059722222222222225
0 0.4 0.3333333333333333 0.01328125 0.0875