1 0.3625 0.4097222222222222 0.034375 0.11944444444444445
1 0.678125 0.5222222222222223 0.04296875 0.1763888888888889
0 0.403125 0.3888888888888889 0.03828125 0.1486111111111111
0 0.52421875 0.37777777777777777 0.0234375 0.12083333333333333
0 0.71953125 0.7916666666666666 0.1078125 0.4125
0 0.696875 0.5555555555555556 0.059375 0.24861111111111112
0 0.9046875 0.4361111111111111 0.04609375 0.17083333333333334
0 0.8671875 0.2916666666666667 0.01484375 0.07361111111111111
0 0.93203125 0.28055555555555556 0.0140625 0.05694444444444444
0 0.6078125 0.2916666666666667 0.0125 0.05
0 0.5875 0.32083333333333336 0.01328125 0.04722222222222222