1 0.0265625 0.6333333333333333 0.053125 0.16666666666666666
0 0.078125 0.6527777777777778 0.07890625 0.2222222222222222
0 0.34921875 0.6958333333333333 0.0640625 0.2861111111111111
0 0.51875 0.7666666666666667 0.07109375 0.34444444444444444
0 0.56953125 0.8305555555555556 0.0859375 0.3388888888888889
0 0.54375 0.39166666666666666 0.025 0.15
0 0.71015625 0.3416666666666667 0.0203125 0.09583333333333334
0 0.7234375 0.3333333333333333 0.015625 0.08888888888888889
0 0.5875 0.30833333333333335 0.01328125 0.07361111111111111
0 0.571875 0.3055555555555556 0.01328125 0.07083333333333333
0 0.5671875 0.29583333333333334 0.01015625 0.06388888888888888
0 0.6390625 0.2777777777777778 0.01015625 0.04583333333333333
0 0.62890625 0.275 0.0109375 0.05