1 0.5546875 0.3055555555555556 0.00859375 0.0375
2 0.784375 0.45555555555555555 0.046875 0.17916666666666667
2 0.8203125 0.5180555555555556 0.04375 0.19722222222222222
0 0.353125 0.9444444444444444 0.12421875 0.1111111111111111
0 0.6140625 0.32222222222222224 0.01875 0.07777777777777778
0 0.57109375 0.3194444444444444 0.0140625 0.043055555555555555
0 0.540625 0.2861111111111111 0.00859375 0.05694444444444444
0 0.54765625 0.2972222222222222 0.0109375 0.05
0 0.625 0.2861111111111111 0.01015625 0.04861111111111111
0 0.8 0.2722222222222222 0.009375 0.044444444444444446
0 0.765625 0.2777777777777778 0.01015625 0.05416666666666667