1 0.80625 0.2708333333333333 0.00859375 0.030555555555555555
0 0.08046875 0.8708333333333333 0.1265625 0.25833333333333336
0 0.05078125 0.9 0.1015625 0.19583333333333333
0 0.65234375 0.5277777777777778 0.0640625 0.21666666666666667
0 0.62578125 0.4847222222222222 0.0453125 0.19722222222222222
0 0.60703125 0.4083333333333333 0.0296875 0.15555555555555556
0 0.54140625 0.28888888888888886 0.0109375 0.0625
0 0.5890625 0.31666666666666665 0.01328125 0.04861111111111111
0 0.6328125 0.34305555555555556 0.02109375 0.09722222222222222
0 0.665625 0.34444444444444444 0.02109375 0.11527777777777778
0 0.7359375 0.2861111111111111 0.01171875 0.05416666666666667
0 0.7453125 0.2833333333333333 0.0125 0.05694444444444444
0 0.7953125 0.2652777777777778 0.01328125 0.04722222222222222