1 0.69375 0.6333333333333333 0.06171875 0.19027777777777777
0 0.6890625 0.47638888888888886 0.04921875 0.1638888888888889
0 0.83046875 0.5555555555555556 0.0546875 0.23194444444444445
0 0.84375 0.4166666666666667 0.034375 0.12222222222222222
0 0.8296875 0.3263888888888889 0.02109375 0.08055555555555556
0 0.5734375 0.30833333333333335 0.015625 0.06666666666666667
0 0.6953125 0.26944444444444443 0.00703125 0.03194444444444444
0 0.690625 0.2652777777777778 0.00703125 0.03611111111111111
0 0.9078125 0.35694444444444445 0.02578125 0.11388888888888889
1 0.88828125 0.375 0.0171875 0.05138888888888889
0 0.94375 0.3277777777777778 0.02265625 0.07777777777777778
0 0.93984375 0.31666666666666665 0.0234375 0.07777777777777778
0 0.903125 0.28888888888888886 0.01484375 0.06111111111111111
0 0.8921875 0.2916666666666667 0.0125 0.06111111111111111
0 0.88515625 0.2833333333333333 0.0171875 0.06111111111111111