1 0.69375 0.40555555555555556 0.02890625 0.11527777777777778
1 0.803125 0.2652777777777778 0.0125 0.041666666666666664
2 0.41171875 0.8458333333333333 0.0859375 0.30833333333333335
0 0.6421875 0.3638888888888889 0.03046875 0.13333333333333333
0 0.55234375 0.30416666666666664 0.0140625 0.06388888888888888
0 0.80625 0.3861111111111111 0.01875 0.1111111111111111
0 0.6765625 0.3888888888888889 0.02421875 0.12777777777777777
0 0.84375 0.35833333333333334 0.02734375 0.10416666666666667
0 0.88359375 0.40694444444444444 0.0296875 0.11388888888888889
0 0.85 0.3 0.0125 0.06111111111111111
0 0.790625 0.26666666666666666 0.00859375 0.05
0 0.89375 0.3111111111111111 0.015625 0.06805555555555555
0 0.90625 0.31666666666666665 0.01328125 0.07222222222222222
0 0.921875 0.31666666666666665 0.015625 0.07361111111111111
0 0.9359375 0.32222222222222224 0.01640625 0.07222222222222222
0 0.9546875 0.3055555555555556 0.015625 0.07916666666666666
0 0.96875 0.31805555555555554 0.01171875 0.08055555555555556
0 0.93125 0.275 0.015625 0.059722222222222225
0 0.94453125 0.2777777777777778 0.0171875 0.06666666666666667
0 0.90625 0.2777777777777778 0.01328125 0.06805555555555555
0 0.89296875 0.2791666666666667 0.0140625 0.06388888888888888
0 0.8296875 0.25972222222222224 0.01015625 0.03611111111111111