1 0.21640625 0.6055555555555555 0.0671875 0.19027777777777777
1 0.8046875 0.6680555555555555 0.071875 0.23055555555555557
1 0.75546875 0.5666666666666667 0.0578125 0.23194444444444445
0 0.1265625 0.6763888888888889 0.1 0.2972222222222222
0 0.29921875 0.5277777777777778 0.0734375 0.2263888888888889
0 0.778125 0.5833333333333334 0.07734375 0.2722222222222222
0 0.40546875 0.3347222222222222 0.0203125 0.09166666666666666
0 0.5 0.325 0.01640625 0.0763888888888889
0 0.5890625 0.3194444444444444 0.01484375 0.04861111111111111
0 0.803125 0.3527777777777778 0.021875 0.1
0 0.85546875 0.3472222222222222 0.0203125 0.08472222222222223
0 0.75703125 0.32222222222222224 0.0140625 0.08472222222222223
0 0.7453125 0.31805555555555554 0.01796875 0.08055555555555556
0 0.9640625 0.3402777777777778 0.021875 0.10833333333333334
0 0.66640625 0.28194444444444444 0.0140625 0.05277777777777778