1 0.91171875 0.4388888888888889 0.0265625 0.07083333333333333
2 0.2671875 0.8916666666666667 0.11015625 0.2125
0 0.96875 0.45555555555555555 0.04296875 0.15416666666666667
0 0.7828125 0.5555555555555556 0.059375 0.2833333333333333
0 0.7546875 0.5 0.04296875 0.20555555555555555
0 0.8390625 0.5027777777777778 0.05703125 0.22916666666666666
0 0.878125 0.5513888888888889 0.08046875 0.25277777777777777
0 0.56328125 0.34444444444444444 0.0234375 0.09027777777777778
0 0.8421875 0.37083333333333335 0.021875 0.09722222222222222
0 0.8921875 0.3861111111111111 0.03046875 0.10972222222222222
0 0.9125 0.30277777777777776 0.01484375 0.07083333333333333
0 0.87421875 0.31805555555555554 0.0171875 0.075
0 0.86875 0.3055555555555556 0.015625 0.06527777777777778
0 0.965625 0.2569444444444444 0.01484375 0.04722222222222222
0 0.9515625 0.25555555555555554 0.01015625 0.04583333333333333
0 0.553125 0.3055555555555556 0.01484375 0.0625