1 0.94375 0.2791666666666667 0.00859375 0.025
0 0.7734375 0.4583333333333333 0.03515625 0.17777777777777778
0 0.878125 0.45 0.03671875 0.18888888888888888
0 0.5140625 0.8833333333333333 0.15625 0.23333333333333334
0 0.546875 0.2916666666666667 0.015625 0.0625
0 0.8765625 0.28888888888888886 0.01484375 0.07083333333333333
0 0.89375 0.29444444444444445 0.01484375 0.06666666666666667
0 0.9328125 0.2638888888888889 0.015625 0.05138888888888889
0 0.953125 0.26944444444444443 0.01328125 0.05138888888888889
0 0.796875 0.28888888888888886 0.01015625 0.05
0 0.6828125 0.2861111111111111 0.0125 0.05