1 0.09296875 0.7638888888888888 0.1171875 0.2763888888888889
2 0.48203125 0.8222222222222222 0.0703125 0.35138888888888886
0 0.33515625 0.9236111111111112 0.0921875 0.1527777777777778
0 0.0453125 0.6625 0.08984375 0.275
0 0.5578125 0.45555555555555555 0.03125 0.20555555555555555
0 0.878125 0.4888888888888889 0.04453125 0.16111111111111112
0 0.940625 0.49583333333333335 0.06328125 0.19166666666666668
0 0.9171875 0.45416666666666666 0.03203125 0.1527777777777778
0 0.9828125 0.48055555555555557 0.03359375 0.16666666666666666
0 0.7203125 0.3194444444444444 0.015625 0.07916666666666666
0 0.5515625 0.3013888888888889 0.01484375 0.06388888888888888
0 0.796875 0.3611111111111111 0.025 0.1
0 0.815625 0.36944444444444446 0.02109375 0.10972222222222222
0 0.83671875 0.38055555555555554 0.0234375 0.1111111111111111
0 0.875 0.4027777777777778 0.02265625 0.11805555555555555
0 0.86328125 0.31666666666666665 0.0171875 0.07916666666666666
0 0.88984375 0.31527777777777777 0.0171875 0.08611111111111111
0 0.91015625 0.30694444444444446 0.0203125 0.08055555555555556
0 0.928125 0.3055555555555556 0.0125 0.08333333333333333
0 0.9609375 0.2708333333333333 0.01328125 0.058333333333333334
0 0.9734375 0.275 0.01328125 0.0625
0 0.7515625 0.2972222222222222 0.0125 0.059722222222222225
0 0.7390625 0.2916666666666667 0.0125 0.0625
0 0.946875 0.25416666666666665 0.01015625 0.041666666666666664
0 0.96015625 0.25555555555555554 0.0109375 0.043055555555555555