1 0.8828125 0.30694444444444446 0.009375 0.05277777777777778
0 0.1390625 0.7833333333333333 0.134375 0.3347222222222222
0 0.8671875 0.4222222222222222 0.05234375 0.16527777777777777
0 0.5515625 0.4027777777777778 0.02890625 0.15555555555555556
0 0.8015625 0.4305555555555556 0.05078125 0.18194444444444444
0 0.7640625 0.425 0.03828125 0.14444444444444443
0 0.4546875 0.4666666666666667 0.05546875 0.23194444444444445
0 0.3046875 0.6166666666666667 0.06171875 0.30972222222222223
0 0.896875 0.3 0.01875 0.06805555555555555
2 0.265625 0.8888888888888888 0.1125 0.2222222222222222
0 0.7359375 0.29444444444444445 0.01796875 0.05416666666666667
0 0.365625 0.7194444444444444 0.084375 0.35138888888888886
0 0.515625 0.35 0.02734375 0.12083333333333333
0 0.7203125 0.2916666666666667 0.015625 0.05555555555555555
0 0.403125 0.4041666666666667 0.03671875 0.14166666666666666
0 0.55 0.3013888888888889 0.0125 0.041666666666666664
0 0.78984375 0.37777777777777777 0.0265625 0.12361111111111112
0 0.8296875 0.3888888888888889 0.028125 0.1375
0 0.421875 0.49722222222222223 0.05546875 0.20555555555555555
0 0.9359375 0.2722222222222222 0.0125 0.05416666666666667
0 0.9078125 0.29444444444444445 0.01171875 0.0625