1 0.7953125 0.2833333333333333 0.009375 0.03194444444444444
0 0.365625 0.4583333333333333 0.05078125 0.18472222222222223
0 0.14140625 0.5861111111111111 0.0765625 0.22361111111111112
0 0.08125 0.6444444444444445 0.09921875 0.2569444444444444
0 0.56875 0.31666666666666665 0.01484375 0.044444444444444446
0 0.8125 0.3611111111111111 0.01875 0.1111111111111111
0 0.92421875 0.275 0.0140625 0.05416666666666667
0 0.95 0.24861111111111112 0.00859375 0.041666666666666664
0 0.959375 0.2513888888888889 0.00859375 0.041666666666666664
0 0.9703125 0.24861111111111112 0.00859375 0.04722222222222222
0 0.8640625 0.28194444444444444 0.01328125 0.05277777777777778
0 0.71796875 0.2611111111111111 0.0078125 0.03194444444444444