1 0.69453125 0.7527777777777778 0.0546875 0.21805555555555556
1 0.6109375 0.8527777777777777 0.07890625 0.27361111111111114
1 0.6046875 0.2847222222222222 0.00703125 0.025
2 0.1234375 0.7194444444444444 0.08828125 0.2902777777777778
2 0.3046875 0.6027777777777777 0.0625 0.2569444444444444
0 0.1703125 0.6527777777777778 0.09375 0.2722222222222222
0 0.5625 0.5944444444444444 0.06328125 0.2763888888888889
0 0.625 0.5444444444444444 0.04765625 0.2763888888888889
0 0.63203125 0.6375 0.0578125 0.28055555555555556
0 0.859375 0.6291666666666667 0.08203125 0.3416666666666667
1 0.7984375 0.6861111111111111 0.06015625 0.10555555555555556
0 0.5390625 0.2916666666666667 0.01171875 0.05138888888888889
0 0.590625 0.31805555555555554 0.01875 0.04722222222222222
0 0.6171875 0.2875 0.01328125 0.05277777777777778
0 0.63046875 0.28888888888888886 0.0140625 0.05694444444444444
0 0.86875 0.25555555555555554 0.009375 0.034722222222222224