1 0.6390625 0.2861111111111111 0.00625 0.020833333333333332
0 0.5203125 0.7805555555555556 0.07109375 0.43194444444444446
0 0.07890625 0.6166666666666667 0.0703125 0.2388888888888889
0 0.28125 0.45694444444444443 0.03203125 0.15833333333333333
0 0.3484375 0.9277777777777778 0.1125 0.14305555555555555
0 0.81640625 0.37777777777777777 0.0234375 0.11805555555555555
0 0.56875 0.32083333333333336 0.01484375 0.04722222222222222
0 0.63125 0.275 0.009375 0.044444444444444446
0 0.71328125 0.2916666666666667 0.0140625 0.05694444444444444
0 0.734375 0.29444444444444445 0.0125 0.06111111111111111
0 0.6765625 0.2722222222222222 0.009375 0.04027777777777778