1 0.76640625 0.29305555555555557 0.0078125 0.03611111111111111
0 0.7015625 0.7555555555555555 0.078125 0.4166666666666667
1 0.5953125 0.9222222222222223 0.10703125 0.14583333333333334
0 0.8609375 0.42777777777777776 0.040625 0.15138888888888888
0 0.2875 0.4083333333333333 0.025 0.13472222222222222
0 0.29765625 0.4222222222222222 0.0296875 0.13333333333333333
0 0.67734375 0.31666666666666665 0.0203125 0.09583333333333334
0 0.6609375 0.31666666666666665 0.01796875 0.0763888888888889
0 0.5921875 0.31527777777777777 0.01875 0.05277777777777778
0 0.75234375 0.28055555555555556 0.0109375 0.04583333333333333
0 0.64453125 0.26944444444444443 0.0078125 0.03888888888888889