1 0.6359375 0.31666666666666665 0.009375 0.04861111111111111
0 0.3390625 0.36666666666666664 0.02734375 0.10138888888888889
0 0.496875 0.4847222222222222 0.04296875 0.20833333333333334
0 0.546875 0.4888888888888889 0.05625 0.23333333333333334
0 0.725 0.7916666666666666 0.10390625 0.4166666666666667
1 0.58515625 0.8972222222222223 0.0796875 0.11805555555555555
2 0.9109375 0.49166666666666664 0.04765625 0.18472222222222223
2 0.859375 0.4888888888888889 0.05 0.1736111111111111
0 0.84921875 0.46111111111111114 0.0453125 0.16527777777777777
0 0.5578125 0.29583333333333334 0.01015625 0.058333333333333334
0 0.5703125 0.2972222222222222 0.01484375 0.05416666666666667
0 0.5921875 0.3194444444444444 0.01796875 0.05
0 0.646875 0.30833333333333335 0.01640625 0.07083333333333333
0 0.66796875 0.30972222222222223 0.0171875 0.06944444444444445
0 0.8328125 0.3347222222222222 0.03046875 0.09722222222222222
0 0.8625 0.34444444444444444 0.02578125 0.0875
0 0.896875 0.2916666666666667 0.01796875 0.06666666666666667