1 0.746875 0.6263888888888889 0.059375 0.1361111111111111
1 0.6296875 0.8527777777777777 0.07421875 0.24861111111111112
1 0.609375 0.7694444444444445 0.06015625 0.1986111111111111
2 0.46328125 0.5597222222222222 0.0640625 0.24722222222222223
0 0.15859375 0.8291666666666667 0.1859375 0.3416666666666667
0 0.1984375 0.7597222222222222 0.10703125 0.33055555555555555
2 0.325 0.6541666666666667 0.06328125 0.275
0 0.33671875 0.5958333333333333 0.0671875 0.25277777777777777
0 0.640625 0.5277777777777778 0.04765625 0.2513888888888889
0 0.65625 0.48333333333333334 0.04296875 0.22916666666666666
0 0.7265625 0.5944444444444444 0.07265625 0.2388888888888889
0 0.834375 0.6625 0.08671875 0.35833333333333334
1 0.784375 0.7791666666666667 0.0625 0.13055555555555556
0 0.51875 0.3 0.01171875 0.06111111111111111
0 0.575 0.2972222222222222 0.009375 0.044444444444444446
1 0.57578125 0.30972222222222223 0.0078125 0.025
0 0.6359375 0.2861111111111111 0.01640625 0.0625
0 0.66015625 0.2861111111111111 0.0140625 0.0625
0 0.68125 0.26944444444444443 0.00703125 0.04027777777777778
0 0.734375 0.2638888888888889 0.00625 0.0375
0 0.753125 0.2625 0.00703125 0.03611111111111111
0 0.87578125 0.2569444444444444 0.0078125 0.03611111111111111