1 0.74453125 0.3111111111111111 0.0109375 0.05555555555555555
2 0.36875 0.6444444444444445 0.07890625 0.2722222222222222
2 0.278125 0.8291666666666667 0.109375 0.3416666666666667
0 0.6359375 0.5555555555555556 0.05 0.24027777777777778
0 0.671875 0.4736111111111111 0.03125 0.18055555555555555
0 0.71875 0.5027777777777778 0.040625 0.18888888888888888
0 0.85234375 0.49027777777777776 0.0578125 0.18611111111111112
0 0.8859375 0.4888888888888889 0.03203125 0.18888888888888888
0 0.65 0.3458333333333333 0.02109375 0.09722222222222222
0 0.56953125 0.31805555555555554 0.0140625 0.04722222222222222
0 0.7125 0.29444444444444445 0.01484375 0.07777777777777778
0 0.7265625 0.3 0.01171875 0.06666666666666667
0 0.9078125 0.2722222222222222 0.01328125 0.05555555555555555
0 0.928125 0.2763888888888889 0.01328125 0.05277777777777778
0 0.9390625 0.2722222222222222 0.01328125 0.05
0 0.9578125 0.275 0.01015625 0.05138888888888889
0 0.9703125 0.28055555555555556 0.01171875 0.05
0 0.946875 0.24444444444444444 0.0125 0.043055555555555555
0 0.965625 0.24861111111111112 0.015625 0.04722222222222222
0 0.934375 0.24722222222222223 0.01328125 0.04027777777777778
0 0.8015625 0.25833333333333336 0.009375 0.043055555555555555
0 0.828125 0.25972222222222224 0.00859375 0.041666666666666664