1 0.7171875 0.31805555555555554 0.01484375 0.05277777777777778
0 0.70078125 0.5555555555555556 0.0609375 0.22916666666666666
2 0.42265625 0.8777777777777778 0.1015625 0.24444444444444444
0 0.8625 0.5041666666666667 0.05859375 0.19166666666666668
0 0.79921875 0.48333333333333334 0.0390625 0.17916666666666667
0 0.5046875 0.4722222222222222 0.03203125 0.22361111111111112
1 0.4921875 0.4388888888888889 0.02578125 0.08333333333333333
0 0.5125 0.3388888888888889 0.01640625 0.09027777777777778
0 0.65 0.30416666666666664 0.01484375 0.06944444444444445
0 0.68671875 0.31527777777777777 0.0234375 0.075
0 0.75625 0.28055555555555556 0.01015625 0.04583333333333333
0 0.8 0.29583333333333334 0.01328125 0.058333333333333334
0 0.7875 0.29444444444444445 0.0125 0.05694444444444444