1 0.89375 0.31666666666666665 0.01875 0.059722222222222225
0 0.621875 0.8305555555555556 0.14140625 0.3375
0 0.8609375 0.43333333333333335 0.03671875 0.1486111111111111
0 0.90078125 0.45555555555555555 0.0359375 0.18194444444444444
0 0.9265625 0.41388888888888886 0.02890625 0.12638888888888888
0 0.8515625 0.32222222222222224 0.01640625 0.07222222222222222
0 0.86796875 0.32222222222222224 0.0234375 0.0875
0 0.909375 0.3194444444444444 0.01328125 0.06666666666666667
0 0.9296875 0.2777777777777778 0.01328125 0.05694444444444444
0 0.7875 0.30416666666666664 0.01484375 0.058333333333333334
0 0.7578125 0.3013888888888889 0.01484375 0.05277777777777778
0 0.41015625 0.3333333333333333 0.0171875 0.0875
0 0.67578125 0.2777777777777778 0.0078125 0.04583333333333333
0 0.8046875 0.2569444444444444 0.009375 0.041666666666666664