1 0.859375 0.5027777777777778 0.03046875 0.09027777777777778
0 0.1203125 0.4666666666666667 0.05390625 0.1736111111111111
2 0.81015625 0.6236111111111111 0.0765625 0.2916666666666667
0 0.74453125 0.45 0.0390625 0.17777777777777778
0 0.6953125 0.44166666666666665 0.03046875 0.16111111111111112
0 0.7125 0.31527777777777777 0.02421875 0.08055555555555556
0 0.65625 0.31527777777777777 0.01875 0.06944444444444445
0 0.60390625 0.31666666666666665 0.0140625 0.0763888888888889
0 0.590625 0.3194444444444444 0.01953125 0.05
0 0.615625 0.28888888888888886 0.009375 0.04861111111111111
0 0.6046875 0.28888888888888886 0.01015625 0.05
0 0.790625 0.26944444444444443 0.009375 0.05694444444444444
2 0.8234375 0.5055555555555555 0.03984375 0.18194444444444444