1 0.740625 0.325 0.025 0.07222222222222222
2 0.575 0.5277777777777778 0.053125 0.2263888888888889
2 0.396875 0.8402777777777778 0.09765625 0.3194444444444444
0 0.76796875 0.44305555555555554 0.0359375 0.15833333333333333
0 0.8015625 0.5222222222222223 0.05859375 0.20416666666666666
0 0.8203125 0.4777777777777778 0.0375 0.16805555555555557
0 0.66015625 0.3486111111111111 0.0234375 0.11388888888888889
0 0.5703125 0.31666666666666665 0.015625 0.04583333333333333
0 0.7 0.3125 0.015625 0.08611111111111111
0 0.721875 0.32222222222222224 0.01796875 0.07777777777777778
0 0.8328125 0.2569444444444444 0.009375 0.041666666666666664
0 0.9015625 0.2777777777777778 0.0125 0.05555555555555555
0 0.91875 0.2833333333333333 0.01640625 0.05555555555555555
0 0.9359375 0.2833333333333333 0.01328125 0.05555555555555555
0 0.9484375 0.2861111111111111 0.01171875 0.05416666666666667
0 0.96171875 0.28888888888888886 0.0140625 0.05555555555555555
0 0.9703125 0.25972222222222224 0.01328125 0.05277777777777778
0 0.9578125 0.2611111111111111 0.01328125 0.05416666666666667
0 0.9390625 0.25416666666666665 0.01328125 0.04722222222222222
0 0.9296875 0.25833333333333336 0.01171875 0.04861111111111111