1 0.95078125 0.2722222222222222 0.0078125 0.027777777777777776
0 0.4828125 0.9138888888888889 0.16484375 0.17083333333333334
0 0.734375 0.49166666666666664 0.04375 0.19305555555555556
0 0.878125 0.44722222222222224 0.03828125 0.18472222222222223
0 0.5625 0.3 0.01171875 0.06805555555555555
0 0.79609375 0.28055555555555556 0.0109375 0.04861111111111111
0 0.7734375 0.2791666666666667 0.00859375 0.041666666666666664
1 0.8890625 0.29444444444444445 0.01171875 0.04583333333333333
0 0.90390625 0.2861111111111111 0.0140625 0.0625
0 0.86953125 0.2791666666666667 0.0140625 0.05277777777777778
0 0.88203125 0.28055555555555556 0.0078125 0.05
0 0.96171875 0.2638888888888889 0.0109375 0.05
0 0.9484375 0.2638888888888889 0.0125 0.05
0 0.890625 0.2861111111111111 0.009375 0.05555555555555555
0 0.7609375 0.2611111111111111 0.00703125 0.03194444444444444